# avg	std	min	max
0.03162 0.00000 0.03162 0.03162
0.00590 0.00000 0.00590 0.00590
-0.07850 0.00000 -0.07850 -0.07850
-0.02814 0.00000 -0.02814 -0.02814
-0.05144 0.00000 -0.05144 -0.05144
-0.02312 0.00000 -0.02312 -0.02312
-0.06050 0.00000 -0.06050 -0.06050
-0.01668 0.00000 -0.01668 -0.01668
-0.02052 0.00000 -0.02052 -0.02052
-0.02824 0.00000 -0.02824 -0.02824
-0.04314 0.00000 -0.04314 -0.04314
-0.02890 0.00000 -0.02890 -0.02890
-0.04526 0.00000 -0.04526 -0.04526
-0.00838 0.00000 -0.00838 -0.00838
