# avg	std	min	max
-0.05204 0.00000 -0.05204 -0.05204
-0.02650 0.00000 -0.02650 -0.02650
-0.02382 0.00000 -0.02382 -0.02382
-0.02658 0.00000 -0.02658 -0.02658
-0.02656 0.00000 -0.02656 -0.02656
-0.02646 0.00000 -0.02646 -0.02646
-0.02648 0.00000 -0.02648 -0.02648
-0.02772 0.00000 -0.02772 -0.02772
-0.00020 0.00000 -0.00020 -0.00020
-0.02440 0.00000 -0.02440 -0.02440
-0.02650 0.00000 -0.02650 -0.02650
0.00530 0.00000 0.00530 0.00530
-0.02756 0.00000 -0.02756 -0.02756
-0.02658 0.00000 -0.02658 -0.02658
