# avg	std	min	max
0.24371 0.00000 0.24371 0.24371
0.00000 0.00000 0.00000 0.00000
0.34491 0.00000 0.34491 0.34491
0.09249 0.00000 0.09249 0.09249
0.36359 0.00000 0.36359 0.36359
0.27549 0.00000 0.27549 0.27549
0.14527 0.00000 0.14527 0.14527
0.07469 0.00000 0.07469 0.07469
-0.88200 0.00000 -0.88200 -0.88200
0.14324 0.00000 0.14324 0.14324
0.20896 0.00000 0.20896 0.20896
0.25535 0.00000 0.25535 0.25535
0.12775 0.00000 0.12775 0.12775
0.14141 0.00000 0.14141 0.14141
-0.13702 0.00000 -0.13702 -0.13702
0.19370 0.00000 0.19370 0.19370
-0.35284 0.00000 -0.35284 -0.35284
-0.03355 0.00000 -0.03355 -0.03355
0.11588 0.00000 0.11588 0.11588
0.13091 0.00000 0.13091 0.13091
