# avg	std	min	max
2.11104 0.00000 2.11104 2.11104
-0.00000 0.00000 -0.00000 -0.00000
-0.93308 0.00000 -0.93308 -0.93308
0.98023 0.00000 0.98023 0.98023
1.56937 0.00000 1.56937 1.56937
2.67199 0.00000 2.67199 2.67199
17.38842 0.00000 17.38842 17.38842
31.21660 0.00000 31.21660 31.21660
5.08753 0.00000 5.08753 5.08753
0.88440 0.00000 0.88440 0.88440
-0.06088 0.00000 -0.06088 -0.06088
0.29442 0.00000 0.29442 0.29442
21.25878 0.00000 21.25878 21.25878
4.76646 0.00000 4.76646 4.76646
6.80267 0.00000 6.80267 6.80267
6.61952 0.00000 6.61952 6.61952
9.03271 0.00000 9.03271 9.03271
7.23645 0.00000 7.23645 7.23645
11.98813 0.00000 11.98813 11.98813
13.42094 0.00000 13.42094 13.42094
