# avg	std	min	max
0.71595 0.00000 0.71595 0.71595
0.21487 0.00000 0.21487 0.21487
-0.26372 0.00000 -0.26372 -0.26372
-0.84930 0.00000 -0.84930 -0.84930
-0.51680 0.00000 -0.51680 -0.51680
-0.98960 0.00000 -0.98960 -0.98960
-1.14058 0.00000 -1.14058 -1.14058
0.30870 0.00000 0.30870 0.30870
1.77224 0.00000 1.77224 1.77224
0.50042 0.00000 0.50042 0.50042
0.18811 0.00000 0.18811 0.18811
-0.00179 0.00000 -0.00179 -0.00179
-1.26334 0.00000 -1.26334 -1.26334
0.70440 0.00000 0.70440 0.70440
-0.22260 0.00000 -0.22260 -0.22260
0.69679 0.00000 0.69679 0.69679
-0.06045 0.00000 -0.06045 -0.06045
-0.48936 0.00000 -0.48936 -0.48936
-0.40089 0.00000 -0.40089 -0.40089
-0.24771 0.00000 -0.24771 -0.24771
