# avg	std	min	max
0.28053 0.00000 0.28053 0.28053
1.36898 0.00000 1.36898 1.36898
0.54995 0.00000 0.54995 0.54995
0.28855 0.00000 0.28855 0.28855
0.62138 0.00000 0.62138 0.62138
-0.59286 0.00000 -0.59286 -0.59286
0.44847 0.00000 0.44847 0.44847
1.89066 0.00000 1.89066 1.89066
3.62958 0.00000 3.62958 3.62958
0.45102 0.00000 0.45102 0.45102
0.97471 0.00000 0.97471 0.97471
0.11116 0.00000 0.11116 0.11116
0.51343 0.00000 0.51343 0.51343
0.17089 0.00000 0.17089 0.17089
0.36414 0.00000 0.36414 0.36414
-0.03100 0.00000 -0.03100 -0.03100
0.34225 0.00000 0.34225 0.34225
0.43253 0.00000 0.43253 0.43253
0.29807 0.00000 0.29807 0.29807
0.62357 0.00000 0.62357 0.62357
