# avg	std	min	max
1.23344 0.00000 1.23344 1.23344
0.20956 0.00000 0.20956 0.20956
0.15543 0.00000 0.15543 0.15543
-0.61838 0.00000 -0.61838 -0.61838
-0.17269 0.00000 -0.17269 -0.17269
-0.70055 0.00000 -0.70055 -0.70055
-0.30313 0.00000 -0.30313 -0.30313
0.14405 0.00000 0.14405 0.14405
-0.42943 0.00000 -0.42943 -0.42943
0.54635 0.00000 0.54635 0.54635
0.14065 0.00000 0.14065 0.14065
0.16878 0.00000 0.16878 0.16878
-0.39403 0.00000 -0.39403 -0.39403
0.24536 0.00000 0.24536 0.24536
-0.24408 0.00000 -0.24408 -0.24408
0.42176 0.00000 0.42176 0.42176
0.00021 0.00000 0.00021 0.00021
-0.48201 0.00000 -0.48201 -0.48201
-0.62076 0.00000 -0.62076 -0.62076
0.71333 0.00000 0.71333 0.71333
