# avg	std	min	max
1.18836 0.00000 1.18836 1.18836
-0.05500 0.00000 -0.05500 -0.05500
-0.65153 0.00000 -0.65153 -0.65153
-0.76021 0.00000 -0.76021 -0.76021
-0.84367 0.00000 -0.84367 -0.84367
-1.48767 0.00000 -1.48767 -1.48767
-0.98605 0.00000 -0.98605 -0.98605
-1.69511 0.00000 -1.69511 -1.69511
1.72551 0.00000 1.72551 1.72551
-1.46481 0.00000 -1.46481 -1.46481
-1.22363 0.00000 -1.22363 -1.22363
-0.14546 0.00000 -0.14546 -0.14546
-0.73593 0.00000 -0.73593 -0.73593
0.99688 0.00000 0.99688 0.99688
-0.02384 0.00000 -0.02384 -0.02384
0.97294 0.00000 0.97294 0.97294
0.00000 0.00000 0.00000 0.00000
-0.64817 0.00000 -0.64817 -0.64817
-0.20355 0.00000 -0.20355 -0.20355
0.31209 0.00000 0.31209 0.31209
