# avg	std	min	max
5.80103 0.00000 5.80103 5.80103
4.07212 0.00000 4.07212 4.07212
2.41036 0.00000 2.41036 2.41036
1.41028 0.00000 1.41028 1.41028
2.27408 0.00000 2.27408 2.27408
1.08464 0.00000 1.08464 1.08464
-0.02888 0.00000 -0.02888 -0.02888
1.36654 0.00000 1.36654 1.36654
8.14294 0.00000 8.14294 8.14294
4.06066 0.00000 4.06066 4.06066
2.63467 0.00000 2.63467 2.63467
3.81059 0.00000 3.81059 3.81059
0.79870 0.00000 0.79870 0.79870
4.31309 0.00000 4.31309 4.31309
4.21296 0.00000 4.21296 4.21296
5.86464 0.00000 5.86464 5.86464
5.18154 0.00000 5.18154 5.18154
4.13995 0.00000 4.13995 4.13995
4.57267 0.00000 4.57267 4.57267
2.86971 0.00000 2.86971 2.86971
