# avg	std	min	max
0.00000 0.00000 0.00000 0.00000
1.69529 0.00000 1.69529 1.69529
1.90014 0.00000 1.90014 1.90014
5.88107 0.00000 5.88107 5.88107
5.50661 0.00000 5.50661 5.50661
3.48890 0.00000 3.48890 3.48890
14.00463 0.00000 14.00463 14.00463
13.05366 0.00000 13.05366 13.05366
3.41501 0.00000 3.41501 3.41501
4.15758 0.00000 4.15758 4.15758
6.14469 0.00000 6.14469 6.14469
3.40463 0.00000 3.40463 3.40463
12.27064 0.00000 12.27064 12.27064
4.61905 0.00000 4.61905 4.61905
17.03940 0.00000 17.03940 17.03940
6.70256 0.00000 6.70256 6.70256
9.34625 0.00000 9.34625 9.34625
8.31272 0.00000 8.31272 8.31272
9.68252 0.00000 9.68252 9.68252
14.83196 0.00000 14.83196 14.83196
