# avg	std	min	max
0.00000 0.00000 0.00000 0.00000
0.27602 0.00000 0.27602 0.27602
0.70604 0.00000 0.70604 0.70604
-0.29847 0.00000 -0.29847 -0.29847
0.29037 0.00000 0.29037 0.29037
-1.15798 0.00000 -1.15798 -1.15798
-0.15279 0.00000 -0.15279 -0.15279
-0.07565 0.00000 -0.07565 -0.07565
0.71581 0.00000 0.71581 0.71581
0.41066 0.00000 0.41066 0.41066
0.54370 0.00000 0.54370 0.54370
0.35102 0.00000 0.35102 0.35102
0.38767 0.00000 0.38767 0.38767
0.50735 0.00000 0.50735 0.50735
0.40725 0.00000 0.40725 0.40725
0.52589 0.00000 0.52589 0.52589
0.37476 0.00000 0.37476 0.37476
0.42024 0.00000 0.42024 0.42024
0.52608 0.00000 0.52608 0.52608
0.37046 0.00000 0.37046 0.37046
