# avg	std	min	max
-0.08150 0.00000 -0.08150 -0.08150
-0.66739 0.00000 -0.66739 -0.66739
-0.16072 0.00000 -0.16072 -0.16072
-0.38881 0.00000 -0.38881 -0.38881
-0.58928 0.00000 -0.58928 -0.58928
-0.57629 0.00000 -0.57629 -0.57629
-0.38332 0.00000 -0.38332 -0.38332
-0.21142 0.00000 -0.21142 -0.21142
0.07206 0.00000 0.07206 0.07206
-0.84755 0.00000 -0.84755 -0.84755
0.47712 0.00000 0.47712 0.47712
-0.33035 0.00000 -0.33035 -0.33035
-0.37110 0.00000 -0.37110 -0.37110
-0.36750 0.00000 -0.36750 -0.36750
-0.47399 0.00000 -0.47399 -0.47399
-0.19862 0.00000 -0.19862 -0.19862
-0.02363 0.00000 -0.02363 -0.02363
-1.15310 0.00000 -1.15310 -1.15310
-1.41238 0.00000 -1.41238 -1.41238
-0.11161 0.00000 -0.11161 -0.11161
