# avg	std	min	max
2.25638 0.00000 2.25638 2.25638
1.31308 0.00000 1.31308 1.31308
1.10992 0.00000 1.10992 1.10992
-0.60458 0.00000 -0.60458 -0.60458
1.64888 0.00000 1.64888 1.64888
-0.14806 0.00000 -0.14806 -0.14806
0.40002 0.00000 0.40002 0.40002
3.02889 0.00000 3.02889 3.02889
4.10815 0.00000 4.10815 4.10815
0.81814 0.00000 0.81814 0.81814
-0.17387 0.00000 -0.17387 -0.17387
0.84773 0.00000 0.84773 0.84773
1.10436 0.00000 1.10436 1.10436
0.61918 0.00000 0.61918 0.61918
1.37768 0.00000 1.37768 1.37768
4.39066 0.00000 4.39066 4.39066
3.90546 0.00000 3.90546 3.90546
-0.10769 0.00000 -0.10769 -0.10769
0.53919 0.00000 0.53919 0.53919
-0.01593 0.00000 -0.01593 -0.01593
