# avg	std	min	max
1.54652 0.00000 1.54652 1.54652
1.08212 0.00000 1.08212 1.08212
0.33800 0.00000 0.33800 0.33800
0.70734 0.00000 0.70734 0.70734
0.00089 0.00000 0.00089 0.00089
0.54747 0.00000 0.54747 0.54747
0.49132 0.00000 0.49132 0.49132
1.05451 0.00000 1.05451 1.05451
5.31399 0.00000 5.31399 5.31399
1.46926 0.00000 1.46926 1.46926
0.97179 0.00000 0.97179 0.97179
0.98063 0.00000 0.98063 0.98063
0.82711 0.00000 0.82711 0.82711
1.22725 0.00000 1.22725 1.22725
1.07363 0.00000 1.07363 1.07363
1.84637 0.00000 1.84637 1.84637
1.54896 0.00000 1.54896 1.54896
0.88871 0.00000 0.88871 0.88871
1.08067 0.00000 1.08067 1.08067
1.40929 0.00000 1.40929 1.40929
