# avg	std	min	max
2.18110 0.00000 2.18110 2.18110
0.96423 0.00000 0.96423 0.96423
0.29133 0.00000 0.29133 0.29133
0.05271 0.00000 0.05271 0.05271
-0.25150 0.00000 -0.25150 -0.25150
-0.29299 0.00000 -0.29299 -0.29299
-0.38348 0.00000 -0.38348 -0.38348
0.43342 0.00000 0.43342 0.43342
2.22583 0.00000 2.22583 2.22583
1.09597 0.00000 1.09597 1.09597
0.86403 0.00000 0.86403 0.86403
0.73891 0.00000 0.73891 0.73891
-0.29288 0.00000 -0.29288 -0.29288
0.49004 0.00000 0.49004 0.49004
0.23639 0.00000 0.23639 0.23639
1.24342 0.00000 1.24342 1.24342
0.40982 0.00000 0.40982 0.40982
-0.00340 0.00000 -0.00340 -0.00340
0.02749 0.00000 0.02749 0.02749
0.98721 0.00000 0.98721 0.98721
