# avg	std	min	max
5.28589 0.00000 5.28589 5.28589
3.33384 0.00000 3.33384 3.33384
0.35745 0.00000 0.35745 0.35745
-0.00706 0.00000 -0.00706 -0.00706
1.08893 0.00000 1.08893 1.08893
-0.60402 0.00000 -0.60402 -0.60402
1.29292 0.00000 1.29292 1.29292
3.33083 0.00000 3.33083 3.33083
5.99911 0.00000 5.99911 5.99911
3.43686 0.00000 3.43686 3.43686
1.71343 0.00000 1.71343 1.71343
2.69192 0.00000 2.69192 2.69192
2.05635 0.00000 2.05635 2.05635
2.67996 0.00000 2.67996 2.67996
2.02384 0.00000 2.02384 2.02384
2.65364 0.00000 2.65364 2.65364
1.80174 0.00000 1.80174 1.80174
2.79859 0.00000 2.79859 2.79859
3.14288 0.00000 3.14288 3.14288
1.72997 0.00000 1.72997 1.72997
