# avg	std	min	max
1.86969 0.00000 1.86969 1.86969
1.35547 0.00000 1.35547 1.35547
1.76589 0.00000 1.76589 1.76589
0.96485 0.00000 0.96485 0.96485
0.85444 0.00000 0.85444 0.85444
0.48839 0.00000 0.48839 0.48839
0.74874 0.00000 0.74874 0.74874
0.59328 0.00000 0.59328 0.59328
-0.00151 0.00000 -0.00151 -0.00151
1.76756 0.00000 1.76756 1.76756
1.65947 0.00000 1.65947 1.65947
1.74346 0.00000 1.74346 1.74346
0.90452 0.00000 0.90452 0.90452
1.66998 0.00000 1.66998 1.66998
1.04426 0.00000 1.04426 1.04426
1.88867 0.00000 1.88867 1.88867
1.43588 0.00000 1.43588 1.43588
1.01661 0.00000 1.01661 1.01661
1.14946 0.00000 1.14946 1.14946
1.52372 0.00000 1.52372 1.52372
