# avg	std	min	max
4.44270 0.00000 4.44270 4.44270
3.22575 0.00000 3.22575 3.22575
3.16598 0.00000 3.16598 3.16598
2.47196 0.00000 2.47196 2.47196
2.86997 0.00000 2.86997 2.86997
2.50300 0.00000 2.50300 2.50300
1.85979 0.00000 1.85979 1.85979
3.27436 0.00000 3.27436 3.27436
-0.00261 0.00000 -0.00261 -0.00261
3.85215 0.00000 3.85215 3.85215
4.50197 0.00000 4.50197 4.50197
3.34005 0.00000 3.34005 3.34005
2.32845 0.00000 2.32845 2.32845
3.38779 0.00000 3.38779 3.38779
3.72422 0.00000 3.72422 3.72422
3.86837 0.00000 3.86837 3.86837
3.62594 0.00000 3.62594 3.62594
3.14793 0.00000 3.14793 3.14793
3.32786 0.00000 3.32786 3.32786
3.24962 0.00000 3.24962 3.24962
