# avg	std	min	max
2.09764 0.00000 2.09764 2.09764
1.43712 0.00000 1.43712 1.43712
2.00033 0.00000 2.00033 2.00033
0.75871 0.00000 0.75871 0.75871
1.67581 0.00000 1.67581 1.67581
1.23137 0.00000 1.23137 1.23137
1.64057 0.00000 1.64057 1.64057
1.80543 0.00000 1.80543 1.80543
0.00384 0.00000 0.00384 0.00384
2.12652 0.00000 2.12652 2.12652
2.02322 0.00000 2.02322 2.02322
1.93182 0.00000 1.93182 1.93182
1.64533 0.00000 1.64533 1.64533
2.25569 0.00000 2.25569 2.25569
1.54101 0.00000 1.54101 1.54101
2.71411 0.00000 2.71411 2.71411
1.49568 0.00000 1.49568 1.49568
1.03278 0.00000 1.03278 1.03278
1.33919 0.00000 1.33919 1.33919
2.39145 0.00000 2.39145 2.39145
