# avg	std	min	max
1.04579 0.00000 1.04579 1.04579
0.75454 0.00000 0.75454 0.75454
1.18584 0.00000 1.18584 1.18584
0.78712 0.00000 0.78712 0.78712
0.86976 0.00000 0.86976 0.86976
0.85849 0.00000 0.85849 0.85849
1.03062 0.00000 1.03062 1.03062
1.05955 0.00000 1.05955 1.05955
-0.00038 0.00000 -0.00038 -0.00038
0.99556 0.00000 0.99556 0.99556
1.02445 0.00000 1.02445 1.02445
1.08235 0.00000 1.08235 1.08235
1.02543 0.00000 1.02543 1.02543
0.97529 0.00000 0.97529 0.97529
0.54688 0.00000 0.54688 0.54688
1.11482 0.00000 1.11482 1.11482
0.95086 0.00000 0.95086 0.95086
0.72719 0.00000 0.72719 0.72719
0.58602 0.00000 0.58602 0.58602
1.23074 0.00000 1.23074 1.23074
