# avg	std	min	max
1.56271 0.00000 1.56271 1.56271
1.10596 0.00000 1.10596 1.10596
-0.01248 0.00000 -0.01248 -0.01248
-0.85318 0.00000 -0.85318 -0.85318
-0.54415 0.00000 -0.54415 -0.54415
-1.00338 0.00000 -1.00338 -1.00338
1.11486 0.00000 1.11486 1.11486
0.81783 0.00000 0.81783 0.81783
2.38190 0.00000 2.38190 2.38190
1.00022 0.00000 1.00022 1.00022
0.47837 0.00000 0.47837 0.47837
0.19320 0.00000 0.19320 0.19320
1.07151 0.00000 1.07151 1.07151
0.90927 0.00000 0.90927 0.90927
-0.00134 0.00000 -0.00134 -0.00134
1.06945 0.00000 1.06945 1.06945
0.58444 0.00000 0.58444 0.58444
-0.46268 0.00000 -0.46268 -0.46268
-0.29412 0.00000 -0.29412 -0.29412
0.96775 0.00000 0.96775 0.96775
