# avg	std	min	max
1.91975 0.00000 1.91975 1.91975
0.93310 0.00000 0.93310 0.93310
0.16869 0.00000 0.16869 0.16869
-0.59600 0.00000 -0.59600 -0.59600
-0.47069 0.00000 -0.47069 -0.47069
-0.88193 0.00000 -0.88193 -0.88193
0.18406 0.00000 0.18406 0.18406
-0.06032 0.00000 -0.06032 -0.06032
3.69587 0.00000 3.69587 3.69587
1.31220 0.00000 1.31220 1.31220
1.47206 0.00000 1.47206 1.47206
0.96598 0.00000 0.96598 0.96598
0.23620 0.00000 0.23620 0.23620
1.46933 0.00000 1.46933 1.46933
0.43968 0.00000 0.43968 0.43968
1.68863 0.00000 1.68863 1.68863
0.89050 0.00000 0.89050 0.89050
-0.10775 0.00000 -0.10775 -0.10775
-0.03014 0.00000 -0.03014 -0.03014
1.21722 0.00000 1.21722 1.21722
