# avg	std	min	max
1.32950 0.00000 1.32950 1.32950
0.57830 0.00000 0.57830 0.57830
0.33411 0.00000 0.33411 0.33411
-0.36050 0.00000 -0.36050 -0.36050
-0.30545 0.00000 -0.30545 -0.30545
-0.40934 0.00000 -0.40934 -0.40934
0.27884 0.00000 0.27884 0.27884
0.42916 0.00000 0.42916 0.42916
2.48289 0.00000 2.48289 2.48289
0.87545 0.00000 0.87545 0.87545
0.63249 0.00000 0.63249 0.63249
0.50366 0.00000 0.50366 0.50366
0.38328 0.00000 0.38328 0.38328
0.76699 0.00000 0.76699 0.76699
0.26799 0.00000 0.26799 0.26799
0.82257 0.00000 0.82257 0.82257
0.72883 0.00000 0.72883 0.72883
-0.05670 0.00000 -0.05670 -0.05670
-0.01213 0.00000 -0.01213 -0.01213
0.71101 0.00000 0.71101 0.71101
