# avg	std	min	max
0.66100 0.00000 0.66100 0.66100
0.25668 0.00000 0.25668 0.25668
1.52785 0.00000 1.52785 1.52785
-0.46410 0.00000 -0.46410 -0.46410
0.74349 0.00000 0.74349 0.74349
-0.61022 0.00000 -0.61022 -0.61022
-0.48367 0.00000 -0.48367 -0.48367
-0.00741 0.00000 -0.00741 -0.00741
1.90041 0.00000 1.90041 1.90041
-0.00472 0.00000 -0.00472 -0.00472
0.41713 0.00000 0.41713 0.41713
0.81024 0.00000 0.81024 0.81024
-0.74766 0.00000 -0.74766 -0.74766
0.39901 0.00000 0.39901 0.39901
0.37111 0.00000 0.37111 0.37111
0.59769 0.00000 0.59769 0.59769
0.37874 0.00000 0.37874 0.37874
-0.26770 0.00000 -0.26770 -0.26770
-0.12907 0.00000 -0.12907 -0.12907
0.48882 0.00000 0.48882 0.48882
