# avg	std	min	max
0.18243 0.00000 0.18243 0.18243
-0.12227 0.00000 -0.12227 -0.12227
-0.31503 0.00000 -0.31503 -0.31503
-0.87213 0.00000 -0.87213 -0.87213
-0.60565 0.00000 -0.60565 -0.60565
-1.33014 0.00000 -1.33014 -1.33014
-0.85966 0.00000 -0.85966 -0.85966
-0.60207 0.00000 -0.60207 -0.60207
2.76169 0.00000 2.76169 2.76169
-0.00008 0.00000 -0.00008 -0.00008
-0.21330 0.00000 -0.21330 -0.21330
-0.33030 0.00000 -0.33030 -0.33030
-0.60648 0.00000 -0.60648 -0.60648
0.22514 0.00000 0.22514 0.22514
-0.18902 0.00000 -0.18902 -0.18902
0.31349 0.00000 0.31349 0.31349
-0.08006 0.00000 -0.08006 -0.08006
-0.90391 0.00000 -0.90391 -0.90391
-0.52149 0.00000 -0.52149 -0.52149
0.10487 0.00000 0.10487 0.10487
