# avg	std	min	max
1.06776 0.00000 1.06776 1.06776
0.39596 0.00000 0.39596 0.39596
0.00047 0.00000 0.00047 0.00047
-0.51798 0.00000 -0.51798 -0.51798
-0.80476 0.00000 -0.80476 -0.80476
-0.88434 0.00000 -0.88434 -0.88434
-0.24307 0.00000 -0.24307 -0.24307
-0.36558 0.00000 -0.36558 -0.36558
3.76977 0.00000 3.76977 3.76977
0.39033 0.00000 0.39033 0.39033
-0.00183 0.00000 -0.00183 -0.00183
0.23610 0.00000 0.23610 0.23610
-0.08948 0.00000 -0.08948 -0.08948
0.55623 0.00000 0.55623 0.55623
0.27787 0.00000 0.27787 0.27787
0.61435 0.00000 0.61435 0.61435
0.24696 0.00000 0.24696 0.24696
-0.04166 0.00000 -0.04166 -0.04166
-0.21243 0.00000 -0.21243 -0.21243
0.45736 0.00000 0.45736 0.45736
