# avg	std	min	max
1.68929 0.00000 1.68929 1.68929
0.56734 0.00000 0.56734 0.56734
-0.76175 0.00000 -0.76175 -0.76175
-0.94168 0.00000 -0.94168 -0.94168
-1.33016 0.00000 -1.33016 -1.33016
-0.39898 0.00000 -0.39898 -0.39898
0.74563 0.00000 0.74563 0.74563
1.92572 0.00000 1.92572 1.92572
3.53814 0.00000 3.53814 3.53814
0.86553 0.00000 0.86553 0.86553
-0.00061 0.00000 -0.00061 -0.00061
0.50990 0.00000 0.50990 0.50990
1.15892 0.00000 1.15892 1.15892
0.06100 0.00000 0.06100 0.06100
0.00421 0.00000 0.00421 0.00421
2.60738 0.00000 2.60738 2.60738
0.89674 0.00000 0.89674 0.89674
-0.39329 0.00000 -0.39329 -0.39329
-0.81176 0.00000 -0.81176 -0.81176
1.78948 0.00000 1.78948 1.78948
