# avg	std	min	max
0.14722 0.00000 0.14722 0.14722
-0.24359 0.00000 -0.24359 -0.24359
0.02588 0.00000 0.02588 0.02588
-0.87622 0.00000 -0.87622 -0.87622
-0.51048 0.00000 -0.51048 -0.51048
-1.47442 0.00000 -1.47442 -1.47442
-1.13255 0.00000 -1.13255 -1.13255
-1.36684 0.00000 -1.36684 -1.36684
-0.99685 0.00000 -0.99685 -0.99685
-0.08269 0.00000 -0.08269 -0.08269
-0.02725 0.00000 -0.02725 -0.02725
-0.38316 0.00000 -0.38316 -0.38316
-0.94743 0.00000 -0.94743 -0.94743
-0.44643 0.00000 -0.44643 -0.44643
-0.57743 0.00000 -0.57743 -0.57743
-0.04875 0.00000 -0.04875 -0.04875
-0.61833 0.00000 -0.61833 -0.61833
-0.65247 0.00000 -0.65247 -0.65247
-0.79841 0.00000 -0.79841 -0.79841
-0.52521 0.00000 -0.52521 -0.52521
