# avg	std	min	max
0.84041 0.00000 0.84041 0.84041
1.21106 0.00000 1.21106 1.21106
1.73210 0.00000 1.73210 1.73210
0.48041 0.00000 0.48041 0.48041
1.61911 0.00000 1.61911 1.61911
0.40432 0.00000 0.40432 0.40432
0.47406 0.00000 0.47406 0.47406
0.45398 0.00000 0.45398 0.45398
2.39306 0.00000 2.39306 2.39306
-0.66635 0.00000 -0.66635 -0.66635
-0.00584 0.00000 -0.00584 -0.00584
1.29924 0.00000 1.29924 1.29924
0.46202 0.00000 0.46202 0.46202
0.74478 0.00000 0.74478 0.74478
0.87491 0.00000 0.87491 0.87491
0.96911 0.00000 0.96911 0.96911
0.97572 0.00000 0.97572 0.97572
0.76614 0.00000 0.76614 0.76614
0.87998 0.00000 0.87998 0.87998
1.52213 0.00000 1.52213 1.52213
