# avg	std	min	max
4.85049 0.00000 4.85049 4.85049
3.03691 0.00000 3.03691 3.03691
0.02591 0.00000 0.02591 0.02591
-0.18313 0.00000 -0.18313 -0.18313
-0.07736 0.00000 -0.07736 -0.07736
1.21673 0.00000 1.21673 1.21673
8.23347 0.00000 8.23347 8.23347
19.86130 0.00000 19.86130 19.86130
5.15256 0.00000 5.15256 5.15256
3.38619 0.00000 3.38619 3.38619
1.45051 0.00000 1.45051 1.45051
2.25461 0.00000 2.25461 2.25461
13.83666 0.00000 13.83666 13.83666
2.65564 0.00000 2.65564 2.65564
3.54521 0.00000 3.54521 3.54521
5.21214 0.00000 5.21214 5.21214
5.24051 0.00000 5.24051 5.24051
6.64407 0.00000 6.64407 6.64407
9.60861 0.00000 9.60861 9.60861
5.58692 0.00000 5.58692 5.58692
