# avg	std	min	max
-0.26735 0.00000 -0.26735 -0.26735
-0.16829 0.00000 -0.16829 -0.16829
0.00000 0.00000 0.00000 0.00000
-0.09583 0.00000 -0.09583 -0.09583
-0.01480 0.00000 -0.01480 -0.01480
-0.15242 0.00000 -0.15242 -0.15242
-0.13100 0.00000 -0.13100 -0.13100
-0.17480 0.00000 -0.17480 -0.17480
-0.31720 0.00000 -0.31720 -0.31720
-0.06516 0.00000 -0.06516 -0.06516
-0.12335 0.00000 -0.12335 -0.12335
-0.17789 0.00000 -0.17789 -0.17789
-0.12604 0.00000 -0.12604 -0.12604
-0.14259 0.00000 -0.14259 -0.14259
-0.55675 0.00000 -0.55675 -0.55675
-0.15793 0.00000 -0.15793 -0.15793
-0.17973 0.00000 -0.17973 -0.17973
-0.50829 0.00000 -0.50829 -0.50829
-0.69670 0.00000 -0.69670 -0.69670
-0.40306 0.00000 -0.40306 -0.40306
