# DDG
0.276
0.706
-0.298
0.290
-1.158
-0.153
-0.076
0.716
0.411
0.544
0.351
0.388
0.507
0.407
0.526
0.375
0.420
0.526
0.370
0.246
-0.025
-0.053
0.055
0.008
-0.014
-0.037
0.204
0.091
-0.029
0.095
0.036
0.135
-0.420
-0.051
0.041
-0.585
-0.683
0.108
1.213
0.322
-0.490
-0.568
0.029
-0.731
0.080
-0.024
2.097
0.181
-0.203
0.037
0.932
0.282
1.068
0.672
-0.044
-0.056
0.910
0.605
0.228
0.155
-0.530
-0.200
-0.335
-0.156
0.014
2.996
0.338
0.014
0.100
-0.212
0.384
-0.111
0.551
-0.207
-0.247
0.340
2.385
1.639
0.959
-0.377
-0.302
2.046
1.967
2.777
2.036
1.417
1.150
1.955
1.916
0.404
1.881
0.420
0.606
0.904
2.223
1.329
0.578
0.334
-0.360
-0.305
-0.409
0.279
0.429
2.483
0.875
0.632
0.504
0.383
0.767
0.268
0.823
0.729
-0.057
0.711
1.563
1.106
-0.012
-0.853
-0.544
-1.003
1.115
0.818
2.382
1.000
0.478
0.193
1.072
0.909
1.069
0.584
-0.463
-0.294
0.968
0.840
1.211
1.732
0.480
1.619
0.404
0.474
0.454
2.393
-0.666
1.299
0.462
0.745
0.875
0.969
0.976
0.766
0.880
1.522
0.199
0.332
0.094
0.264
0.069
0.040
0.016
-0.730
0.296
0.261
0.436
0.169
0.115
-0.561
0.385
0.267
-0.196
-0.155
0.430
0.781
0.581
0.528
0.029
0.500
0.199
-0.940
1.034
1.360
0.693
0.999
0.612
-0.686
0.335
0.542
0.374
0.292
0.552
0.985
1.505
0.828
0.441
-0.648
-0.005
-0.833
-0.912
-0.458
5.096
1.240
0.882
0.720
-1.042
0.725
0.564
2.622
1.380
-0.488
0.104
8.072
6.435
4.265
4.010
3.527
2.808
1.974
8.761
7.530
6.096
6.211
2.637
6.691
5.946
7.627
6.986
5.422
5.857
5.680
1.896
0.801
-0.202
0.068
-0.460
0.042
2.170
3.223
4.359
1.252
0.602
1.297
2.958
1.845
1.148
3.055
1.554
0.237
1.482
4.789
2.597
2.286
1.541
-0.204
5.049
11.882
5.891
3.945
2.509
2.146
8.411
2.317
3.715
3.779
2.586
5.950
8.241
8.176
0.834
-0.172
-0.754
-1.564
-1.647
-1.471
-0.923
-0.107
2.139
-0.239
-0.496
-1.340
-0.637
-1.179
-0.739
-0.709
-1.437
-1.632
-0.381
5.286
3.334
0.357
1.089
-0.604
1.293
3.331
5.999
3.437
1.713
2.692
2.056
2.680
2.024
2.654
1.802
2.799
3.143
1.730
1.592
1.093
0.914
0.408
0.215
0.461
0.553
0.479
1.977
1.783
1.675
1.099
0.431
0.883
0.754
0.579
0.143
0.706
1.493
4.543
2.746
1.081
1.879
2.040
6.127
12.739
6.634
4.243
2.766
1.971
8.187
3.190
5.160
4.014
5.333
5.178
6.531
9.027
-0.020
-0.276
-0.204
-0.679
0.462
-0.262
-0.158
0.309
-1.075
-0.148
-0.260
-0.137
-0.080
-0.614
0.285
0.081
-0.733
-1.130
0.358
-0.082
-0.667
-0.161
-0.389
-0.589
-0.576
-0.383
-0.211
0.072
-0.848
0.477
-0.330
-0.371
-0.367
-0.474
-0.199
-0.024
-1.153
-1.412
5.801
4.072
2.410
1.410
2.274
1.085
1.367
8.143
4.061
2.635
3.811
0.799
4.313
4.213
5.865
5.182
4.140
4.573
2.870
0.768
0.904
-0.085
0.319
-0.105
0.002
0.323
0.390
0.813
1.296
0.498
0.081
0.299
0.351
0.880
0.529
-0.060
-0.148
0.477
1.870
1.355
1.766
0.965
0.854
0.488
0.749
0.593
1.768
1.659
1.743
0.905
1.670
1.044
1.889
1.436
1.017
1.149
1.524
0.547
0.163
0.176
-0.396
-0.151
-0.407
-0.118
-0.367
-0.053
0.336
0.560
0.269
-0.229
0.332
0.011
0.316
-0.476
-0.401
0.344
1.513
0.349
2.255
-1.582
2.490
-0.891
-1.275
0.792
-0.318
0.320
0.680
-0.352
-0.865
-0.089
-0.427
1.877
-0.397
-0.648
0.261
5.528
3.967
1.727
0.551
0.059
3.891
6.964
6.794
3.883
2.454
3.111
5.113
3.004
2.812
6.005
4.716
2.167
3.440
7.090
1.068
0.396
0.000
-0.518
-0.805
-0.884
-0.243
-0.366
3.770
0.390
0.236
-0.089
0.556
0.278
0.614
0.247
-0.042
-0.212
0.457
3.749
2.472
0.002
-0.453
-0.865
1.778
1.769
3.381
3.238
1.803
1.373
1.975
2.487
1.473
2.482
2.304
1.675
1.558
1.901
0.888
0.629
0.384
-0.217
0.116
-0.534
0.033
0.195
3.770
0.693
0.780
0.443
0.055
0.699
0.049
1.086
0.285
-0.147
0.649
1.900
0.695
-1.502
1.056
-1.951
-1.508
-0.229
-0.635
1.668
1.446
-0.134
-0.220
0.935
-0.110
1.748
0.920
0.215
-0.246
0.706
0.611
0.333
-0.057
-0.486
-0.203
-0.901
-0.924
0.361
2.872
0.252
-0.224
-0.007
-1.391
0.448
0.044
0.572
0.423
0.121
0.263
0.289
0.281
1.677
0.351
3.077
0.337
-0.016
0.245
4.481
0.694
1.018
0.220
-0.038
0.181
0.105
0.158
0.026
0.294
0.169
3.029
4.043
1.255
3.558
1.236
1.943
1.856
5.048
3.107
3.485
2.377
1.830
1.690
2.042
2.659
2.778
2.124
1.467
2.578
2.296
1.391
0.095
-0.277
0.183
0.105
1.030
6.502
1.805
0.941
1.145
0.366
1.952
1.232
2.170
1.267
0.674
1.162
1.470
5.880
3.727
-0.361
0.085
1.532
5.230
8.517
2.910
4.670
2.685
2.519
9.031
3.324
5.396
4.464
5.702
5.591
6.942
5.426
1.945
0.659
-1.489
-1.699
-2.291
-1.710
1.203
1.908
3.398
1.451
-0.183
0.334
2.065
-0.370
-0.209
1.033
-0.637
-0.893
2.191
7.186
5.504
1.658
1.257
0.881
5.770
12.392
6.444
6.291
4.052
4.454
5.836
4.809
4.455
6.009
4.883
5.410
8.866
5.471
1.689
0.567
-0.762
-0.942
-1.330
-0.399
0.746
1.926
3.538
0.866
0.510
1.159
0.061
0.004
2.607
0.897
-0.393
-0.812
1.789
1.695
1.900
5.881
5.507
3.489
14.005
13.054
3.415
4.158
6.145
3.405
12.271
4.619
17.039
6.703
9.346
8.313
9.683
14.832
2.181
0.964
0.291
0.053
-0.252
-0.293
-0.383
0.433
2.226
1.096
0.864
0.739
-0.293
0.490
0.236
1.243
0.410
0.027
0.987
2.256
1.313
1.110
-0.605
1.649
-0.148
0.400
3.029
4.108
0.818
-0.174
0.848
1.104
0.619
1.378
4.391
3.905
-0.108
0.539
-0.115
-0.180
0.226
-0.026
0.558
-0.218
0.052
-0.184
-1.885
-0.093
0.516
0.216
0.098
0.225
-0.118
0.030
-0.039
-0.722
0.208
1.233
0.210
0.155
-0.618
-0.173
-0.701
-0.303
0.144
-0.429
0.546
0.141
0.169
-0.394
0.245
-0.244
0.422
-0.482
-0.621
0.713
1.065
0.702
0.459
0.519
0.219
0.159
0.205
0.971
6.257
0.256
0.407
0.076
0.363
0.975
0.441
1.456
0.854
0.136
0.677
0.394
0.348
0.778
0.009
0.652
-0.598
-0.176
-0.106
-0.936
0.887
0.741
0.103
0.040
-0.272
0.901
-0.418
-0.317
-0.546
-0.205
0.281
1.369
0.550
0.289
0.621
-0.593
0.448
1.891
3.630
0.451
0.975
0.111
0.513
0.171
0.364
0.342
0.433
0.298
0.624
0.296
-0.274
0.347
-0.066
0.274
0.009
0.268
0.406
0.055
0.158
0.297
0.441
0.268
-0.288
-0.528
0.184
-0.213
-0.312
0.210
0.436
0.364
0.346
-0.108
-0.083
-0.098
-0.789
-0.462
0.845
0.344
0.417
0.321
-0.282
0.004
-0.218
0.416
0.454
-0.092
-0.468
2.419
3.899
2.173
3.616
2.054
1.999
2.192
4.888
2.518
3.742
2.386
2.093
2.367
2.220
2.596
2.449
2.070
1.877
2.391
2.162
0.847
1.267
-0.010
0.697
0.469
-0.187
0.001
2.823
1.551
1.315
0.953
1.458
0.882
1.925
1.163
0.395
0.594
0.904
1.547
1.082
0.338
0.707
0.547
0.491
1.055
5.314
1.469
0.972
0.981
0.827
1.227
1.074
1.846
1.549
0.889
1.081
1.409
0.994
0.400
1.025
-0.009
0.066
-0.616
-0.002
0.140
0.308
0.048
0.239
-0.029
0.794
0.002
1.181
0.588
-0.213
-0.123
0.742
1.920
0.933
0.169
-0.596
-0.471
-0.882
0.184
-0.060
3.696
1.312
1.472
0.966
0.236
1.469
0.440
1.689
0.890
-0.108
1.217
0.716
0.215
-0.264
-0.849
-0.517
-0.990
-1.141
0.309
1.772
0.500
0.188
-1.263
0.704
-0.223
0.697
-0.060
-0.489
-0.401
-0.248
4.832
4.579
3.710
2.230
2.854
1.230
4.668
7.394
4.753
3.930
3.870
2.347
4.957
3.982
4.577
4.444
3.908
4.143
3.967
2.443
1.613
0.356
0.493
0.037
0.615
0.142
0.943
1.748
0.969
1.091
0.371
0.501
0.868
0.130
0.780
0.872
0.626
0.438
2.463
0.817
-0.533
-0.866
-1.438
-0.748
-0.665
0.136
7.570
1.345
0.436
0.592
-0.321
0.947
0.197
1.275
0.444
-0.139
0.343
1.529
0.803
0.520
-0.459
0.326
-0.288
0.714
0.294
0.698
1.167
0.575
0.691
0.602
1.050
0.481
1.092
0.608
0.138
1.145
5.988
4.399
3.047
1.360
1.546
1.021
0.367
0.870
6.789
4.836
3.860
3.948
4.516
3.562
5.237
4.364
3.180
3.080
3.151
0.147
-0.244
0.026
-0.876
-0.510
-1.474
-1.133
-1.367
-0.997
-0.083
-0.383
-0.947
-0.446
-0.577
-0.049
-0.618
-0.652
-0.798
-0.525
5.798
4.410
4.206
3.128
0.260
4.432
9.763
6.318
4.594
3.922
3.833
8.842
4.761
4.159
6.144
5.564
2.791
5.660
5.929
4.443
3.226
3.166
2.472
2.870
2.503
1.860
3.274
3.852
4.502
3.340
2.328
3.388
3.724
3.868
3.626
3.148
3.328
3.250
1.196
0.906
1.028
1.061
1.212
0.965
1.005
0.997
1.065
1.006
1.148
0.999
1.193
1.143
1.046
0.554
1.028
1.026
1.081
2.731
6.005
2.357
5.791
2.094
3.767
3.731
6.226
2.926
4.358
2.809
3.783
2.393
2.355
2.813
2.518
2.477
2.089
2.360
4.850
3.037
-0.183
-0.077
1.217
8.233
19.861
5.153
3.386
1.451
2.255
13.837
2.656
3.545
5.212
5.241
6.644
9.609
5.587
1.888
1.037
0.801
-0.060
-0.011
0.180
-0.129
-0.508
-1.057
1.575
1.039
1.051
0.058
0.804
0.488
0.861
0.345
0.471
0.879
2.098
1.437
2.000
0.759
1.676
1.231
1.641
1.805
2.127
2.023
1.932
1.645
2.256
1.541
2.714
1.496
1.033
1.339
2.391
0.789
0.250
1.027
0.513
0.910
0.395
0.440
0.583
-0.005
-0.135
0.372
0.516
0.072
-0.075
0.724
0.577
-0.122
-0.570
0.328
1.511
0.691
0.825
0.037
0.132
0.345
0.835
1.902
0.420
0.678
1.225
0.462
0.565
0.489
0.789
0.735
-0.284
-0.149
0.149
3.761
2.533
-0.290
-0.487
-0.305
3.823
5.070
5.094
2.573
1.447
1.453
3.271
2.386
2.349
4.485
3.625
3.014
2.190
4.047
0.515
0.344
0.017
-0.893
-0.186
-0.919
-0.536
-0.848
4.281
0.006
-0.101
-0.251
0.130
-0.486
0.886
0.301
-0.640
-0.864
-0.031
0.385
-0.734
-1.684
-1.894
-2.393
-2.347
-1.911
-1.939
0.592
-1.152
-0.629
-1.640
-0.604
-1.127
-0.118
-0.702
-1.287
-1.166
-0.962
0.182
-0.122
-0.315
-0.872
-0.606
-1.330
-0.860
-0.602
2.762
-0.213
-0.330
-0.606
0.225
-0.189
0.313
-0.080
-0.904
-0.521
0.105
4.095
3.281
1.617
0.592
0.132
1.920
1.105
4.634
3.540
2.448
2.289
2.182
3.029
2.383
3.456
2.928
1.188
1.447
2.572
0.661
0.257
1.528
-0.464
0.743
-0.610
-0.484
-0.007
1.900
0.417
0.810
-0.748
0.399
0.371
0.598
0.379
-0.268
-0.129
0.489
1.046
0.755
1.186
0.787
0.870
0.858
1.031
1.060
0.996
1.024
1.082
1.025
0.975
0.547
1.115
0.951
0.727
0.586
1.231
0.242
0.375
0.292
-0.354
0.074
0.056
-0.678
-0.283
0.344
0.139
0.197
0.015
-0.573
-0.427
-0.451
-0.184
-0.258
-0.525
0.032
3.427
7.763
4.885
11.137
4.151
3.877
3.650
6.598
3.784
7.984
5.065
4.417
3.680
3.458
4.138
5.762
3.588
3.139
4.703
1.080
0.541
-0.598
-1.269
-1.236
-0.705
-0.607
-1.206
3.915
0.887
0.163
-0.329
-0.218
-0.073
-0.795
0.301
-0.915
-0.404
-0.379
6.408
4.443
3.295
2.686
-0.013
2.386
1.291
9.216
5.655
4.180
3.506
1.349
4.167
3.483
5.393
4.811
2.778
2.705
3.575
1.428
0.763
-0.706
-0.893
-1.321
-0.928
-0.015
0.484
2.779
1.285
0.450
-0.008
-0.187
0.382
0.220
0.511
-0.056
0.137
0.621
5.426
3.359
0.377
-0.728
1.557
4.031
10.611
3.645
4.407
2.525
2.602
6.308
3.588
4.612
4.882
5.661
3.913
7.490
6.150
1.188
-0.055
-0.652
-0.760
-0.844
-1.488
-0.986
-1.695
1.726
-1.465
-1.224
-0.145
-0.736
0.997
-0.024
0.973
-0.648
-0.204
0.312
2.111
-0.933
0.980
1.569
2.672
17.388
31.217
5.088
0.884
-0.061
0.294
21.259
4.766
6.803
6.620
9.033
7.236
11.988
13.421
2.440
2.009
2.008
1.530
1.162
1.195
0.985
1.597
2.138
1.805
2.059
1.184
2.455
1.815
2.791
2.171
1.484
1.434
1.755
3.118
2.515
1.919
0.375
0.043
1.134
2.707
7.752
3.354
2.636
2.325
1.445
3.082
2.675
3.712
2.918
1.853
1.443
2.459
1.568
1.394
1.974
1.324
1.613
1.444
1.294
1.358
1.573
1.863
1.443
1.451
1.448
0.982
1.442
1.591
1.290
0.939
1.453
0.384
0.256
0.318
0.124
0.148
-0.015
-0.116
-0.397
-0.953
-0.132
0.193
0.109
-0.073
-0.331
-0.070
0.336
-0.327
-0.539
-0.154
0.244
0.345
0.092
0.364
0.275
0.145
0.075
-0.882
0.143
0.209
0.255
0.128
0.141
-0.137
0.194
-0.353
-0.034
0.116
0.131
-0.267
-0.168
-0.096
-0.015
-0.152
-0.131
-0.175
-0.317
-0.065
-0.123
-0.178
-0.126
-0.143
-0.557
-0.158
-0.180
-0.508
-0.697
-0.403
