# avg	std	min	max
1.88815 0.00000 1.88815 1.88815
1.03655 0.00000 1.03655 1.03655
0.80095 0.00000 0.80095 0.80095
-0.06027 0.00000 -0.06027 -0.06027
-0.01090 0.00000 -0.01090 -0.01090
0.17995 0.00000 0.17995 0.17995
-0.12854 0.00000 -0.12854 -0.12854
-0.50819 0.00000 -0.50819 -0.50819
-1.05710 0.00000 -1.05710 -1.05710
1.57532 0.00000 1.57532 1.57532
1.03947 0.00000 1.03947 1.03947
1.05079 0.00000 1.05079 1.05079
0.05809 0.00000 0.05809 0.05809
0.80407 0.00000 0.80407 0.80407
0.48782 0.00000 0.48782 0.48782
-0.02179 0.00000 -0.02179 -0.02179
0.86058 0.00000 0.86058 0.86058
0.34454 0.00000 0.34454 0.34454
0.47100 0.00000 0.47100 0.47100
0.87919 0.00000 0.87919 0.87919
