# avg	std	min	max
0.60452 0.00000 0.60452 0.60452
0.22797 0.00000 0.22797 0.22797
0.15506 0.00000 0.15506 0.15506
-0.53037 0.00000 -0.53037 -0.53037
-0.19983 0.00000 -0.19983 -0.19983
-0.33511 0.00000 -0.33511 -0.33511
-0.15647 0.00000 -0.15647 -0.15647
0.01404 0.00000 0.01404 0.01404
2.99597 0.00000 2.99597 2.99597
0.33815 0.00000 0.33815 0.33815
0.01443 0.00000 0.01443 0.01443
0.09953 0.00000 0.09953 0.09953
-0.21155 0.00000 -0.21155 -0.21155
0.38441 0.00000 0.38441 0.38441
-0.11101 0.00000 -0.11101 -0.11101
0.55078 0.00000 0.55078 0.55078
-0.00979 0.00000 -0.00979 -0.00979
-0.20661 0.00000 -0.20661 -0.20661
-0.24677 0.00000 -0.24677 -0.24677
0.34014 0.00000 0.34014 0.34014
