# avg	std	min	max
0.43617 0.00000 0.43617 0.43617
0.36355 0.00000 0.36355 0.36355
0.34648 0.00000 0.34648 0.34648
-0.10775 0.00000 -0.10775 -0.10775
-0.08311 0.00000 -0.08311 -0.08311
-0.09780 0.00000 -0.09780 -0.09780
-0.78937 0.00000 -0.78937 -0.78937
-0.46219 0.00000 -0.46219 -0.46219
0.84542 0.00000 0.84542 0.84542
0.34429 0.00000 0.34429 0.34429
0.41702 0.00000 0.41702 0.41702
0.32105 0.00000 0.32105 0.32105
-0.28208 0.00000 -0.28208 -0.28208
0.00431 0.00000 0.00431 0.00431
-0.21793 0.00000 -0.21793 -0.21793
0.41594 0.00000 0.41594 0.41594
0.45365 0.00000 0.45365 0.45365
-0.09239 0.00000 -0.09239 -0.09239
-0.46785 0.00000 -0.46785 -0.46785
-0.00492 0.00000 -0.00492 -0.00492
