# avg	std	min	max
2.38511 0.00000 2.38511 2.38511
1.63892 0.00000 1.63892 1.63892
0.95890 0.00000 0.95890 0.95890
-0.37712 0.00000 -0.37712 -0.37712
0.00173 0.00000 0.00173 0.00173
-0.30218 0.00000 -0.30218 -0.30218
2.04561 0.00000 2.04561 2.04561
1.96673 0.00000 1.96673 1.96673
2.77695 0.00000 2.77695 2.77695
2.03565 0.00000 2.03565 2.03565
1.41730 0.00000 1.41730 1.41730
1.15046 0.00000 1.15046 1.15046
1.95503 0.00000 1.95503 1.95503
1.91640 0.00000 1.91640 1.91640
0.40417 0.00000 0.40417 0.40417
1.88139 0.00000 1.88139 1.88139
0.41991 0.00000 0.41991 0.41991
0.60592 0.00000 0.60592 0.60592
0.90405 0.00000 0.90405 0.90405
2.22307 0.00000 2.22307 2.22307
