# avg	std	min	max
5.79766 0.00000 5.79766 5.79766
4.40998 0.00000 4.40998 4.40998
4.20642 0.00000 4.20642 4.20642
-0.01209 0.00000 -0.01209 -0.01209
3.12842 0.00000 3.12842 3.12842
0.26023 0.00000 0.26023 0.26023
4.43152 0.00000 4.43152 4.43152
9.76309 0.00000 9.76309 9.76309
6.31807 0.00000 6.31807 6.31807
4.59365 0.00000 4.59365 4.59365
3.92169 0.00000 3.92169 3.92169
3.83302 0.00000 3.83302 3.83302
8.84215 0.00000 8.84215 8.84215
4.76135 0.00000 4.76135 4.76135
4.15915 0.00000 4.15915 4.15915
6.14380 0.00000 6.14380 6.14380
5.56422 0.00000 5.56422 5.56422
2.79140 0.00000 2.79140 2.79140
5.66044 0.00000 5.66044 5.66044
5.92946 0.00000 5.92946 5.92946
