# avg	std	min	max
-0.01982 0.00000 -0.01982 -0.01982
-0.27593 0.00000 -0.27593 -0.27593
-0.20390 0.00000 -0.20390 -0.20390
-0.67852 0.00000 -0.67852 -0.67852
0.46204 0.00000 0.46204 0.46204
-0.26206 0.00000 -0.26206 -0.26206
-0.15825 0.00000 -0.15825 -0.15825
0.30898 0.00000 0.30898 0.30898
-1.07453 0.00000 -1.07453 -1.07453
-0.14844 0.00000 -0.14844 -0.14844
-0.25967 0.00000 -0.25967 -0.25967
-0.13687 0.00000 -0.13687 -0.13687
-0.08044 0.00000 -0.08044 -0.08044
0.01145 0.00000 0.01145 0.01145
-0.61389 0.00000 -0.61389 -0.61389
0.28487 0.00000 0.28487 0.28487
0.08133 0.00000 0.08133 0.08133
-0.73343 0.00000 -0.73343 -0.73343
-1.13039 0.00000 -1.13039 -1.13039
0.35763 0.00000 0.35763 0.35763
