# avg	std	min	max
2.44036 0.00000 2.44036 2.44036
2.00906 0.00000 2.00906 2.00906
2.00806 0.00000 2.00806 2.00806
1.52982 0.00000 1.52982 1.52982
1.16231 0.00000 1.16231 1.16231
1.19454 0.00000 1.19454 1.19454
0.98482 0.00000 0.98482 0.98482
1.59679 0.00000 1.59679 1.59679
0.00072 0.00000 0.00072 0.00072
2.13815 0.00000 2.13815 2.13815
1.80455 0.00000 1.80455 1.80455
2.05875 0.00000 2.05875 2.05875
1.18414 0.00000 1.18414 1.18414
2.45533 0.00000 2.45533 2.45533
1.81507 0.00000 1.81507 1.81507
2.79099 0.00000 2.79099 2.79099
2.17074 0.00000 2.17074 2.17074
1.48418 0.00000 1.48418 1.48418
1.43406 0.00000 1.43406 1.43406
1.75547 0.00000 1.75547 1.75547
