# avg	std	min	max
0.39440 0.00000 0.39440 0.39440
0.34760 0.00000 0.34760 0.34760
0.77803 0.00000 0.77803 0.77803
0.00925 0.00000 0.00925 0.00925
0.65160 0.00000 0.65160 0.65160
-0.59769 0.00000 -0.59769 -0.59769
-0.17634 0.00000 -0.17634 -0.17634
-0.10594 0.00000 -0.10594 -0.10594
-0.93567 0.00000 -0.93567 -0.93567
0.88737 0.00000 0.88737 0.88737
0.74060 0.00000 0.74060 0.74060
0.10348 0.00000 0.10348 0.10348
0.03979 0.00000 0.03979 0.03979
-0.27162 0.00000 -0.27162 -0.27162
-0.08384 0.00000 -0.08384 -0.08384
0.90078 0.00000 0.90078 0.90078
-0.41821 0.00000 -0.41821 -0.41821
-0.31721 0.00000 -0.31721 -0.31721
-0.54613 0.00000 -0.54613 -0.54613
-0.20524 0.00000 -0.20524 -0.20524
