# avg	std	min	max
2.46294 0.00000 2.46294 2.46294
0.81650 0.00000 0.81650 0.81650
-0.53304 0.00000 -0.53304 -0.53304
-0.86570 0.00000 -0.86570 -0.86570
-1.43847 0.00000 -1.43847 -1.43847
-0.74821 0.00000 -0.74821 -0.74821
-0.66483 0.00000 -0.66483 -0.66483
0.13599 0.00000 0.13599 0.13599
7.57013 0.00000 7.57013 7.57013
1.34496 0.00000 1.34496 1.34496
0.43606 0.00000 0.43606 0.43606
0.59199 0.00000 0.59199 0.59199
-0.32113 0.00000 -0.32113 -0.32113
0.94660 0.00000 0.94660 0.94660
0.19656 0.00000 0.19656 0.19656
1.27484 0.00000 1.27484 1.27484
0.44443 0.00000 0.44443 0.44443
-0.13910 0.00000 -0.13910 -0.13910
-0.11369 0.00000 -0.11369 -0.11369
0.34266 0.00000 0.34266 0.34266
