# avg	std	min	max
0.99426 0.00000 0.99426 0.99426
0.40037 0.00000 0.40037 0.40037
1.02528 0.00000 1.02528 1.02528
-0.00889 0.00000 -0.00889 -0.00889
0.06641 0.00000 0.06641 0.06641
-0.61552 0.00000 -0.61552 -0.61552
-0.00223 0.00000 -0.00223 -0.00223
0.14040 0.00000 0.14040 0.14040
0.30803 0.00000 0.30803 0.30803
0.00008 0.00000 0.00008 0.00008
0.04792 0.00000 0.04792 0.04792
0.23875 0.00000 0.23875 0.23875
-0.02871 0.00000 -0.02871 -0.02871
0.79382 0.00000 0.79382 0.79382
0.00233 0.00000 0.00233 0.00233
1.18109 0.00000 1.18109 1.18109
0.58834 0.00000 0.58834 0.58834
-0.21344 0.00000 -0.21344 -0.21344
-0.12318 0.00000 -0.12318 -0.12318
0.74197 0.00000 0.74197 0.74197
