# avg	std	min	max
0.78883 0.00000 0.78883 0.78883
0.25033 0.00000 0.25033 0.25033
1.02677 0.00000 1.02677 1.02677
0.51296 0.00000 0.51296 0.51296
0.90961 0.00000 0.90961 0.90961
0.39534 0.00000 0.39534 0.39534
0.43950 0.00000 0.43950 0.43950
0.58334 0.00000 0.58334 0.58334
-0.00469 0.00000 -0.00469 -0.00469
-0.13506 0.00000 -0.13506 -0.13506
0.00557 0.00000 0.00557 0.00557
0.37191 0.00000 0.37191 0.37191
0.51600 0.00000 0.51600 0.51600
0.07238 0.00000 0.07238 0.07238
-0.07477 0.00000 -0.07477 -0.07477
0.72394 0.00000 0.72394 0.72394
0.57715 0.00000 0.57715 0.57715
-0.12245 0.00000 -0.12245 -0.12245
-0.56988 0.00000 -0.56988 -0.56988
0.32813 0.00000 0.32813 0.32813
