# avg	std	min	max
1.08028 0.00000 1.08028 1.08028
0.54093 0.00000 0.54093 0.54093
-0.59839 0.00000 -0.59839 -0.59839
-1.26907 0.00000 -1.26907 -1.26907
-1.23633 0.00000 -1.23633 -1.23633
-0.70523 0.00000 -0.70523 -0.70523
-0.60661 0.00000 -0.60661 -0.60661
-1.20625 0.00000 -1.20625 -1.20625
3.91495 0.00000 3.91495 3.91495
0.88678 0.00000 0.88678 0.88678
-0.00004 0.00000 -0.00004 -0.00004
0.16288 0.00000 0.16288 0.16288
-0.32898 0.00000 -0.32898 -0.32898
-0.21808 0.00000 -0.21808 -0.21808
-0.07268 0.00000 -0.07268 -0.07268
-0.79541 0.00000 -0.79541 -0.79541
0.30063 0.00000 0.30063 0.30063
-0.91481 0.00000 -0.91481 -0.91481
-0.40390 0.00000 -0.40390 -0.40390
-0.37936 0.00000 -0.37936 -0.37936
