# avg	std	min	max
3.74858 0.00000 3.74858 3.74858
2.47236 0.00000 2.47236 2.47236
-0.00117 0.00000 -0.00117 -0.00117
0.00232 0.00000 0.00232 0.00232
-0.45280 0.00000 -0.45280 -0.45280
-0.86524 0.00000 -0.86524 -0.86524
1.77839 0.00000 1.77839 1.77839
1.76901 0.00000 1.76901 1.76901
3.38061 0.00000 3.38061 3.38061
3.23835 0.00000 3.23835 3.23835
1.80263 0.00000 1.80263 1.80263
1.37341 0.00000 1.37341 1.37341
1.97514 0.00000 1.97514 1.97514
2.48673 0.00000 2.48673 2.48673
1.47348 0.00000 1.47348 1.47348
2.48154 0.00000 2.48154 2.48154
2.30421 0.00000 2.30421 2.30421
1.67526 0.00000 1.67526 1.67526
1.55765 0.00000 1.55765 1.55765
1.90052 0.00000 1.90052 1.90052
