# DDG
0.102
0.388
0.501
0.548
0.616
0.461
0.230
0.562
0.441
0.358
0.378
0.462
0.610
0.466
0.025
0.581
0.346
0.301
0.645
0.522
-0.160
0.611
-0.119
0.169
-0.276
-0.422
-0.126
0.871
0.025
0.572
0.302
-0.016
-0.678
-0.409
-0.885
-0.330
-0.491
0.134
-5.183
2.840
1.656
6.652
0.913
2.299
2.167
3.841
0.956
1.228
0.758
2.633
1.475
2.270
0.999
1.917
1.716
2.597
2.658
0.097
0.873
1.462
0.335
1.246
0.359
0.641
0.741
1.364
0.849
1.062
0.822
0.637
0.378
0.153
1.067
0.760
-0.096
0.770
0.473
0.593
0.621
0.530
0.363
0.908
0.652
0.870
0.740
0.577
0.550
0.644
-0.310
0.371
-0.194
-0.284
0.502
0.624
0.273
-1.368
5.474
4.911
9.737
4.390
4.764
6.853
4.696
1.993
3.544
1.373
4.509
3.005
4.985
3.986
4.978
5.241
4.899
4.764
-2.286
-2.700
0.962
-3.161
0.463
-2.727
-2.337
-1.801
-1.378
-2.828
-1.727
-2.849
-1.879
-1.715
-1.565
-1.397
-2.577
-2.177
0.560
1.527
1.461
1.833
1.285
1.687
1.310
1.678
1.696
1.406
1.827
1.327
1.624
1.451
1.196
1.745
1.216
1.126
1.312
1.801
0.236
0.425
0.346
-0.308
-0.409
-0.426
-0.910
-0.109
0.635
0.620
0.512
0.844
-0.839
0.035
-0.124
0.213
-0.321
0.530
-0.057
-0.642
-1.769
0.644
-0.022
-0.980
12.667
5.386
-1.329
-0.610
0.022
0.558
14.624
3.075
1.527
1.481
0.968
0.871
0.755
9.415
-2.298
-1.951
0.213
-1.220
1.337
-1.587
1.686
3.846
5.447
-2.815
-0.414
-1.423
-0.006
0.245
2.526
0.509
-1.182
-1.082
3.352
0.044
-0.343
1.263
-0.126
1.184
-0.025
0.343
0.642
2.875
-0.454
-0.038
0.422
0.415
-0.264
-0.444
0.592
-0.216
-0.860
0.917
1.044
0.517
0.571
-0.847
-1.339
-0.787
-1.097
0.343
0.702
0.316
0.859
-0.401
1.156
0.545
1.381
0.750
-0.159
0.183
0.658
-2.270
-2.130
2.293
3.048
3.149
8.028
33.769
-1.371
-1.006
-0.226
-0.851
13.536
2.361
5.139
4.301
6.168
3.700
12.297
8.089
-1.291
-1.520
-0.290
-0.977
-0.509
-0.849
-0.631
-0.132
2.626
-1.996
-1.697
-1.174
-0.633
-1.337
-1.190
-0.518
-1.375
-1.098
-0.966
0.154
1.046
0.460
0.875
0.011
0.331
0.783
-0.291
4.528
0.708
-0.085
0.887
0.545
-0.587
0.906
0.486
1.316
0.787
0.476
-0.238
-0.375
-0.909
-0.932
-1.707
-0.949
-1.346
-1.357
-0.273
0.250
-0.940
-0.942
-0.283
-0.505
-0.374
-0.812
-0.666
-0.443
-0.107
-1.265
-0.528
1.866
-2.603
1.997
-2.275
-3.569
-0.168
2.907
0.771
2.287
-0.533
-2.618
0.523
1.137
2.154
2.443
-0.222
-1.290
1.347
1.389
2.982
1.760
2.760
1.958
2.463
2.390
0.941
2.611
2.127
2.522
1.659
1.653
2.393
1.898
1.612
1.176
1.247
-0.058
0.334
-0.501
-0.487
-0.244
-0.374
-0.867
-0.154
1.798
0.031
-0.098
0.449
-0.851
-0.172
1.044
-0.466
-0.814
-0.764
-0.305
-1.273
-1.980
2.306
5.485
-0.821
-1.279
0.778
-3.783
-0.940
2.179
-0.728
-0.987
-0.346
0.531
2.199
0.640
-0.197
0.000
0.676
-3.481
-3.226
-3.065
-3.281
-2.891
-2.955
-0.116
0.166
9.814
-2.628
-2.329
-3.245
-1.383
-1.141
-2.043
0.635
-2.374
-2.316
-0.095
-2.412
-1.758
-0.660
-0.102
-0.889
-1.689
-1.391
-1.431
-0.339
-2.170
-0.927
-1.515
-1.458
-2.085
-1.805
-1.199
-1.876
-2.509
-1.650
-0.754
0.318
1.370
-0.138
1.601
0.970
0.243
1.244
8.791
0.657
1.270
1.606
0.275
0.790
0.130
1.623
1.203
0.117
0.516
-3.522
-3.192
1.480
6.149
1.724
1.950
17.531
29.756
-3.935
-2.485
-1.774
26.335
-1.657
3.265
1.108
7.056
5.579
4.644
15.242
-0.341
0.402
2.613
0.681
2.554
0.448
0.446
1.663
7.288
-0.099
0.138
1.606
0.348
-0.220
0.508
0.862
-0.286
-0.383
0.584
-1.053
-1.771
-0.622
0.725
0.925
-1.192
1.400
4.870
1.475
-1.248
1.125
-1.375
1.691
-1.107
-0.034
-0.483
-0.399
-0.345
4.106
-0.398
-0.169
0.176
-0.325
-0.389
-0.777
-0.392
-0.075
-0.945
0.005
1.334
-0.361
-0.431
-0.623
-0.279
-0.257
-0.600
-0.710
-0.039
-2.689
-0.694
0.259
-1.482
-0.941
-0.250
-0.334
-1.125
1.021
-1.836
0.467
-0.508
-2.174
-2.068
-3.448
-0.666
-1.887
-1.999
-1.768
-0.119
0.376
-0.049
0.641
0.169
-0.271
-0.156
0.619
-0.023
0.365
0.256
-0.193
-0.182
-0.488
-0.302
-0.397
-0.315
-0.936
-0.603
-1.102
0.274
3.000
0.368
3.347
-1.062
1.491
2.156
0.750
0.548
4.743
0.247
1.561
0.352
0.748
1.527
1.507
-0.123
0.235
-0.567
0.693
1.353
2.093
0.900
2.147
4.111
0.259
0.811
1.444
1.069
2.476
1.319
0.476
0.648
1.558
-0.573
-0.791
2.219
-5.835
-2.231
1.448
-1.210
2.020
-1.308
0.398
3.518
2.770
-0.898
2.163
-1.571
1.425
-1.262
-0.197
-0.444
-0.858
-0.272
2.299
-2.527
6.253
10.063
8.637
8.015
25.738
33.083
8.448
2.647
7.265
2.650
34.282
6.819
9.941
6.394
9.308
13.907
17.803
18.707
-5.876
-5.278
-4.719
2.072
-4.445
-5.255
-2.020
12.370
-3.947
-0.073
-5.064
-5.039
-4.185
-3.140
-5.243
-3.580
-5.029
-3.941
-3.309
-5.255
-1.225
1.776
-0.048
1.997
-0.921
4.189
5.401
5.581
0.096
2.714
-0.579
4.475
2.037
2.495
-0.199
-0.455
0.106
2.440
-2.419
-3.835
-4.228
-3.534
-3.490
-5.533
-0.977
-0.192
-3.741
-3.283
-2.526
-4.531
-2.927
-4.622
-1.668
-3.730
-4.629
-4.102
-0.554
-2.527
-1.126
1.406
0.550
1.284
0.248
3.713
6.090
-0.725
-0.364
1.271
0.209
5.207
2.728
0.102
3.357
0.116
0.436
3.908
0.663
0.166
-0.853
-0.688
-1.093
-0.757
-0.224
-0.272
0.896
0.402
-0.152
-0.249
0.272
-0.921
0.917
-1.360
-1.292
-0.923
1.366
0.530
0.434
0.604
0.156
0.562
-0.667
0.282
0.575
3.217
-0.399
0.122
0.012
0.310
-0.036
0.325
-0.081
0.236
0.471
0.191
-1.324
-0.344
-0.242
0.147
-0.384
-0.579
-0.406
-1.688
-0.123
0.047
-0.224
-0.450
-0.004
-0.612
-0.525
-0.841
-0.304
-0.300
-0.278
-4.787
-3.604
-2.044
-0.336
-2.630
-2.346
-2.507
4.926
-1.984
-1.514
-2.262
-2.365
-2.040
-2.377
-2.125
-2.428
-2.112
-1.978
-1.840
-0.915
2.575
0.063
2.044
-0.135
0.133
0.669
3.600
0.044
2.703
0.170
0.364
0.378
0.084
0.369
0.115
-0.075
-0.409
0.706
11.328
31.276
42.157
39.884
33.134
63.549
68.378
18.850
19.108
27.670
19.854
53.998
31.239
36.600
32.003
35.480
35.101
35.108
54.890
-4.164
-2.535
0.104
-2.603
0.241
-2.957
-3.061
-3.070
0.046
-1.813
-2.360
-2.775
-1.969
-2.359
-2.168
-2.706
-2.832
-2.508
-1.921
-2.280
-1.485
-0.330
-1.280
0.624
-1.594
1.814
5.058
4.158
-0.262
0.587
-0.409
2.234
0.532
-1.000
-0.013
1.160
1.348
3.289
0.321
0.548
0.186
-0.601
-0.009
-0.708
-0.523
0.928
6.756
0.830
0.473
0.527
0.727
0.470
2.219
0.808
-0.453
0.291
0.562
1.200
0.890
0.625
0.019
0.536
0.021
0.468
1.478
3.367
1.459
1.356
0.121
-0.004
0.418
-0.729
0.040
0.494
1.728
1.749
1.418
0.468
-0.524
-2.120
-2.241
-2.036
0.145
1.471
1.795
1.832
0.678
-1.556
-0.351
0.324
-0.265
-0.041
0.946
0.924
-0.293
-1.155
-0.777
0.286
-0.148
0.117
0.564
-0.493
0.984
1.437
1.118
1.488
0.943
-0.359
1.537
1.099
1.777
0.867
0.326
1.135
0.157
-1.239
-1.427
0.381
-0.622
4.404
5.604
1.150
0.443
2.057
-0.133
7.319
1.561
1.775
2.167
3.397
3.803
6.904
4.119
-3.405
-3.143
3.790
0.654
4.610
-1.369
13.104
9.870
13.208
-2.642
2.572
-0.993
10.931
-0.849
0.659
0.388
1.693
0.416
5.505
-1.172
8.702
16.030
13.273
13.678
33.800
48.793
8.390
1.385
7.384
4.218
36.614
12.008
18.952
16.499
20.312
18.562
25.614
31.111
9.068
20.819
28.440
30.585
19.785
37.816
39.358
24.247
13.876
22.118
16.113
38.607
28.422
22.908
27.586
26.196
19.719
20.401
51.892
-0.124
0.055
-0.113
-0.216
0.443
0.826
0.379
0.860
1.796
-0.441
-0.680
-0.020
0.404
-0.026
-0.207
0.100
-0.555
-0.531
0.478
-0.223
-0.195
0.021
-0.205
-0.075
-0.004
-0.116
0.245
0.579
-0.213
0.018
-0.151
-0.098
-0.461
0.178
0.103
-0.576
-0.435
-0.024
-1.136
-0.222
6.463
0.893
8.811
0.578
-0.195
1.927
0.033
-0.505
5.155
-0.573
-0.008
-0.203
0.253
3.619
3.263
-0.468
-0.231
-2.178
-1.686
-1.603
-2.217
-2.227
-1.919
-0.956
-0.988
-0.654
-2.686
-1.960
-1.580
-1.471
-1.876
-1.423
-1.642
-1.433
-1.800
-1.119
-4.819
-2.078
1.382
4.163
-0.030
18.652
30.152
-0.592
-0.776
0.074
-2.095
24.376
1.648
1.807
3.850
3.926
1.021
10.416
9.305
-2.118
-1.452
-1.253
-1.114
-1.605
-0.850
1.504
1.048
3.051
-0.624
0.235
-0.951
2.332
-0.752
-1.168
-1.307
-0.720
-1.952
-1.274
1.743
0.613
2.087
2.042
-1.130
2.541
3.754
6.671
0.940
0.416
0.695
2.702
0.243
0.939
2.482
1.863
1.551
0.912
3.051
-2.875
-1.795
-1.939
-1.558
-1.261
-1.384
6.007
4.592
5.745
-1.816
-1.059
-1.575
5.300
-0.431
-0.353
0.331
-1.275
-1.023
4.364
2.145
1.025
-0.997
-0.663
-1.275
-1.944
-0.395
-0.391
1.859
1.575
0.852
-1.111
1.576
0.718
1.929
0.921
0.015
0.597
0.652
-0.686
-1.908
-2.339
-1.770
-0.573
-1.345
1.994
7.398
-0.099
-1.427
-1.171
0.371
-0.227
-0.051
-1.537
-1.866
-0.515
-1.060
0.682
1.238
0.716
3.053
0.136
2.015
-0.763
-0.590
0.196
-0.228
1.521
3.597
1.101
-0.350
1.112
0.907
0.957
0.922
0.676
0.648
-0.794
-1.459
2.002
-1.984
3.469
-1.741
-1.519
-0.730
11.278
1.699
-1.556
-1.472
-1.636
-1.357
-0.045
-0.640
-1.737
-1.465
-0.617
-0.170
0.535
2.409
1.961
0.138
1.534
0.759
9.524
0.122
0.858
0.501
1.801
1.544
0.505
1.181
0.749
0.474
0.394
0.454
1.839
1.614
4.097
1.654
3.831
1.375
3.670
4.088
2.109
4.182
3.296
3.920
1.771
1.906
2.093
3.313
1.829
3.139
3.606
3.318
3.806
3.522
3.809
3.347
3.316
3.345
5.649
3.484
3.803
3.411
3.354
3.422
2.963
3.444
3.452
3.330
3.093
3.531
0.258
-0.077
-0.015
-0.152
-0.267
-0.568
-0.003
0.057
0.644
0.140
0.216
-0.334
0.062
0.304
0.385
0.250
-0.649
-0.149
0.320
-0.469
0.200
0.983
1.627
1.825
-0.424
-0.063
1.061
3.666
0.202
2.128
0.061
0.126
-0.613
0.396
-0.405
0.624
-0.857
0.136
0.086
-0.287
0.194
-0.254
0.101
-0.382
-0.201
0.003
0.262
-0.090
0.363
0.050
-0.126
-0.210
-0.204
-0.102
-0.319
-0.458
-0.083
-3.305
0.081
0.985
0.359
0.756
0.114
0.072
0.166
1.263
-1.100
0.538
0.179
0.119
-1.077
0.185
0.196
0.074
-0.100
0.301
-1.206
0.248
1.095
0.579
-0.196
-0.491
-0.168
-1.647
0.785
1.646
0.768
0.175
1.431
0.838
1.169
0.378
-0.108
0.480
0.343
-4.295
-2.264
-1.656
0.212
-1.627
-1.328
-0.911
6.821
-2.975
-1.035
-2.049
-1.307
-1.921
-1.554
-2.317
-2.131
-1.686
-2.609
-1.263
2.626
1.230
1.562
1.662
-0.318
-0.071
0.626
1.786
1.251
1.715
0.787
0.400
1.112
1.081
1.841
1.151
0.491
0.726
0.574
-1.121
-1.016
-0.205
-1.158
-0.321
-0.911
-1.133
-0.891
-2.794
-0.963
-0.728
-0.925
-0.684
-1.077
-0.907
-1.077
-1.060
-0.998
-0.689
6.433
21.873
13.546
21.998
11.611
19.234
16.341
24.563
9.531
18.824
9.006
21.184
12.496
11.842
11.717
11.442
12.955
13.942
26.281
-2.045
0.675
1.723
0.532
1.352
-0.022
0.103
-0.149
2.433
1.014
1.667
0.761
1.023
0.762
0.931
0.645
0.358
0.589
0.880
0.043
0.020
1.858
0.088
1.711
0.429
0.049
0.525
5.008
-0.383
0.516
0.047
0.234
0.611
0.315
-0.133
-0.047
-0.078
0.358
-2.192
-0.685
-0.886
0.123
-0.971
-0.753
-0.720
-2.142
-0.564
0.275
-0.502
-0.612
-0.188
-0.454
-1.189
-0.804
-1.076
-0.609
-0.830
-4.030
-4.474
2.277
1.131
3.975
0.991
0.517
6.700
-1.039
-2.080
1.692
-1.633
-0.904
-0.663
2.146
2.712
3.449
2.257
6.984
