# avg	std	min	max
-0.02068 0.02842 -0.04890 0.02790
-0.04780 0.00000 -0.04780 -0.04780
-0.04698 0.00384 -0.04890 -0.03930
-0.04892 0.00004 -0.04900 -0.04890
-0.04890 0.00000 -0.04890 -0.04890
-0.04854 0.00005 -0.04860 -0.04850
-0.04200 0.01596 -0.05200 -0.01020
-0.04890 0.00000 -0.04890 -0.04890
-0.04226 0.00656 -0.05290 -0.03360
-0.04894 0.00005 -0.04900 -0.04890
-0.02342 0.01101 -0.03160 -0.00200
-0.02468 0.00309 -0.02720 -0.02070
-0.04274 0.01216 -0.05320 -0.01900
-0.04726 0.00333 -0.04900 -0.04060
