# avg	std	min	max
-0.02612 0.00004 -0.02620 -0.02610
-0.02634 0.00028 -0.02690 -0.02620
-0.01026 0.02125 -0.02630 0.02690
-0.02610 0.00000 -0.02610 -0.02610
-0.02610 0.00000 -0.02610 -0.02610
-0.02610 0.00000 -0.02610 -0.02610
-0.02614 0.00008 -0.02630 -0.02610
-0.02624 0.00012 -0.02640 -0.02610
-0.04284 0.00683 -0.05150 -0.03720
-0.02620 0.00020 -0.02660 -0.02610
-0.02736 0.00239 -0.03210 -0.02570
-0.01734 0.00082 -0.01860 -0.01650
-0.02636 0.00021 -0.02670 -0.02610
-0.02624 0.00017 -0.02650 -0.02610
