# avg	std	min	max
2.17873 0.00000 2.17873 2.17873
0.00000 0.00000 0.00000 0.00000
-1.04211 0.00000 -1.04211 -1.04211
1.22759 0.00000 1.22759 1.22759
1.39009 0.00000 1.39009 1.39009
2.58425 0.00000 2.58425 2.58425
17.77336 0.00000 17.77336 17.77336
32.54160 0.00000 32.54160 32.54160
4.92877 0.00000 4.92877 4.92877
1.20147 0.00000 1.20147 1.20147
-0.11844 0.00000 -0.11844 -0.11844
0.36700 0.00000 0.36700 0.36700
21.87206 0.00000 21.87206 21.87206
4.77744 0.00000 4.77744 4.77744
5.78179 0.00000 5.78179 5.78179
6.42092 0.00000 6.42092 6.42092
8.19117 0.00000 8.19117 8.19117
6.44686 0.00000 6.44686 6.44686
11.79632 0.00000 11.79632 11.79632
14.03408 0.00000 14.03408 14.03408
13.65636 0.00000 13.65636 13.65636
12.18990 0.00000 12.18990 12.18990
30.56824 0.00000 30.56824 30.56824
