# avg	std	min	max
0.15583 0.00000 0.15583 0.15583
0.00000 0.00000 0.00000 0.00000
0.27393 0.00000 0.27393 0.27393
-0.13020 0.00000 -0.13020 -0.13020
0.17120 0.00000 0.17120 0.17120
0.02473 0.00000 0.02473 0.02473
0.06249 0.00000 0.06249 0.06249
0.26356 0.00000 0.26356 0.26356
-0.83201 0.00000 -0.83201 -0.83201
0.09880 0.00000 0.09880 0.09880
0.03305 0.00000 0.03305 0.03305
0.37839 0.00000 0.37839 0.37839
0.11663 0.00000 0.11663 0.11663
0.16122 0.00000 0.16122 0.16122
-0.47948 0.00000 -0.47948 -0.47948
0.13482 0.00000 0.13482 0.13482
0.07843 0.00000 0.07843 0.07843
-0.24572 0.00000 -0.24572 -0.24572
-0.15972 0.00000 -0.15972 -0.15972
0.34674 0.00000 0.34674 0.34674
0.40166 0.00000 0.40166 0.40166
0.48977 0.00000 0.48977 0.48977
0.11387 0.00000 0.11387 0.11387
