# avg	std	min	max
0.84565 0.00000 0.84565 0.84565
0.32619 0.00000 0.32619 0.32619
-0.00922 0.00000 -0.00922 -0.00922
-0.74561 0.00000 -0.74561 -0.74561
-0.41664 0.00000 -0.41664 -0.41664
-0.96532 0.00000 -0.96532 -0.96532
-1.06122 0.00000 -1.06122 -1.06122
0.33583 0.00000 0.33583 0.33583
1.99859 0.00000 1.99859 1.99859
0.64978 0.00000 0.64978 0.64978
0.40036 0.00000 0.40036 0.40036
-0.00246 0.00000 -0.00246 -0.00246
-1.17927 0.00000 -1.17927 -1.17927
0.80900 0.00000 0.80900 0.80900
-0.04235 0.00000 -0.04235 -0.04235
0.96628 0.00000 0.96628 0.96628
0.10566 0.00000 0.10566 0.10566
-0.50938 0.00000 -0.50938 -0.50938
-0.54390 0.00000 -0.54390 -0.54390
-0.02218 0.00000 -0.02218 -0.02218
0.63748 0.00000 0.63748 0.63748
0.43901 0.00000 0.43901 0.43901
-1.06046 0.00000 -1.06046 -1.06046
