# avg	std	min	max
0.01820 0.00000 0.01820 0.01820
1.50036 0.00000 1.50036 1.50036
0.47990 0.00000 0.47990 0.47990
0.24196 0.00000 0.24196 0.24196
0.64064 0.00000 0.64064 0.64064
-0.58082 0.00000 -0.58082 -0.58082
0.38822 0.00000 0.38822 0.38822
1.66758 0.00000 1.66758 1.66758
3.58618 0.00000 3.58618 3.58618
0.40741 0.00000 0.40741 0.40741
0.90492 0.00000 0.90492 0.90492
0.14548 0.00000 0.14548 0.14548
0.48087 0.00000 0.48087 0.48087
0.16698 0.00000 0.16698 0.16698
0.47142 0.00000 0.47142 0.47142
-0.07680 0.00000 -0.07680 -0.07680
0.25438 0.00000 0.25438 0.25438
0.57923 0.00000 0.57923 0.57923
0.69654 0.00000 0.69654 0.69654
0.66310 0.00000 0.66310 0.66310
0.76526 0.00000 0.76526 0.76526
0.93534 0.00000 0.93534 0.93534
0.20057 0.00000 0.20057 0.20057
