# avg	std	min	max
0.17976 0.00000 0.17976 0.17976
0.28129 0.00000 0.28129 0.28129
1.75716 0.00000 1.75716 1.75716
0.26886 0.00000 0.26886 0.26886
3.00229 0.00000 3.00229 3.00229
0.26610 0.00000 0.26610 0.26610
0.09164 0.00000 0.09164 0.09164
0.22488 0.00000 0.22488 0.22488
4.39701 0.00000 4.39701 4.39701
0.65106 0.00000 0.65106 0.65106
1.02271 0.00000 1.02271 1.02271
0.14139 0.00000 0.14139 0.14139
0.17524 0.00000 0.17524 0.17524
0.12044 0.00000 0.12044 0.12044
0.02356 0.00000 0.02356 0.02356
0.16391 0.00000 0.16391 0.16391
-0.00351 0.00000 -0.00351 -0.00351
-0.06019 0.00000 -0.06019 -0.06019
0.28170 0.00000 0.28170 0.28170
0.15113 0.00000 0.15113 0.15113
0.69755 0.00000 0.69755 0.69755
0.72246 0.00000 0.72246 0.72246
-0.15652 0.00000 -0.15652 -0.15652
