# avg	std	min	max
-0.09700 0.00000 -0.09700 -0.09700
-0.19321 0.00000 -0.19321 -0.19321
0.41852 0.00000 0.41852 0.41852
-0.28449 0.00000 -0.28449 -0.28449
0.45204 0.00000 0.45204 0.45204
-0.35505 0.00000 -0.35505 -0.35505
0.06894 0.00000 0.06894 0.06894
0.10432 0.00000 0.10432 0.10432
-1.78041 0.00000 -1.78041 -1.78041
-0.13203 0.00000 -0.13203 -0.13203
0.35244 0.00000 0.35244 0.35244
0.04823 0.00000 0.04823 0.04823
-0.02020 0.00000 -0.02020 -0.02020
0.16798 0.00000 0.16798 0.16798
-0.24154 0.00000 -0.24154 -0.24154
0.11226 0.00000 0.11226 0.11226
-0.02197 0.00000 -0.02197 -0.02197
-0.33863 0.00000 -0.33863 -0.33863
-0.75499 0.00000 -0.75499 -0.75499
0.27875 0.00000 0.27875 0.27875
0.05277 0.00000 0.05277 0.05277
0.65883 0.00000 0.65883 0.65883
0.12538 0.00000 0.12538 0.12538
