# avg	std	min	max
0.40078 0.00000 0.40078 0.40078
-0.10976 0.00000 -0.10976 -0.10976
0.34607 0.00000 0.34607 0.34607
-0.10423 0.00000 -0.10423 -0.10423
0.35227 0.00000 0.35227 0.35227
-0.03712 0.00000 -0.03712 -0.03712
0.11571 0.00000 0.11571 0.11571
0.23450 0.00000 0.23450 0.23450
0.11123 0.00000 0.11123 0.11123
0.12618 0.00000 0.12618 0.12618
0.25458 0.00000 0.25458 0.25458
0.25544 0.00000 0.25544 0.25544
0.10916 0.00000 0.10916 0.10916
0.15963 0.00000 0.15963 0.15963
-0.06493 0.00000 -0.06493 -0.06493
0.23698 0.00000 0.23698 0.23698
-0.00125 0.00000 -0.00125 -0.00125
-0.21104 0.00000 -0.21104 -0.21104
-0.31557 0.00000 -0.31557 -0.31557
0.42214 0.00000 0.42214 0.42214
0.42436 0.00000 0.42436 0.42436
0.73808 0.00000 0.73808 0.73808
0.06286 0.00000 0.06286 0.06286
