# avg	std	min	max
1.31574 0.00000 1.31574 1.31574
0.34028 0.00000 0.34028 0.34028
0.19330 0.00000 0.19330 0.19330
-0.59034 0.00000 -0.59034 -0.59034
-0.11717 0.00000 -0.11717 -0.11717
-0.61952 0.00000 -0.61952 -0.61952
-0.23087 0.00000 -0.23087 -0.23087
0.13684 0.00000 0.13684 0.13684
-0.39695 0.00000 -0.39695 -0.39695
0.71308 0.00000 0.71308 0.71308
0.19302 0.00000 0.19302 0.19302
0.19334 0.00000 0.19334 0.19334
-0.35593 0.00000 -0.35593 -0.35593
0.36329 0.00000 0.36329 0.36329
-0.07832 0.00000 -0.07832 -0.07832
0.53962 0.00000 0.53962 0.53962
-0.00000 0.00000 -0.00000 -0.00000
-0.43448 0.00000 -0.43448 -0.43448
-0.51046 0.00000 -0.51046 -0.51046
0.73563 0.00000 0.73563 0.73563
0.66939 0.00000 0.66939 0.66939
0.22566 0.00000 0.22566 0.22566
-0.27669 0.00000 -0.27669 -0.27669
