# avg	std	min	max
0.46377 0.00000 0.46377 0.46377
0.29618 0.00000 0.29618 0.29618
0.97104 0.00000 0.97104 0.97104
-0.17862 0.00000 -0.17862 -0.17862
0.82479 0.00000 0.82479 0.82479
-0.15157 0.00000 -0.15157 -0.15157
-0.40393 0.00000 -0.40393 -0.40393
-0.22831 0.00000 -0.22831 -0.22831
1.01906 0.00000 1.01906 1.01906
0.08188 0.00000 0.08188 0.08188
0.27249 0.00000 0.27249 0.27249
0.21787 0.00000 0.21787 0.21787
-0.35183 0.00000 -0.35183 -0.35183
0.17955 0.00000 0.17955 0.17955
0.10190 0.00000 0.10190 0.10190
0.16688 0.00000 0.16688 0.16688
-0.17355 0.00000 -0.17355 -0.17355
0.00830 0.00000 0.00830 0.00830
0.03503 0.00000 0.03503 0.03503
0.22299 0.00000 0.22299 0.22299
-1.52732 0.00000 -1.52732 -1.52732
0.26848 0.00000 0.26848 0.26848
-0.63513 0.00000 -0.63513 -0.63513
