# avg	std	min	max
1.25217 0.00000 1.25217 1.25217
0.32846 0.00000 0.32846 0.32846
-0.61542 0.00000 -0.61542 -0.61542
-0.62244 0.00000 -0.62244 -0.62244
-0.67055 0.00000 -0.67055 -0.67055
-1.39286 0.00000 -1.39286 -1.39286
-0.66916 0.00000 -0.66916 -0.66916
-1.24882 0.00000 -1.24882 -1.24882
1.91393 0.00000 1.91393 1.91393
-0.07810 0.00000 -0.07810 -0.07810
-0.28688 0.00000 -0.28688 -0.28688
-0.06025 0.00000 -0.06025 -0.06025
-0.51441 0.00000 -0.51441 -0.51441
1.20324 0.00000 1.20324 1.20324
0.17492 0.00000 0.17492 0.17492
1.79358 0.00000 1.79358 1.79358
-0.00749 0.00000 -0.00749 -0.00749
-0.47517 0.00000 -0.47517 -0.47517
-0.07428 0.00000 -0.07428 -0.07428
0.57500 0.00000 0.57500 0.57500
0.52352 0.00000 0.52352 0.52352
1.65755 0.00000 1.65755 1.65755
-0.95527 0.00000 -0.95527 -0.95527
