# avg	std	min	max
0.67281 0.00000 0.67281 0.67281
0.25931 0.00000 0.25931 0.25931
-0.02859 0.00000 -0.02859 -0.02859
-0.60373 0.00000 -0.60373 -0.60373
-0.47303 0.00000 -0.47303 -0.47303
-0.43118 0.00000 -0.43118 -0.43118
-0.41035 0.00000 -0.41035 -0.41035
-0.22938 0.00000 -0.22938 -0.22938
3.46260 0.00000 3.46260 3.46260
0.34311 0.00000 0.34311 0.34311
0.02982 0.00000 0.02982 0.02982
0.22807 0.00000 0.22807 0.22807
-0.36893 0.00000 -0.36893 -0.36893
0.46324 0.00000 0.46324 0.46324
-0.03226 0.00000 -0.03226 -0.03226
0.42969 0.00000 0.42969 0.42969
-0.01028 0.00000 -0.01028 -0.01028
-0.21601 0.00000 -0.21601 -0.21601
-0.10719 0.00000 -0.10719 -0.10719
0.26836 0.00000 0.26836 0.26836
0.13847 0.00000 0.13847 0.13847
-0.07670 0.00000 -0.07670 -0.07670
-0.69242 0.00000 -0.69242 -0.69242
