# avg	std	min	max
5.11717 0.00000 5.11717 5.11717
4.48781 0.00000 4.48781 4.48781
3.60371 0.00000 3.60371 3.60371
2.33863 0.00000 2.33863 2.33863
2.69683 0.00000 2.69683 2.69683
1.14390 0.00000 1.14390 1.14390
-0.03349 0.00000 -0.03349 -0.03349
4.60267 0.00000 4.60267 4.60267
7.15517 0.00000 7.15517 7.15517
4.71373 0.00000 4.71373 4.71373
3.97760 0.00000 3.97760 3.97760
3.87524 0.00000 3.87524 3.87524
2.41469 0.00000 2.41469 2.41469
4.95275 0.00000 4.95275 4.95275
4.00661 0.00000 4.00661 4.00661
4.78997 0.00000 4.78997 4.78997
4.48490 0.00000 4.48490 4.48490
3.95196 0.00000 3.95196 3.95196
4.22476 0.00000 4.22476 4.22476
3.85146 0.00000 3.85146 3.85146
4.74277 0.00000 4.74277 4.74277
4.38355 0.00000 4.38355 4.38355
4.14237 0.00000 4.14237 4.14237
