# avg	std	min	max
0.00000 0.00000 0.00000 0.00000
2.68484 0.00000 2.68484 2.68484
3.41137 0.00000 3.41137 3.41137
1.06137 0.00000 1.06137 1.06137
3.43636 0.00000 3.43636 3.43636
0.98416 0.00000 0.98416 0.98416
1.66778 0.00000 1.66778 1.66778
1.73659 0.00000 1.73659 1.73659
4.93495 0.00000 4.93495 4.93495
2.69135 0.00000 2.69135 2.69135
3.36996 0.00000 3.36996 3.36996
2.14409 0.00000 2.14409 2.14409
1.56210 0.00000 1.56210 1.56210
1.33554 0.00000 1.33554 1.33554
1.92240 0.00000 1.92240 1.92240
2.50613 0.00000 2.50613 2.50613
2.44613 0.00000 2.44613 2.44613
1.58883 0.00000 1.58883 1.58883
1.12769 0.00000 1.12769 1.12769
2.46493 0.00000 2.46493 2.46493
2.80690 0.00000 2.80690 2.80690
3.72377 0.00000 3.72377 3.72377
1.81086 0.00000 1.81086 1.81086
