# avg	std	min	max
0.00000 0.00000 0.00000 0.00000
2.39775 0.00000 2.39775 2.39775
3.87729 0.00000 3.87729 3.87729
2.23141 0.00000 2.23141 2.23141
3.57749 0.00000 3.57749 3.57749
2.09566 0.00000 2.09566 2.09566
1.96868 0.00000 1.96868 1.96868
2.17354 0.00000 2.17354 2.17354
4.87581 0.00000 4.87581 4.87581
2.49597 0.00000 2.49597 2.49597
3.59738 0.00000 3.59738 3.59738
2.36113 0.00000 2.36113 2.36113
2.13547 0.00000 2.13547 2.13547
2.34895 0.00000 2.34895 2.34895
2.14279 0.00000 2.14279 2.14279
2.54647 0.00000 2.54647 2.54647
2.40942 0.00000 2.40942 2.40942
2.08481 0.00000 2.08481 2.08481
1.99266 0.00000 1.99266 1.99266
2.42165 0.00000 2.42165 2.42165
2.67891 0.00000 2.67891 2.67891
4.79039 0.00000 4.79039 4.79039
1.82851 0.00000 1.82851 1.82851
