# avg	std	min	max
0.00000 0.00000 0.00000 0.00000
4.35337 0.00000 4.35337 4.35337
10.54402 0.00000 10.54402 10.54402
6.83644 0.00000 6.83644 6.83644
13.06028 0.00000 13.06028 13.06028
6.45395 0.00000 6.45395 6.45395
6.89484 0.00000 6.89484 6.89484
6.75011 0.00000 6.75011 6.75011
9.30728 0.00000 9.30728 9.30728
6.00304 0.00000 6.00304 6.00304
9.92778 0.00000 9.92778 9.92778
6.11516 0.00000 6.11516 6.11516
6.83710 0.00000 6.83710 6.83710
5.61857 0.00000 5.61857 5.61857
5.82923 0.00000 5.82923 5.82923
7.18273 0.00000 7.18273 7.18273
8.26863 0.00000 8.26863 8.26863
6.32683 0.00000 6.32683 6.32683
6.57033 0.00000 6.57033 6.57033
7.31560 0.00000 7.31560 7.31560
9.31339 0.00000 9.31339 9.31339
17.60262 0.00000 17.60262 17.60262
5.50200 0.00000 5.50200 5.50200
