# avg	std	min	max
0.00000 0.00000 0.00000 0.00000
0.31574 0.00000 0.31574 0.31574
0.72681 0.00000 0.72681 0.72681
-0.19403 0.00000 -0.19403 -0.19403
0.35279 0.00000 0.35279 0.35279
-1.05061 0.00000 -1.05061 -1.05061
-0.05886 0.00000 -0.05886 -0.05886
-0.02462 0.00000 -0.02462 -0.02462
0.72398 0.00000 0.72398 0.72398
0.39953 0.00000 0.39953 0.39953
0.55466 0.00000 0.55466 0.55466
0.37021 0.00000 0.37021 0.37021
0.52451 0.00000 0.52451 0.52451
0.49790 0.00000 0.49790 0.49790
0.45351 0.00000 0.45351 0.45351
0.52751 0.00000 0.52751 0.52751
0.38500 0.00000 0.38500 0.38500
0.37446 0.00000 0.37446 0.37446
0.66221 0.00000 0.66221 0.66221
0.42882 0.00000 0.42882 0.42882
0.57186 0.00000 0.57186 0.57186
0.77029 0.00000 0.77029 0.77029
0.53608 0.00000 0.53608 0.53608
