# avg	std	min	max
0.52324 0.00000 0.52324 0.52324
0.15951 0.00000 0.15951 0.15951
0.28386 0.00000 0.28386 0.28386
-0.44802 0.00000 -0.44802 -0.44802
-0.07803 0.00000 -0.07803 -0.07803
-0.01638 0.00000 -0.01638 -0.01638
-0.33002 0.00000 -0.33002 -0.33002
-0.00889 0.00000 -0.00889 -0.00889
0.96825 0.00000 0.96825 0.96825
0.22203 0.00000 0.22203 0.22203
0.79330 0.00000 0.79330 0.79330
0.35034 0.00000 0.35034 0.35034
-0.35810 0.00000 -0.35810 -0.35810
-0.22696 0.00000 -0.22696 -0.22696
-0.44443 0.00000 -0.44443 -0.44443
0.30962 0.00000 0.30962 0.30962
0.35214 0.00000 0.35214 0.35214
-0.82017 0.00000 -0.82017 -0.82017
-0.89594 0.00000 -0.89594 -0.89594
0.00168 0.00000 0.00168 0.00168
0.74320 0.00000 0.74320 0.74320
1.74844 0.00000 1.74844 1.74844
-0.73029 0.00000 -0.73029 -0.73029
