# avg	std	min	max
2.46581 0.00000 2.46581 2.46581
1.68282 0.00000 1.68282 1.68282
1.19336 0.00000 1.19336 1.19336
-0.86211 0.00000 -0.86211 -0.86211
1.65772 0.00000 1.65772 1.65772
-0.57286 0.00000 -0.57286 -0.57286
-0.06862 0.00000 -0.06862 -0.06862
-0.00805 0.00000 -0.00805 -0.00805
4.10718 0.00000 4.10718 4.10718
1.14108 0.00000 1.14108 1.14108
0.01505 0.00000 0.01505 0.01505
0.93161 0.00000 0.93161 0.93161
0.01738 0.00000 0.01738 0.01738
0.87018 0.00000 0.87018 0.87018
1.21722 0.00000 1.21722 1.21722
4.02254 0.00000 4.02254 4.02254
3.96498 0.00000 3.96498 3.96498
-0.12403 0.00000 -0.12403 -0.12403
0.16873 0.00000 0.16873 0.16873
-0.00549 0.00000 -0.00549 -0.00549
6.33438 0.00000 6.33438 6.33438
7.24074 0.00000 7.24074 7.24074
1.50622 0.00000 1.50622 1.50622
