# avg	std	min	max
7.14613 0.00000 7.14613 7.14613
5.44422 0.00000 5.44422 5.44422
1.53495 0.00000 1.53495 1.53495
1.49942 0.00000 1.49942 1.49942
-0.00779 0.00000 -0.00779 -0.00779
0.89897 0.00000 0.89897 0.89897
6.27431 0.00000 6.27431 6.27431
11.83998 0.00000 11.83998 11.83998
6.40008 0.00000 6.40008 6.40008
6.27148 0.00000 6.27148 6.27148
3.96722 0.00000 3.96722 3.96722
4.41989 0.00000 4.41989 4.41989
5.44911 0.00000 5.44911 5.44911
4.81262 0.00000 4.81262 4.81262
4.46823 0.00000 4.46823 4.46823
6.02120 0.00000 6.02120 6.02120
5.18526 0.00000 5.18526 5.18526
5.38724 0.00000 5.38724 5.38724
7.74566 0.00000 7.74566 7.74566
5.57524 0.00000 5.57524 5.57524
8.17358 0.00000 8.17358 8.17358
6.73060 0.00000 6.73060 6.73060
24.40086 0.00000 24.40086 24.40086
