# avg	std	min	max
1.75717 0.00000 1.75717 1.75717
1.14400 0.00000 1.14400 1.14400
0.45145 0.00000 0.45145 0.45145
0.31750 0.00000 0.31750 0.31750
0.00093 0.00000 0.00093 0.00093
0.07221 0.00000 0.07221 0.07221
0.28811 0.00000 0.28811 0.28811
0.98796 0.00000 0.98796 0.98796
5.33327 0.00000 5.33327 5.33327
1.41868 0.00000 1.41868 1.41868
0.94998 0.00000 0.94998 0.94998
0.92692 0.00000 0.92692 0.92692
0.44858 0.00000 0.44858 0.44858
1.28618 0.00000 1.28618 1.28618
0.52980 0.00000 0.52980 0.52980
1.63172 0.00000 1.63172 1.63172
1.27627 0.00000 1.27627 1.27627
0.41863 0.00000 0.41863 0.41863
0.79355 0.00000 0.79355 0.79355
1.06028 0.00000 1.06028 1.06028
1.89147 0.00000 1.89147 1.89147
1.72047 0.00000 1.72047 1.72047
0.11279 0.00000 0.11279 0.11279
