# avg	std	min	max
0.69402 0.00000 0.69402 0.69402
0.35578 0.00000 0.35578 0.35578
-0.06096 0.00000 -0.06096 -0.06096
-0.07893 0.00000 -0.07893 -0.07893
-0.17137 0.00000 -0.17137 -0.17137
-0.81431 0.00000 -0.81431 -0.81431
-0.72052 0.00000 -0.72052 -0.72052
0.38253 0.00000 0.38253 0.38253
3.04001 0.00000 3.04001 3.04001
0.19445 0.00000 0.19445 0.19445
0.07438 0.00000 0.07438 0.07438
-0.01397 0.00000 -0.01397 -0.01397
-0.28348 0.00000 -0.28348 -0.28348
0.56394 0.00000 0.56394 0.56394
0.14812 0.00000 0.14812 0.14812
0.75340 0.00000 0.75340 0.75340
0.47869 0.00000 0.47869 0.47869
-0.00152 0.00000 -0.00152 -0.00152
0.07627 0.00000 0.07627 0.07627
0.39533 0.00000 0.39533 0.39533
0.56450 0.00000 0.56450 0.56450
0.51599 0.00000 0.51599 0.51599
0.05550 0.00000 0.05550 0.05550
