# avg	std	min	max
2.28487 0.00000 2.28487 2.28487
0.97767 0.00000 0.97767 0.97767
0.27255 0.00000 0.27255 0.27255
0.10770 0.00000 0.10770 0.10770
-0.25622 0.00000 -0.25622 -0.25622
-0.24576 0.00000 -0.24576 -0.24576
-0.10798 0.00000 -0.10798 -0.10798
-0.04469 0.00000 -0.04469 -0.04469
2.43855 0.00000 2.43855 2.43855
1.22997 0.00000 1.22997 1.22997
0.81642 0.00000 0.81642 0.81642
0.82400 0.00000 0.82400 0.82400
0.04791 0.00000 0.04791 0.04791
0.66085 0.00000 0.66085 0.66085
0.24331 0.00000 0.24331 0.24331
1.12333 0.00000 1.12333 1.12333
0.45346 0.00000 0.45346 0.45346
-0.02533 0.00000 -0.02533 -0.02533
-0.04834 0.00000 -0.04834 -0.04834
0.65822 0.00000 0.65822 0.65822
1.26241 0.00000 1.26241 1.26241
0.84750 0.00000 0.84750 0.84750
0.20615 0.00000 0.20615 0.20615
