# avg	std	min	max
0.38006 0.00000 0.38006 0.38006
0.12284 0.00000 0.12284 0.12284
0.42114 0.00000 0.42114 0.42114
0.15607 0.00000 0.15607 0.15607
0.36647 0.00000 0.36647 0.36647
-0.10844 0.00000 -0.10844 -0.10844
-0.12554 0.00000 -0.12554 -0.12554
-0.26630 0.00000 -0.26630 -0.26630
-1.30667 0.00000 -1.30667 -1.30667
-0.10552 0.00000 -0.10552 -0.10552
0.31670 0.00000 0.31670 0.31670
0.27623 0.00000 0.27623 0.27623
-0.01053 0.00000 -0.01053 -0.01053
-0.10783 0.00000 -0.10783 -0.10783
-0.00491 0.00000 -0.00491 -0.00491
0.35658 0.00000 0.35658 0.35658
-0.34714 0.00000 -0.34714 -0.34714
-0.00000 0.00000 -0.00000 -0.00000
-0.28630 0.00000 -0.28630 -0.28630
-0.21625 0.00000 -0.21625 -0.21625
0.55515 0.00000 0.55515 0.55515
0.59784 0.00000 0.59784 0.59784
0.08211 0.00000 0.08211 0.08211
