# avg	std	min	max
5.25432 0.00000 5.25432 5.25432
3.24881 0.00000 3.24881 3.24881
0.39696 0.00000 0.39696 0.39696
-0.03651 0.00000 -0.03651 -0.03651
1.08247 0.00000 1.08247 1.08247
-0.55198 0.00000 -0.55198 -0.55198
1.14718 0.00000 1.14718 1.14718
3.69079 0.00000 3.69079 3.69079
5.82033 0.00000 5.82033 5.82033
3.40282 0.00000 3.40282 3.40282
1.64424 0.00000 1.64424 1.64424
2.73783 0.00000 2.73783 2.73783
1.57487 0.00000 1.57487 1.57487
2.74293 0.00000 2.74293 2.74293
2.12887 0.00000 2.12887 2.12887
2.63486 0.00000 2.63486 2.63486
1.78111 0.00000 1.78111 1.78111
3.22038 0.00000 3.22038 3.22038
3.38966 0.00000 3.38966 3.38966
1.55763 0.00000 1.55763 1.55763
3.86806 0.00000 3.86806 3.86806
4.69445 0.00000 4.69445 4.69445
4.00150 0.00000 4.00150 4.00150
