# avg	std	min	max
5.83882 0.00000 5.83882 5.83882
4.42634 0.00000 4.42634 4.42634
4.21015 0.00000 4.21015 4.21015
-0.00673 0.00000 -0.00673 -0.00673
2.97539 0.00000 2.97539 2.97539
0.20890 0.00000 0.20890 0.20890
4.28574 0.00000 4.28574 4.28574
10.54647 0.00000 10.54647 10.54647
6.51753 0.00000 6.51753 6.51753
4.65975 0.00000 4.65975 4.65975
3.92663 0.00000 3.92663 3.92663
3.86142 0.00000 3.86142 3.86142
9.31253 0.00000 9.31253 9.31253
4.78848 0.00000 4.78848 4.78848
4.15634 0.00000 4.15634 4.15634
6.18508 0.00000 6.18508 6.18508
5.59646 0.00000 5.59646 5.59646
2.85730 0.00000 2.85730 2.85730
5.15817 0.00000 5.15817 5.15817
7.19618 0.00000 7.19618 7.19618
9.25233 0.00000 9.25233 9.25233
9.91938 0.00000 9.91938 9.91938
9.63574 0.00000 9.63574 9.63574
