# avg	std	min	max
6.72503 0.00000 6.72503 6.72503
4.53095 0.00000 4.53095 4.53095
3.47518 0.00000 3.47518 3.47518
-0.03927 0.00000 -0.03927 -0.03927
2.91239 0.00000 2.91239 2.91239
0.21850 0.00000 0.21850 0.21850
2.43000 0.00000 2.43000 2.43000
1.21836 0.00000 1.21836 1.21836
9.00750 0.00000 9.00750 9.00750
5.72623 0.00000 5.72623 5.72623
4.52702 0.00000 4.52702 4.52702
3.83580 0.00000 3.83580 3.83580
1.15904 0.00000 1.15904 1.15904
4.45049 0.00000 4.45049 4.45049
3.65803 0.00000 3.65803 3.65803
5.68640 0.00000 5.68640 5.68640
4.97941 0.00000 4.97941 4.97941
3.20244 0.00000 3.20244 3.20244
2.56793 0.00000 2.56793 2.56793
3.79190 0.00000 3.79190 3.79190
8.09045 0.00000 8.09045 8.09045
9.31923 0.00000 9.31923 9.31923
2.78382 0.00000 2.78382 2.78382
