# avg	std	min	max
2.99747 0.00000 2.99747 2.99747
2.42808 0.00000 2.42808 2.42808
1.81528 0.00000 1.81528 1.81528
-0.01774 0.00000 -0.01774 -0.01774
0.37234 0.00000 0.37234 0.37234
-0.22820 0.00000 -0.22820 -0.22820
1.08405 0.00000 1.08405 1.08405
2.36533 0.00000 2.36533 2.36533
6.08392 0.00000 6.08392 6.08392
3.19108 0.00000 3.19108 3.19108
2.61809 0.00000 2.61809 2.61809
2.22428 0.00000 2.22428 2.22428
1.29818 0.00000 1.29818 1.29818
2.90090 0.00000 2.90090 2.90090
2.63100 0.00000 2.63100 2.63100
3.36518 0.00000 3.36518 3.36518
2.72633 0.00000 2.72633 2.72633
1.71288 0.00000 1.71288 1.71288
1.27606 0.00000 1.27606 1.27606
2.32438 0.00000 2.32438 2.32438
4.19542 0.00000 4.19542 4.19542
5.34393 0.00000 5.34393 5.34393
0.92412 0.00000 0.92412 0.92412
