# avg	std	min	max
0.70777 0.00000 0.70777 0.70777
0.78314 0.00000 0.78314 0.78314
0.16474 0.00000 0.16474 0.16474
0.89725 0.00000 0.89725 0.89725
0.07837 0.00000 0.07837 0.07837
0.33051 0.00000 0.33051 0.33051
1.00167 0.00000 1.00167 1.00167
1.38656 0.00000 1.38656 1.38656
-0.53888 0.00000 -0.53888 -0.53888
-0.11547 0.00000 -0.11547 -0.11547
0.83331 0.00000 0.83331 0.83331
0.53561 0.00000 0.53561 0.53561
1.05529 0.00000 1.05529 1.05529
-0.07177 0.00000 -0.07177 -0.07177
-0.09304 0.00000 -0.09304 -0.09304
0.39178 0.00000 0.39178 0.39178
0.20465 0.00000 0.20465 0.20465
0.38071 0.00000 0.38071 0.38071
-0.39471 0.00000 -0.39471 -0.39471
0.69300 0.00000 0.69300 0.69300
0.59355 0.00000 0.59355 0.59355
1.00994 0.00000 1.00994 1.00994
0.31081 0.00000 0.31081 0.31081
