# avg	std	min	max
1.78582 0.00000 1.78582 1.78582
1.42326 0.00000 1.42326 1.42326
1.88020 0.00000 1.88020 1.88020
1.00417 0.00000 1.00417 1.00417
0.83440 0.00000 0.83440 0.83440
0.56866 0.00000 0.56866 0.56866
0.80324 0.00000 0.80324 0.80324
0.78553 0.00000 0.78553 0.78553
-0.00300 0.00000 -0.00300 -0.00300
1.77969 0.00000 1.77969 1.77969
1.60586 0.00000 1.60586 1.60586
1.76471 0.00000 1.76471 1.76471
1.01408 0.00000 1.01408 1.01408
1.70998 0.00000 1.70998 1.70998
1.04184 0.00000 1.04184 1.04184
1.94854 0.00000 1.94854 1.94854
1.53939 0.00000 1.53939 1.53939
1.04582 0.00000 1.04582 1.04582
1.20614 0.00000 1.20614 1.20614
1.57537 0.00000 1.57537 1.57537
1.91651 0.00000 1.91651 1.91651
1.93085 0.00000 1.93085 1.93085
0.96504 0.00000 0.96504 0.96504
