# avg	std	min	max
2.10362 0.00000 2.10362 2.10362
1.43861 0.00000 1.43861 1.43861
2.00244 0.00000 2.00244 2.00244
0.75310 0.00000 0.75310 0.75310
1.67140 0.00000 1.67140 1.67140
1.39056 0.00000 1.39056 1.39056
1.67235 0.00000 1.67235 1.67235
1.83360 0.00000 1.83360 1.83360
-0.02122 0.00000 -0.02122 -0.02122
2.15237 0.00000 2.15237 2.15237
2.12412 0.00000 2.12412 2.12412
1.93961 0.00000 1.93961 1.93961
1.68318 0.00000 1.68318 1.68318
2.23557 0.00000 2.23557 2.23557
1.51590 0.00000 1.51590 1.51590
2.76115 0.00000 2.76115 2.76115
1.59429 0.00000 1.59429 1.59429
1.02611 0.00000 1.02611 1.02611
1.31098 0.00000 1.31098 1.31098
2.40068 0.00000 2.40068 2.40068
2.23681 0.00000 2.23681 2.23681
3.31980 0.00000 3.31980 3.31980
1.69185 0.00000 1.69185 1.69185
