# avg	std	min	max
1.19525 0.00000 1.19525 1.19525
0.91014 0.00000 0.91014 0.91014
1.03022 0.00000 1.03022 1.03022
1.06564 0.00000 1.06564 1.06564
1.21367 0.00000 1.21367 1.21367
1.08222 0.00000 1.08222 1.08222
1.01252 0.00000 1.01252 1.01252
0.97541 0.00000 0.97541 0.97541
0.00228 0.00000 0.00228 0.00228
1.07410 0.00000 1.07410 1.07410
1.01165 0.00000 1.01165 1.01165
1.15164 0.00000 1.15164 1.15164
1.02501 0.00000 1.02501 1.02501
1.19099 0.00000 1.19099 1.19099
1.13873 0.00000 1.13873 1.13873
1.06408 0.00000 1.06408 1.06408
0.52932 0.00000 0.52932 0.52932
1.04191 0.00000 1.04191 1.04191
1.07130 0.00000 1.07130 1.07130
1.08258 0.00000 1.08258 1.08258
1.04261 0.00000 1.04261 1.04261
1.13079 0.00000 1.13079 1.13079
0.88242 0.00000 0.88242 0.88242
