# avg	std	min	max
1.59649 0.00000 1.59649 1.59649
1.43414 0.00000 1.43414 1.43414
2.02882 0.00000 2.02882 2.02882
1.42322 0.00000 1.42322 1.42322
1.69560 0.00000 1.69560 1.69560
1.53235 0.00000 1.53235 1.53235
1.40069 0.00000 1.40069 1.40069
1.39032 0.00000 1.39032 1.39032
-0.00144 0.00000 -0.00144 -0.00144
1.61438 0.00000 1.61438 1.61438
1.91534 0.00000 1.91534 1.91534
1.48711 0.00000 1.48711 1.48711
1.53407 0.00000 1.53407 1.53407
1.44816 0.00000 1.44816 1.44816
1.04947 0.00000 1.04947 1.04947
1.47689 0.00000 1.47689 1.47689
1.62366 0.00000 1.62366 1.62366
1.29931 0.00000 1.29931 1.29931
0.97622 0.00000 0.97622 0.97622
1.45978 0.00000 1.45978 1.45978
2.00158 0.00000 2.00158 2.00158
2.76637 0.00000 2.76637 2.76637
1.18267 0.00000 1.18267 1.18267
