# avg	std	min	max
1.43461 0.00000 1.43461 1.43461
0.93870 0.00000 0.93870 0.93870
0.07642 0.00000 0.07642 0.07642
-0.84056 0.00000 -0.84056 -0.84056
-0.54268 0.00000 -0.54268 -0.54268
-0.99178 0.00000 -0.99178 -0.99178
0.71011 0.00000 0.71011 0.71011
0.71590 0.00000 0.71590 0.71590
2.25525 0.00000 2.25525 2.25525
0.96604 0.00000 0.96604 0.96604
0.53500 0.00000 0.53500 0.53500
0.13434 0.00000 0.13434 0.13434
0.69807 0.00000 0.69807 0.69807
0.85435 0.00000 0.85435 0.85435
-0.02016 0.00000 -0.02016 -0.02016
0.97274 0.00000 0.97274 0.97274
0.39530 0.00000 0.39530 0.39530
-0.49162 0.00000 -0.49162 -0.49162
-0.28219 0.00000 -0.28219 -0.28219
0.90433 0.00000 0.90433 0.90433
1.24221 0.00000 1.24221 1.24221
0.39206 0.00000 0.39206 0.39206
0.59585 0.00000 0.59585 0.59585
