# avg	std	min	max
2.10767 0.00000 2.10767 2.10767
1.19514 0.00000 1.19514 1.19514
-0.23463 0.00000 -0.23463 -0.23463
-0.27648 0.00000 -0.27648 -0.27648
-0.85835 0.00000 -0.85835 -0.85835
-0.22890 0.00000 -0.22890 -0.22890
2.17367 0.00000 2.17367 2.17367
4.43940 0.00000 4.43940 4.43940
4.31723 0.00000 4.31723 4.31723
1.22163 0.00000 1.22163 1.22163
0.71522 0.00000 0.71522 0.71522
0.99596 0.00000 0.99596 0.99596
2.79349 0.00000 2.79349 2.79349
1.85418 0.00000 1.85418 1.85418
0.73605 0.00000 0.73605 0.73605
3.01410 0.00000 3.01410 3.01410
1.48842 0.00000 1.48842 1.48842
0.05237 0.00000 0.05237 0.05237
-0.00862 0.00000 -0.00862 -0.00862
0.46157 0.00000 0.46157 0.46157
2.02737 0.00000 2.02737 2.02737
2.31631 0.00000 2.31631 2.31631
3.94961 0.00000 3.94961 3.94961
