# avg	std	min	max
2.07970 0.00000 2.07970 2.07970
0.66109 0.00000 0.66109 0.66109
-0.50186 0.00000 -0.50186 -0.50186
-0.87399 0.00000 -0.87399 -0.87399
-1.31350 0.00000 -1.31350 -1.31350
-0.80629 0.00000 -0.80629 -0.80629
-0.62036 0.00000 -0.62036 -0.62036
-0.24850 0.00000 -0.24850 -0.24850
7.56253 0.00000 7.56253 7.56253
1.25604 0.00000 1.25604 1.25604
0.44650 0.00000 0.44650 0.44650
0.51755 0.00000 0.51755 0.51755
-0.52596 0.00000 -0.52596 -0.52596
0.85862 0.00000 0.85862 0.85862
0.21163 0.00000 0.21163 0.21163
1.14294 0.00000 1.14294 1.14294
0.40408 0.00000 0.40408 0.40408
-0.27514 0.00000 -0.27514 -0.27514
-0.01734 0.00000 -0.01734 -0.01734
0.22173 0.00000 0.22173 0.22173
0.97953 0.00000 0.97953 0.97953
0.52074 0.00000 0.52074 0.52074
-0.54749 0.00000 -0.54749 -0.54749
