# avg	std	min	max
0.51714 0.00000 0.51714 0.51714
0.32946 0.00000 0.32946 0.32946
0.04824 0.00000 0.04824 0.04824
-0.61374 0.00000 -0.61374 -0.61374
0.01506 0.00000 0.01506 0.01506
-0.78911 0.00000 -0.78911 -0.78911
-0.57114 0.00000 -0.57114 -0.57114
-0.84449 0.00000 -0.84449 -0.84449
4.32045 0.00000 4.32045 4.32045
0.00056 0.00000 0.00056 0.00056
0.01917 0.00000 0.01917 0.01917
-0.24251 0.00000 -0.24251 -0.24251
-0.30504 0.00000 -0.30504 -0.30504
0.14763 0.00000 0.14763 0.14763
-0.49465 0.00000 -0.49465 -0.49465
0.82700 0.00000 0.82700 0.82700
0.22769 0.00000 0.22769 0.22769
-0.55158 0.00000 -0.55158 -0.55158
-0.82041 0.00000 -0.82041 -0.82041
-0.02728 0.00000 -0.02728 -0.02728
0.42431 0.00000 0.42431 0.42431
0.05500 0.00000 0.05500 0.05500
-0.68185 0.00000 -0.68185 -0.68185
