# avg	std	min	max
0.37062 0.00000 0.37062 0.37062
-0.74644 0.00000 -0.74644 -0.74644
-1.64318 0.00000 -1.64318 -1.64318
-1.90959 0.00000 -1.90959 -1.90959
-2.36268 0.00000 -2.36268 -2.36268
-2.35890 0.00000 -2.35890 -2.35890
-1.91022 0.00000 -1.91022 -1.91022
-2.14453 0.00000 -2.14453 -2.14453
0.53307 0.00000 0.53307 0.53307
-0.00001 0.00000 -0.00001 -0.00001
-1.07828 0.00000 -1.07828 -1.07828
-0.60431 0.00000 -0.60431 -0.60431
-1.62545 0.00000 -1.62545 -1.62545
-0.60596 0.00000 -0.60596 -0.60596
-1.13627 0.00000 -1.13627 -1.13627
-0.11423 0.00000 -0.11423 -0.11423
-0.70366 0.00000 -0.70366 -0.70366
-1.31212 0.00000 -1.31212 -1.31212
-1.18316 0.00000 -1.18316 -1.18316
-0.96017 0.00000 -0.96017 -0.96017
0.53227 0.00000 0.53227 0.53227
0.45005 0.00000 0.45005 0.45005
-1.72888 0.00000 -1.72888 -1.72888
