# avg	std	min	max
0.66432 0.00000 0.66432 0.66432
-0.02996 0.00000 -0.02996 -0.02996
1.08551 0.00000 1.08551 1.08551
-0.36826 0.00000 -0.36826 -0.36826
0.29183 0.00000 0.29183 0.29183
-0.59764 0.00000 -0.59764 -0.59764
-0.60190 0.00000 -0.60190 -0.60190
-0.23160 0.00000 -0.23160 -0.23160
1.05383 0.00000 1.05383 1.05383
0.00091 0.00000 0.00091 0.00091
0.24176 0.00000 0.24176 0.24176
0.18960 0.00000 0.18960 0.18960
-0.88953 0.00000 -0.88953 -0.88953
0.15196 0.00000 0.15196 0.15196
0.17466 0.00000 0.17466 0.17466
0.44751 0.00000 0.44751 0.44751
0.14500 0.00000 0.14500 0.14500
-0.11716 0.00000 -0.11716 -0.11716
-0.40134 0.00000 -0.40134 -0.40134
0.33051 0.00000 0.33051 0.33051
0.45506 0.00000 0.45506 0.45506
1.77956 0.00000 1.77956 1.77956
-1.00572 0.00000 -1.00572 -1.00572
