# avg	std	min	max
1.04807 0.00000 1.04807 1.04807
0.16490 0.00000 0.16490 0.16490
-0.00359 0.00000 -0.00359 -0.00359
-1.16136 0.00000 -1.16136 -1.16136
0.16674 0.00000 0.16674 0.16674
-0.86148 0.00000 -0.86148 -0.86148
-0.62822 0.00000 -0.62822 -0.62822
-0.45153 0.00000 -0.45153 -0.45153
2.30271 0.00000 2.30271 2.30271
-0.00112 0.00000 -0.00112 -0.00112
0.00325 0.00000 0.00325 0.00325
-0.83439 0.00000 -0.83439 -0.83439
-0.58653 0.00000 -0.58653 -0.58653
0.10348 0.00000 0.10348 0.10348
0.52760 0.00000 0.52760 0.52760
0.06661 0.00000 0.06661 0.06661
0.33730 0.00000 0.33730 0.33730
-0.18217 0.00000 -0.18217 -0.18217
0.11237 0.00000 0.11237 0.11237
0.60013 0.00000 0.60013 0.60013
0.79889 0.00000 0.79889 0.79889
2.30309 0.00000 2.30309 2.30309
-0.98200 0.00000 -0.98200 -0.98200
