# avg	std	min	max
0.95939 0.00000 0.95939 0.95939
0.41099 0.00000 0.41099 0.41099
0.15206 0.00000 0.15206 0.15206
-0.24228 0.00000 -0.24228 -0.24228
-0.60757 0.00000 -0.60757 -0.60757
-1.10803 0.00000 -1.10803 -1.10803
-0.24025 0.00000 -0.24025 -0.24025
0.19419 0.00000 0.19419 0.19419
4.14356 0.00000 4.14356 4.14356
0.36198 0.00000 0.36198 0.36198
-0.02470 0.00000 -0.02470 -0.02470
0.28219 0.00000 0.28219 0.28219
-0.11105 0.00000 -0.11105 -0.11105
0.42058 0.00000 0.42058 0.42058
0.24431 0.00000 0.24431 0.24431
0.52745 0.00000 0.52745 0.52745
0.31879 0.00000 0.31879 0.31879
-0.18465 0.00000 -0.18465 -0.18465
-0.38614 0.00000 -0.38614 -0.38614
0.32668 0.00000 0.32668 0.32668
0.50863 0.00000 0.50863 0.50863
0.38355 0.00000 0.38355 0.38355
-0.61166 0.00000 -0.61166 -0.61166
