# avg	std	min	max
1.96994 0.00000 1.96994 1.96994
0.72959 0.00000 0.72959 0.72959
-1.70136 0.00000 -1.70136 -1.70136
0.65290 0.00000 0.65290 0.65290
-2.10067 0.00000 -2.10067 -2.10067
-1.42987 0.00000 -1.42987 -1.42987
-0.36170 0.00000 -0.36170 -0.36170
-0.66749 0.00000 -0.66749 -0.66749
1.63367 0.00000 1.63367 1.63367
1.48591 0.00000 1.48591 1.48591
0.00056 0.00000 0.00056 0.00056
-0.07852 0.00000 -0.07852 -0.07852
-0.36557 0.00000 -0.36557 -0.36557
0.82135 0.00000 0.82135 0.82135
-0.15640 0.00000 -0.15640 -0.15640
1.74161 0.00000 1.74161 1.74161
0.96706 0.00000 0.96706 0.96706
-0.06105 0.00000 -0.06105 -0.06105
-0.21005 0.00000 -0.21005 -0.21005
0.64943 0.00000 0.64943 0.64943
3.88755 0.00000 3.88755 3.88755
2.68271 0.00000 2.68271 2.68271
-0.38222 0.00000 -0.38222 -0.38222
