# avg	std	min	max
1.51208 0.00000 1.51208 1.51208
0.67217 0.00000 0.67217 0.67217
-0.52821 0.00000 -0.52821 -0.52821
-0.83370 0.00000 -0.83370 -0.83370
-1.17781 0.00000 -1.17781 -1.17781
-0.44867 0.00000 -0.44867 -0.44867
0.98935 0.00000 0.98935 0.98935
2.03265 0.00000 2.03265 2.03265
3.56616 0.00000 3.56616 3.56616
0.63457 0.00000 0.63457 0.63457
0.00124 0.00000 0.00124 0.00124
0.16689 0.00000 0.16689 0.16689
1.09189 0.00000 1.09189 1.09189
-0.54192 0.00000 -0.54192 -0.54192
-0.03519 0.00000 -0.03519 -0.03519
2.15625 0.00000 2.15625 2.15625
1.08140 0.00000 1.08140 1.08140
-0.60208 0.00000 -0.60208 -0.60208
-1.47126 0.00000 -1.47126 -1.47126
0.48979 0.00000 0.48979 0.48979
1.57871 0.00000 1.57871 1.57871
1.22714 0.00000 1.22714 1.22714
1.92780 0.00000 1.92780 1.92780
