# avg	std	min	max
0.82818 0.00000 0.82818 0.82818
0.25851 0.00000 0.25851 0.25851
0.92634 0.00000 0.92634 0.92634
0.56762 0.00000 0.56762 0.56762
0.32745 0.00000 0.32745 0.32745
0.27760 0.00000 0.27760 0.27760
0.43847 0.00000 0.43847 0.43847
0.45913 0.00000 0.45913 0.45913
0.05484 0.00000 0.05484 0.05484
-0.29362 0.00000 -0.29362 -0.29362
-0.00041 0.00000 -0.00041 -0.00041
0.36963 0.00000 0.36963 0.36963
0.58412 0.00000 0.58412 0.58412
0.12664 0.00000 0.12664 0.12664
-0.18608 0.00000 -0.18608 -0.18608
0.77705 0.00000 0.77705 0.77705
0.57842 0.00000 0.57842 0.57842
-0.14461 0.00000 -0.14461 -0.14461
-0.51951 0.00000 -0.51951 -0.51951
0.33587 0.00000 0.33587 0.33587
0.92831 0.00000 0.92831 0.92831
0.71619 0.00000 0.71619 0.71619
0.57756 0.00000 0.57756 0.57756
