# avg	std	min	max
1.31697 0.00000 1.31697 1.31697
0.54931 0.00000 0.54931 0.54931
-1.09971 0.00000 -1.09971 -1.09971
-1.27900 0.00000 -1.27900 -1.27900
-1.67365 0.00000 -1.67365 -1.67365
-0.86724 0.00000 -0.86724 -0.86724
-0.53134 0.00000 -0.53134 -0.53134
0.14245 0.00000 0.14245 0.14245
3.02780 0.00000 3.02780 3.02780
1.15976 0.00000 1.15976 1.15976
-0.00018 0.00000 -0.00018 -0.00018
0.20968 0.00000 0.20968 0.20968
-0.24453 0.00000 -0.24453 -0.24453
-0.45619 0.00000 -0.45619 -0.45619
0.24095 0.00000 0.24095 0.24095
-0.85076 0.00000 -0.85076 -0.85076
-0.63768 0.00000 -0.63768 -0.63768
-0.25190 0.00000 -0.25190 -0.25190
-0.00414 0.00000 -0.00414 -0.00414
0.04763 0.00000 0.04763 0.04763
0.30748 0.00000 0.30748 0.30748
0.00958 0.00000 0.00958 0.00958
-0.52917 0.00000 -0.52917 -0.52917
