# avg	std	min	max
3.68946 0.00000 3.68946 3.68946
2.43725 0.00000 2.43725 2.43725
-0.00024 0.00000 -0.00024 -0.00024
-0.13601 0.00000 -0.13601 -0.13601
-0.51306 0.00000 -0.51306 -0.51306
-0.82435 0.00000 -0.82435 -0.82435
1.82735 0.00000 1.82735 1.82735
1.70882 0.00000 1.70882 1.70882
3.45233 0.00000 3.45233 3.45233
3.25755 0.00000 3.25755 3.25755
1.81607 0.00000 1.81607 1.81607
1.39596 0.00000 1.39596 1.39596
2.02312 0.00000 2.02312 2.02312
2.52890 0.00000 2.52890 2.52890
1.47590 0.00000 1.47590 1.47590
2.54817 0.00000 2.54817 2.54817
2.29897 0.00000 2.29897 2.29897
1.92946 0.00000 1.92946 1.92946
1.45493 0.00000 1.45493 1.45493
2.01096 0.00000 2.01096 2.01096
4.65695 0.00000 4.65695 4.65695
2.81120 0.00000 2.81120 2.81120
2.08607 0.00000 2.08607 2.08607
