# avg	std	min	max
2.31881 0.00000 2.31881 2.31881
1.45320 0.00000 1.45320 1.45320
0.00001 0.00000 0.00001 0.00001
0.09079 0.00000 0.09079 0.09079
-0.16943 0.00000 -0.16943 -0.16943
0.01501 0.00000 0.01501 0.01501
0.40075 0.00000 0.40075 0.40075
0.85656 0.00000 0.85656 0.85656
6.57811 0.00000 6.57811 6.57811
1.96303 0.00000 1.96303 1.96303
0.85992 0.00000 0.85992 0.85992
1.15617 0.00000 1.15617 1.15617
0.34387 0.00000 0.34387 0.34387
1.73897 0.00000 1.73897 1.73897
1.11321 0.00000 1.11321 1.11321
2.16572 0.00000 2.16572 2.16572
1.13140 0.00000 1.13140 1.13140
0.45332 0.00000 0.45332 0.45332
1.00239 0.00000 1.00239 1.00239
1.46398 0.00000 1.46398 1.46398
1.93325 0.00000 1.93325 1.93325
0.82324 0.00000 0.82324 0.82324
0.48714 0.00000 0.48714 0.48714
