# avg	std	min	max
5.86250 0.00000 5.86250 5.86250
3.77419 0.00000 3.77419 3.77419
-0.00025 0.00000 -0.00025 -0.00025
-0.26270 0.00000 -0.26270 -0.26270
0.00657 0.00000 0.00657 0.00657
1.83612 0.00000 1.83612 1.83612
6.37587 0.00000 6.37587 6.37587
8.27704 0.00000 8.27704 8.27704
2.39337 0.00000 2.39337 2.39337
4.96996 0.00000 4.96996 4.96996
2.63168 0.00000 2.63168 2.63168
2.55948 0.00000 2.55948 2.55948
8.88730 0.00000 8.88730 8.88730
3.39605 0.00000 3.39605 3.39605
4.93869 0.00000 4.93869 4.93869
4.56454 0.00000 4.56454 4.56454
5.83936 0.00000 5.83936 5.83936
5.68847 0.00000 5.68847 5.68847
7.20161 0.00000 7.20161 7.20161
5.16801 0.00000 5.16801 5.16801
11.66516 0.00000 11.66516 11.66516
9.05182 0.00000 9.05182 9.05182
13.31010 0.00000 13.31010 13.31010
