# avg	std	min	max
5.43500 0.00000 5.43500 5.43500
3.39683 0.00000 3.39683 3.39683
0.04340 0.00000 0.04340 0.04340
0.56089 0.00000 0.56089 0.56089
-0.61666 0.00000 -0.61666 -0.61666
1.64917 0.00000 1.64917 1.64917
5.31266 0.00000 5.31266 5.31266
10.79834 0.00000 10.79834 10.79834
3.69356 0.00000 3.69356 3.69356
4.47889 0.00000 4.47889 4.47889
2.50867 0.00000 2.50867 2.50867
2.64209 0.00000 2.64209 2.64209
6.44979 0.00000 6.44979 6.44979
3.62484 0.00000 3.62484 3.62484
5.10203 0.00000 5.10203 5.10203
5.00114 0.00000 5.00114 5.00114
6.09447 0.00000 6.09447 6.09447
4.66583 0.00000 4.66583 4.66583
7.23831 0.00000 7.23831 7.23831
6.02292 0.00000 6.02292 6.02292
10.86258 0.00000 10.86258 10.86258
9.73740 0.00000 9.73740 9.73740
12.15470 0.00000 12.15470 12.15470
