# avg	std	min	max
2.14352 0.00000 2.14352 2.14352
1.07282 0.00000 1.07282 1.07282
1.34600 0.00000 1.34600 1.34600
0.10143 0.00000 0.10143 0.10143
0.80402 0.00000 0.80402 0.80402
0.50848 0.00000 0.50848 0.50848
-0.19257 0.00000 -0.19257 -0.19257
-0.01962 0.00000 -0.01962 -0.01962
2.83702 0.00000 2.83702 2.83702
1.48151 0.00000 1.48151 1.48151
1.40309 0.00000 1.40309 1.40309
0.95165 0.00000 0.95165 0.95165
0.00156 0.00000 0.00156 0.00156
1.60750 0.00000 1.60750 1.60750
0.82756 0.00000 0.82756 0.82756
2.09939 0.00000 2.09939 2.09939
1.08438 0.00000 1.08438 1.08438
0.23391 0.00000 0.23391 0.23391
0.53159 0.00000 0.53159 0.53159
1.01692 0.00000 1.01692 1.01692
1.40758 0.00000 1.40758 1.40758
1.46657 0.00000 1.46657 1.46657
-0.02087 0.00000 -0.02087 -0.02087
