# avg	std	min	max
2.11104 0.00011 2.11087 2.11113
-0.00000 0.00000 -0.00000 0.00000
-0.93308 0.01955 -0.97043 -0.91456
0.98023 0.16755 0.79467 1.24955
1.56937 1.12720 0.42764 3.67024
2.67199 0.27422 2.30412 2.98848
17.38842 0.59087 16.50510 18.24990
31.21660 2.57174 27.36650 34.56800
5.08753 0.07922 4.93887 5.16635
0.88440 0.21270 0.70782 1.15838
-0.06088 0.22549 -0.18048 0.38993
0.29442 0.07038 0.24970 0.43405
21.25878 2.60582 16.11690 23.20790
4.76646 0.30318 4.37193 5.16548
6.80267 1.96632 4.18585 9.08857
6.61952 0.24148 6.27451 7.00538
9.03271 0.85926 7.50115 9.89163
7.23645 0.87210 5.84111 8.20770
11.98813 1.60507 9.05434 13.91250
13.42094 0.32200 13.02000 13.76250
