# avg	std	min	max
0.71595 0.01077 0.70072 0.73436
0.21487 0.02069 0.19259 0.24397
-0.26372 0.03154 -0.31277 -0.22757
-0.84930 0.05860 -0.92902 -0.76516
-0.51680 0.04329 -0.56802 -0.43856
-0.98960 0.19403 -1.23383 -0.73702
-1.14058 0.03306 -1.19822 -1.10183
0.30870 0.06552 0.17811 0.35076
1.77224 0.04535 1.71565 1.82020
0.50042 0.01151 0.48022 0.51322
0.18811 0.00602 0.18073 0.19372
-0.00179 0.00141 -0.00303 -0.00003
-1.26334 0.04859 -1.30180 -1.16733
0.70440 0.01214 0.68819 0.71566
-0.22260 0.01228 -0.24203 -0.20861
0.69679 0.03433 0.64743 0.75001
-0.06045 0.01284 -0.07640 -0.04460
-0.48936 0.01684 -0.52097 -0.47189
-0.40089 0.17686 -0.75387 -0.29563
-0.24771 0.02174 -0.26264 -0.20537
