# avg	std	min	max
0.78064 0.00269 0.77819 0.78521
0.58110 0.00178 0.57843 0.58304
0.52783 0.00521 0.52338 0.53796
0.02921 0.23800 -0.18516 0.32165
0.49978 0.00209 0.49651 0.50200
0.19874 0.06819 0.13468 0.28254
-0.94046 0.06806 -1.00270 -0.81980
1.03374 0.11655 0.80727 1.12878
1.36011 0.02973 1.32862 1.40460
0.69293 0.00323 0.68792 0.69714
0.99906 0.04005 0.93665 1.04588
0.61166 0.00200 0.60891 0.61463
-0.68571 0.13185 -0.87048 -0.53006
0.33473 0.00874 0.32598 0.35029
0.54162 0.00253 0.53810 0.54504
0.00000 0.00000 0.00000 0.00000
0.37366 0.02376 0.35031 0.41818
0.29207 0.03275 0.23297 0.33372
0.55228 0.01034 0.53817 0.57012
0.98538 0.01655 0.95337 0.99848
