# avg	std	min	max
5.80103 0.04360 5.73484 5.87254
4.07212 0.05289 4.03618 4.17618
2.41036 0.05418 2.31636 2.48200
1.41028 0.22387 1.14910 1.71950
2.27408 0.02119 2.23780 2.29671
1.08464 0.02546 1.05266 1.13023
-0.02888 0.02029 -0.05060 0.00313
1.36654 0.02618 1.34050 1.40025
8.14294 0.07277 8.05764 8.23916
4.06066 0.03956 4.00435 4.11769
2.63467 0.03598 2.57878 2.68337
3.81059 0.02912 3.76683 3.85584
0.79870 0.03532 0.74754 0.84949
4.31309 0.02059 4.29693 4.35174
4.21296 0.02893 4.17426 4.25216
5.86464 0.10567 5.66522 5.96597
5.18154 0.10199 5.04991 5.30652
4.13995 0.10627 4.01716 4.32145
4.57267 0.07315 4.45726 4.68455
2.86971 0.01565 2.84948 2.89447
