# avg	std	min	max
4.83165 0.02998 4.77879 4.85822
4.57851 0.02828 4.54148 4.61251
3.71033 0.01813 3.68414 3.73388
2.22995 0.02252 2.20568 2.26929
2.85440 0.01238 2.83428 2.86679
1.23034 0.04383 1.19209 1.30460
-0.01362 0.01212 -0.03616 -0.00000
4.66848 0.15095 4.48097 4.87579
7.39447 0.09782 7.23412 7.51714
4.75294 0.06899 4.67852 4.88276
3.92956 0.12823 3.78988 4.11602
3.87047 0.03656 3.83504 3.92716
2.34722 0.03711 2.28152 2.38419
4.95720 0.07749 4.83210 5.04442
3.98216 0.23612 3.51151 4.12023
4.57655 0.01299 4.55197 4.59073
4.44372 0.02718 4.39267 4.47445
3.90755 0.11490 3.72312 4.01392
4.14273 0.04388 4.05679 4.17427
3.96747 0.03549 3.92123 4.02498
