# avg	std	min	max
0.00000 0.00000 0.00000 0.00000
1.69529 0.08308 1.62613 1.85349
1.90014 0.13932 1.64783 2.03175
5.88107 6.18004 2.41708 18.23260
5.50661 0.27413 5.19385 5.96412
3.48890 0.82305 2.50988 4.73509
14.00463 13.22748 5.07791 40.18500
13.05366 2.68506 8.16880 16.42950
3.41501 0.16923 3.21829 3.68920
4.15758 1.01500 3.50442 6.17740
6.14469 1.79913 3.95410 8.36215
3.40463 0.30483 2.88514 3.75464
12.27064 2.49919 10.12020 16.47320
4.61905 0.26443 4.17089 4.91278
17.03940 1.45857 15.84380 19.88080
6.70256 0.79681 5.86031 8.02357
9.34625 5.96379 5.08290 21.14990
8.31272 0.62539 7.55736 9.16555
9.68252 1.31320 8.13570 11.75320
14.83196 9.92668 6.05162 33.88650
