# avg	std	min	max
2.25638 0.01556 2.23883 2.28120
1.31308 0.02273 1.28325 1.34699
1.10992 0.41631 0.80007 1.93473
-0.60458 0.02394 -0.63839 -0.57573
1.64888 0.15082 1.43013 1.84606
-0.14806 0.12066 -0.27747 0.07800
0.40002 0.07039 0.29317 0.48988
3.02889 1.29453 0.50686 4.04661
4.10815 0.10073 4.00592 4.29228
0.81814 0.20968 0.58733 1.15373
-0.17387 0.02424 -0.21019 -0.14367
0.84773 0.03146 0.81434 0.90021
1.10436 0.01784 1.07250 1.12316
0.61918 0.02952 0.58566 0.66910
1.37768 0.07600 1.27202 1.45893
4.39066 0.03028 4.35872 4.44433
3.90546 0.15411 3.65583 4.08879
-0.10769 0.36437 -0.72080 0.41863
0.53919 0.03672 0.48696 0.59662
-0.01593 0.04214 -0.06334 0.04130
