# avg	std	min	max
7.18635 0.03090 7.15559 7.22747
5.50388 0.02454 5.45920 5.53064
1.65774 0.04025 1.61801 1.72976
1.25732 0.10446 1.08557 1.40093
-0.01129 0.01400 -0.03750 -0.00000
0.88099 0.09622 0.74638 1.03489
5.76989 0.45541 5.17581 6.47913
12.39210 0.42466 11.98280 13.07330
6.44375 0.02174 6.40436 6.46563
6.29064 0.00635 6.28324 6.30110
4.05202 0.03371 4.01493 4.11298
4.45367 0.03182 4.40805 4.50716
5.83572 1.67844 4.39927 8.76969
4.80901 0.02104 4.77725 4.83734
4.45539 0.06159 4.36560 4.52183
6.00912 0.01689 5.98473 6.03639
4.88303 0.28280 4.52181 5.21883
5.40973 0.11854 5.26577 5.61382
8.86550 0.98850 7.68727 10.16360
5.47073 0.22252 5.31546 5.90159
