# avg	std	min	max
1.54652 0.01282 1.53038 1.56080
1.08212 0.01140 1.06922 1.09603
0.33800 0.01560 0.30683 0.34693
0.70734 0.03551 0.64741 0.75189
0.00089 0.00224 -0.00059 0.00535
0.54747 0.14358 0.26444 0.65077
0.49132 0.03560 0.44734 0.54130
1.05451 0.16295 0.74068 1.21215
5.31399 0.17974 4.97147 5.49975
1.46926 0.03596 1.40650 1.50693
0.97179 0.03733 0.93005 1.03210
0.98063 0.00977 0.96779 0.98969
0.82711 0.10685 0.61686 0.91101
1.22725 0.05823 1.16396 1.32783
1.07363 0.32388 0.66488 1.45476
1.84637 0.08458 1.71997 1.93614
1.54896 0.01916 1.53165 1.57886
0.88871 0.09739 0.69684 0.96140
1.08067 0.13194 0.83205 1.17986
1.40929 0.24747 0.91868 1.57772
