# avg	std	min	max
2.18110 0.03089 2.12181 2.20842
0.96423 0.01292 0.95161 0.98098
0.29133 0.01048 0.28263 0.30581
0.05271 0.00856 0.04621 0.06796
-0.25150 0.01068 -0.26536 -0.23522
-0.29299 0.09022 -0.37614 -0.15479
-0.38348 0.07084 -0.43213 -0.24339
0.43342 0.02934 0.39452 0.46957
2.22583 0.02337 2.18363 2.25313
1.09597 0.00440 1.09091 1.10395
0.86403 0.00430 0.85544 0.86650
0.73891 0.01260 0.72565 0.76004
-0.29288 0.25224 -0.52976 0.11844
0.49004 0.24850 0.00641 0.70125
0.23639 0.01347 0.22223 0.25844
1.24342 0.02714 1.19196 1.27207
0.40982 0.02410 0.38322 0.45509
-0.00340 0.01009 -0.01889 0.01166
0.02749 0.00788 0.02031 0.04244
0.98721 0.02793 0.95330 1.02134
