# avg	std	min	max
1.52887 0.01746 1.49947 1.55051
0.80272 0.01963 0.78329 0.83315
0.51981 0.02533 0.47313 0.54669
-0.45923 0.00403 -0.46283 -0.45155
0.32583 0.13199 0.11535 0.47777
-0.28827 0.03886 -0.34935 -0.23496
0.71385 0.08639 0.60769 0.86983
0.29420 0.06592 0.17588 0.37424
0.69825 0.03259 0.66455 0.74547
1.16718 0.03350 1.10647 1.19581
0.57505 0.04844 0.51551 0.66279
0.69114 0.03942 0.62279 0.74629
0.60220 0.05652 0.53498 0.68431
1.04999 0.10904 0.93397 1.20416
0.48064 0.02391 0.43627 0.50778
1.09231 0.01509 1.07059 1.10868
0.60782 0.00688 0.59980 0.61981
-0.00727 0.01035 -0.02764 0.00145
0.13792 0.02682 0.08447 0.15387
1.14487 0.03936 1.08017 1.19983
