# avg	std	min	max
5.28589 0.01570 5.26710 5.31416
3.33384 0.02284 3.29696 3.35794
0.35745 0.06515 0.28114 0.43901
-0.00706 0.00618 -0.01397 -0.00000
1.08893 0.34093 0.40813 1.28116
-0.60402 0.08687 -0.77120 -0.53288
1.29292 0.02115 1.26761 1.31850
3.33083 0.17380 3.20968 3.67652
5.99911 0.10394 5.90142 6.17264
3.43686 0.02239 3.41375 3.47675
1.71343 0.09629 1.61708 1.84479
2.69192 0.01247 2.67168 2.70233
2.05635 0.01542 2.03360 2.07649
2.67996 0.08829 2.60920 2.85299
2.02384 0.02572 1.97696 2.05102
2.65364 0.03100 2.60396 2.69329
1.80174 0.05591 1.70994 1.87325
2.79859 0.21541 2.55422 3.09827
3.14288 0.44853 2.70732 3.87489
1.72997 0.12590 1.58562 1.94678
