# avg	std	min	max
5.79766 0.01431 5.77589 5.81955
4.40998 0.00986 4.39873 4.42148
4.20642 0.08891 4.09591 4.30096
-0.01209 0.00472 -0.01762 -0.00558
3.12842 0.10415 2.99114 3.31286
0.26023 0.09353 0.10795 0.40229
4.43152 0.32971 4.10620 4.92331
9.76309 1.52110 7.63656 11.85720
6.31807 0.49293 5.96597 7.23637
4.59365 0.01045 4.58170 4.60765
3.92169 0.00779 3.91091 3.92928
3.83302 0.02428 3.80471 3.86976
8.84215 1.02972 7.14080 10.17740
4.76135 0.02362 4.72145 4.78348
4.15915 0.08667 4.06143 4.31771
6.14380 0.02116 6.10974 6.16888
5.56422 0.05323 5.51416 5.66363
2.79140 0.23130 2.43543 3.03033
5.66044 0.39140 5.36067 6.41331
5.92946 1.45615 5.03156 8.83174
