# avg	std	min	max
6.40817 0.09954 6.27686 6.49763
4.44304 0.13368 4.27658 4.58374
3.29531 0.24281 2.84979 3.59023
-0.00572 0.03765 -0.04764 0.06507
2.68556 0.03700 2.63241 2.72849
-0.01250 0.05583 -0.09141 0.07128
2.38612 1.49559 1.01413 4.71764
1.29141 0.37691 0.54426 1.54904
9.21564 0.23165 8.99212 9.66170
5.65487 0.10586 5.51158 5.83418
4.18031 0.05914 4.12616 4.29299
3.50611 0.03683 3.45720 3.54159
1.34869 0.88240 0.70321 3.07546
4.16666 0.04997 4.13585 4.26615
3.48349 0.07702 3.39644 3.61071
5.39313 0.04837 5.34216 5.47032
4.81080 0.04042 4.76541 4.87459
2.77847 0.37365 2.21075 3.17415
2.70472 0.83555 1.66486 3.66853
3.57464 0.71319 3.05114 4.97213
