# avg	std	min	max
1.19565 0.00000 1.19565 1.19565
0.90614 0.00000 0.90614 0.90614
1.02799 0.00012 1.02784 1.02812
1.06081 0.00424 1.05307 1.06429
1.21239 0.01019 1.19467 1.22648
0.96546 0.01817 0.92912 0.97500
1.00547 0.00237 1.00257 1.00764
0.99691 0.00682 0.98733 1.00825
-0.00021 0.00027 -0.00054 0.00004
1.06533 0.00002 1.06530 1.06534
1.00572 0.00022 1.00553 1.00613
1.14777 0.00036 1.14751 1.14847
0.99945 0.00123 0.99868 1.00191
1.19319 0.00814 1.18610 1.20884
1.14346 0.01447 1.12466 1.16318
1.04607 0.01319 1.02589 1.05915
0.55390 0.02840 0.50109 0.57984
1.02761 0.00642 1.01610 1.03536
1.02585 0.09655 0.83344 1.08381
1.08149 0.00971 1.07321 1.09604
