# avg	std	min	max
1.56842 0.00000 1.56842 1.56842
1.39426 0.00000 1.39426 1.39426
1.97436 0.24325 1.67621 2.20072
1.32397 0.01167 1.31358 1.33886
1.61347 0.04035 1.55517 1.65108
1.44426 0.04963 1.40670 1.54259
1.29407 0.00951 1.27566 1.30065
1.35847 0.01366 1.34696 1.37533
-0.00092 0.00048 -0.00141 0.00000
1.57280 0.00002 1.57278 1.57283
1.86309 0.35937 1.42292 2.15675
1.44261 0.00022 1.44240 1.44301
1.45091 0.00346 1.44879 1.45779
1.44786 0.11391 1.22023 1.50875
0.98211 0.01941 0.96101 1.01323
1.44175 0.00024 1.44143 1.44217
1.59106 0.00195 1.58928 1.59355
1.29034 0.05785 1.21013 1.34239
0.93862 0.29951 0.34523 1.13463
1.45251 0.08810 1.39388 1.62664
