# avg	std	min	max
1.06490 0.09636 0.99281 1.25036
0.70193 0.09821 0.56827 0.81722
0.45920 0.04934 0.41191 0.54556
0.51935 0.19346 0.30965 0.88510
0.21878 0.07036 0.12105 0.31034
0.15901 0.06578 0.07121 0.24916
0.20494 0.13451 0.11669 0.46837
0.97085 0.33000 0.49920 1.52148
6.25706 0.19081 5.96153 6.46032
0.25570 0.08824 0.15050 0.41155
0.40722 0.20907 0.16944 0.79967
0.07619 0.05082 0.00890 0.15961
0.36300 0.08884 0.25994 0.50191
0.97495 0.06048 0.89518 1.05038
0.44088 0.24842 0.18709 0.79030
1.45615 0.12582 1.26350 1.64890
0.85369 0.06129 0.79804 0.95409
0.13579 0.15932 -0.14967 0.30084
-0.01769 0.11888 -0.13078 0.19734
0.67729 0.13102 0.52288 0.84253
