# avg	std	min	max
0.51451 0.00000 0.51451 0.51451
0.34375 0.00000 0.34375 0.34375
0.01729 0.00036 0.01705 0.01800
-0.89316 0.00036 -0.89352 -0.89253
-0.18591 0.03768 -0.20860 -0.11090
-0.91852 0.06260 -0.99166 -0.83574
-0.53644 0.03042 -0.57617 -0.50036
-0.84776 0.01601 -0.86415 -0.82061
4.28084 0.00296 4.27590 4.28363
0.00028 0.00072 -0.00073 0.00139
0.00650 0.00001 0.00649 0.00651
-0.10078 0.07752 -0.25576 -0.05895
-0.25088 0.00936 -0.26238 -0.24167
0.12981 0.00065 0.12910 0.13093
-0.48579 0.03237 -0.54991 -0.46249
0.88650 0.00045 0.88604 0.88710
0.30136 0.00701 0.29226 0.30955
-0.64008 0.09496 -0.78936 -0.50192
-0.86387 0.07633 -1.01626 -0.81955
-0.03070 0.01459 -0.03858 -0.00153
