# avg	std	min	max
0.18243 0.00129 0.17985 0.18321
-0.12227 0.00162 -0.12433 -0.12079
-0.31503 0.00303 -0.31756 -0.30960
-0.87213 0.02821 -0.90926 -0.84828
-0.60565 0.02043 -0.62481 -0.56888
-1.33014 0.08452 -1.49129 -1.24964
-0.85966 0.16653 -1.19009 -0.73724
-0.60207 0.01910 -0.61978 -0.56971
2.76169 0.00089 2.76110 2.76346
-0.00008 0.00013 -0.00022 0.00013
-0.21330 0.00092 -0.21458 -0.21226
-0.33030 0.00429 -0.33873 -0.32720
-0.60648 0.02108 -0.63665 -0.58416
0.22514 0.00363 0.22200 0.22989
-0.18902 0.07939 -0.28669 -0.12132
0.31349 0.00406 0.31039 0.32063
-0.08006 0.01570 -0.10554 -0.05954
-0.90391 0.02054 -0.92479 -0.87699
-0.52149 0.14437 -0.64272 -0.27395
0.10487 0.00154 0.10352 0.10756
