# avg	std	min	max
0.66100 0.11817 0.45606 0.81722
0.25668 0.00603 0.24630 0.26255
1.52785 0.09104 1.39312 1.67524
-0.46410 0.05587 -0.52088 -0.39420
0.74349 0.69632 0.19974 2.10269
-0.61022 0.11467 -0.76414 -0.40719
-0.48367 0.05162 -0.56141 -0.42500
-0.00741 0.15393 -0.28000 0.16747
1.90041 0.01960 1.88138 1.93568
-0.00472 0.00645 -0.01407 0.00233
0.41713 0.00480 0.40941 0.42379
0.81024 0.00760 0.79795 0.81989
-0.74766 0.08210 -0.83801 -0.63250
0.39901 0.19481 0.04003 0.58902
0.37111 0.12311 0.26365 0.59643
0.59769 0.05226 0.54783 0.69281
0.37874 0.05746 0.28096 0.43086
-0.26770 0.11731 -0.43877 -0.09190
-0.12907 0.08756 -0.28910 -0.02674
0.48882 0.06835 0.39593 0.58695
