# avg	std	min	max
1.06776 0.06667 0.98609 1.15329
0.39596 0.04377 0.31794 0.43699
0.00047 0.00288 -0.00345 0.00454
-0.51798 0.01854 -0.54423 -0.49728
-0.80476 0.01563 -0.83370 -0.78924
-0.88434 0.06637 -1.00056 -0.80804
-0.24307 0.03594 -0.27156 -0.17417
-0.36558 0.07920 -0.50471 -0.27714
3.76977 0.11482 3.57080 3.89552
0.39033 0.08389 0.26431 0.46266
-0.00183 0.00035 -0.00227 -0.00129
0.23610 0.00039 0.23583 0.23687
-0.08948 0.02755 -0.12974 -0.04750
0.55623 0.00314 0.55396 0.56224
0.27787 0.02362 0.25198 0.31643
0.61435 0.03393 0.58804 0.67304
0.24696 0.02775 0.22978 0.30216
-0.04166 0.01437 -0.06482 -0.02548
-0.21243 0.20718 -0.57603 0.02144
0.45736 0.02835 0.40687 0.48956
