# avg	std	min	max
1.68929 0.02207 1.64626 1.70512
0.56734 0.01734 0.55107 0.59853
-0.76175 0.04086 -0.80460 -0.68610
-0.94168 0.08506 -1.06247 -0.82367
-1.33016 0.02136 -1.36025 -1.30535
-0.39898 0.06784 -0.51938 -0.33969
0.74563 0.20130 0.54192 1.01086
1.92572 0.88077 0.36820 2.83780
3.53814 0.03374 3.49766 3.59115
0.86553 0.02918 0.80835 0.88702
-0.00061 0.00113 -0.00230 0.00063
0.50990 0.02194 0.49128 0.53692
1.15892 0.22521 0.87007 1.40920
0.06100 0.22999 -0.20574 0.47243
0.00421 0.01799 -0.02202 0.02455
2.60738 0.00465 2.59876 2.61283
0.89674 0.02508 0.86074 0.93340
-0.39329 0.18094 -0.62846 -0.13986
-0.81176 0.06866 -0.90424 -0.71905
1.78948 0.79041 0.65587 2.71866
