# avg	std	min	max
0.78883 0.02078 0.76623 0.82675
0.25033 0.00829 0.24037 0.26452
1.02677 0.01770 0.99881 1.04862
0.51296 0.05216 0.45619 0.60259
0.90961 0.03305 0.85560 0.95445
0.39534 0.02149 0.35619 0.42073
0.43950 0.02908 0.39517 0.48447
0.58334 0.21017 0.16885 0.72791
-0.00469 0.10097 -0.18896 0.11161
-0.13506 0.00815 -0.15011 -0.12796
0.00557 0.00550 0.00000 0.01595
0.37191 0.03965 0.32019 0.42700
0.51600 0.04042 0.45398 0.58043
0.07238 0.10126 -0.02148 0.19981
-0.07477 0.14557 -0.21588 0.20035
0.72394 0.01399 0.70197 0.73711
0.57715 0.12836 0.42134 0.70790
-0.12245 0.04972 -0.18704 -0.05251
-0.56988 0.05178 -0.62420 -0.47520
0.32813 0.00468 0.32057 0.33282
