# avg	std	min	max
1.08028 0.01613 1.07213 1.11253
0.54093 0.01287 0.53418 0.56668
-0.59839 0.02828 -0.64693 -0.56429
-1.26907 0.01544 -1.29804 -1.25222
-1.23633 0.01336 -1.24661 -1.21050
-0.70523 0.01256 -0.71819 -0.68736
-0.60661 0.06865 -0.73823 -0.54767
-1.20625 0.03496 -1.24660 -1.15736
3.91495 0.02335 3.89228 3.95220
0.88678 0.03725 0.85667 0.95507
-0.00004 0.02871 -0.04557 0.04521
0.16288 0.02908 0.11391 0.19485
-0.32898 0.04984 -0.39074 -0.26807
-0.21808 0.18162 -0.37560 0.01598
-0.07268 0.01646 -0.09656 -0.04805
-0.79541 0.01254 -0.81400 -0.77554
0.30063 0.01516 0.28786 0.32834
-0.91481 0.04303 -0.98467 -0.85479
-0.40390 0.06960 -0.48078 -0.27342
-0.37936 0.04894 -0.45571 -0.32740
