# avg	std	min	max
4.78885 0.01324 4.77367 4.80616
2.59696 0.10780 2.43829 2.68981
-0.00097 0.00206 -0.00422 0.00147
2.28580 0.41021 1.80368 2.89319
1.54120 0.04888 1.47215 1.60094
-0.20395 0.81176 -1.13942 1.05536
5.04892 1.47384 3.33649 6.72565
11.88216 2.36346 7.94491 14.36830
5.89122 0.06253 5.77582 5.96460
3.94518 0.21067 3.78327 4.35246
2.50851 0.03442 2.47192 2.56100
2.14596 0.22504 1.91194 2.42637
8.41078 2.89332 5.19972 13.12810
2.31712 0.04362 2.26346 2.39689
3.71507 0.49451 2.93352 4.20537
3.77911 0.01662 3.75792 3.80321
2.58577 0.18175 2.33852 2.86432
5.94958 2.10433 3.46495 9.31328
8.24105 2.87837 4.75117 12.13390
8.17607 1.03518 7.00451 10.03140
