# avg	std	min	max
2.29642 0.03686 2.24233 2.32794
1.39135 0.02750 1.35507 1.43316
0.00070 0.00043 0.00016 0.00120
0.09514 0.04477 0.01229 0.13516
-0.27679 0.01502 -0.29005 -0.24737
0.18304 0.06331 0.05693 0.22195
0.10466 0.06517 0.04486 0.21458
1.02962 0.18661 0.82759 1.38087
6.50239 0.04633 6.44589 6.57718
1.80468 0.04212 1.73653 1.85071
0.94062 0.00216 0.93804 0.94340
1.14542 0.03958 1.10954 1.22159
0.36598 0.12110 0.18757 0.56895
1.95159 0.03166 1.89279 1.98887
1.23249 0.13731 1.06565 1.46890
2.16966 0.01522 2.14159 2.18736
1.26740 0.12479 1.07217 1.37798
0.67398 0.10375 0.48087 0.75790
1.16194 0.05164 1.07458 1.22210
1.47042 0.08340 1.38288 1.57660
