# avg	std	min	max
4.85049 0.01302 4.83768 4.87354
3.03691 0.00058 3.03656 3.03805
0.02591 0.05176 -0.00038 0.12942
-0.18313 0.05492 -0.29286 -0.15159
-0.07736 0.02809 -0.11323 -0.03552
1.21673 0.55211 0.54276 1.82127
8.23347 0.33570 7.81154 8.69224
19.86130 1.88169 16.32080 21.79180
5.15256 0.01165 5.14145 5.17409
3.38619 0.00165 3.38333 3.38820
1.45051 0.00162 1.44762 1.45217
2.25461 0.00402 2.25078 2.26202
13.83666 0.37441 13.31690 14.41300
2.65564 0.02299 2.63435 2.69965
3.54521 0.32555 2.97197 3.87973
5.21214 0.02876 5.19302 5.26925
5.24051 0.16336 5.08844 5.54293
6.64407 2.09825 4.39787 10.60390
9.60861 1.66765 6.86718 11.39960
5.58692 1.13722 4.64999 7.75404
