# avg	std	min	max
0.24586 0.00273 0.24205 0.24879
-0.02483 0.00328 -0.03066 -0.02050
0.00214 0.00210 -0.00000 0.00474
-0.05251 0.05866 -0.12246 0.01424
0.05514 0.03571 -0.01612 0.07636
0.00765 0.04191 -0.06854 0.04770
-0.01359 0.03915 -0.08149 0.02284
-0.03679 0.01335 -0.05417 -0.02446
0.20399 0.00159 0.20184 0.20640
0.09146 0.00524 0.08210 0.09693
-0.02865 0.00028 -0.02887 -0.02809
0.09512 0.00004 0.09504 0.09516
0.03571 0.00691 0.02958 0.04830
0.13510 0.00239 0.13052 0.13731
-0.42024 0.03119 -0.45168 -0.36264
-0.05128 0.00503 -0.05706 -0.04379
0.04056 0.00619 0.02919 0.04783
-0.58544 0.06229 -0.68713 -0.52072
-0.68277 0.04984 -0.75038 -0.62502
0.10836 0.00299 0.10431 0.11204
