# avg	std	min	max
2.16224 0.02881 2.13156 2.21034
0.84735 0.09338 0.67725 0.93702
1.26690 0.02952 1.24167 1.32454
-0.00997 0.01227 -0.02451 0.00421
0.69667 0.07351 0.62042 0.79170
0.46880 0.02061 0.44158 0.50119
-0.18700 0.02158 -0.22534 -0.15960
0.00055 0.04781 -0.06176 0.07984
2.82337 0.04799 2.74990 2.89715
1.55054 0.02608 1.51455 1.58035
1.31518 0.08207 1.16665 1.41217
0.95336 0.14035 0.77633 1.11709
-0.00112 0.00018 -0.00126 -0.00086
1.45806 0.23799 1.12278 1.70151
0.88240 0.02895 0.85526 0.93588
1.92456 0.18128 1.59322 2.11790
1.16307 0.05281 1.08901 1.24377
0.39480 0.03317 0.33562 0.43331
0.59371 0.11432 0.49082 0.79801
0.90443 0.21054 0.63689 1.22295
