# avg	std	min	max
0.10294 0.00000 0.10294 0.10294
0.00000 0.00000 0.00000 0.00000
0.05951 0.00000 0.05951 0.05951
-0.15152 0.00000 -0.15152 -0.15152
0.18836 0.00000 0.18836 0.18836
-0.06369 0.00000 -0.06369 -0.06369
-0.06534 0.00000 -0.06534 -0.06534
-0.27102 0.00000 -0.27102 -0.27102
-0.65007 0.00000 -0.65007 -0.65007
0.04025 0.00000 0.04025 0.04025
-0.06300 0.00000 -0.06300 -0.06300
0.00982 0.00000 0.00982 0.00982
-0.11571 0.00000 -0.11571 -0.11571
-0.08810 0.00000 -0.08810 -0.08810
-0.35098 0.00000 -0.35098 -0.35098
-0.06457 0.00000 -0.06457 -0.06457
-0.51474 0.00000 -0.51474 -0.51474
-0.18809 0.00000 -0.18809 -0.18809
-0.11260 0.00000 -0.11260 -0.11260
0.03612 0.00000 0.03612 0.03612
0.25746 0.00000 0.25746 0.25746
0.28145 0.00000 0.28145 0.28145
-0.15844 0.00000 -0.15844 -0.15844
