# avg	std	min	max
1.11807 0.00000 1.11807 1.11807
-0.11128 0.00000 -0.11128 -0.11128
1.99083 0.00000 1.99083 1.99083
-1.07778 0.00000 -1.07778 -1.07778
3.00308 0.00000 3.00308 3.00308
-0.41187 0.00000 -0.41187 -0.41187
-1.06437 0.00000 -1.06437 -1.06437
1.46695 0.00000 1.46695 1.46695
-0.41592 0.00000 -0.41592 -0.41592
-0.19966 0.00000 -0.19966 -0.19966
0.32853 0.00000 0.32853 0.32853
0.05246 0.00000 0.05246 0.05246
-1.13185 0.00000 -1.13185 -1.13185
0.10802 0.00000 0.10802 0.10802
0.59283 0.00000 0.59283 0.59283
1.42688 0.00000 1.42688 1.42688
0.00000 0.00000 0.00000 0.00000
0.26966 0.00000 0.26966 0.26966
0.74414 0.00000 0.74414 0.74414
0.69694 0.00000 0.69694 0.69694
4.51745 0.00000 4.51745 4.51745
7.04800 0.00000 7.04800 7.04800
0.02067 0.00000 0.02067 0.02067
