# avg	std	min	max
1.73000 0.00000 1.73000 1.73000
0.51268 0.00000 0.51268 0.51268
-1.68336 0.00000 -1.68336 -1.68336
-1.79781 0.00000 -1.79781 -1.79781
-2.48041 0.00000 -2.48041 -2.48041
-1.47325 0.00000 -1.47325 -1.47325
1.07862 0.00000 1.07862 1.07862
1.73241 0.00000 1.73241 1.73241
2.90444 0.00000 2.90444 2.90444
1.39854 0.00000 1.39854 1.39854
0.32287 0.00000 0.32287 0.32287
0.05330 0.00000 0.05330 0.05330
1.51848 0.00000 1.51848 1.51848
-0.43602 0.00000 -0.43602 -0.43602
-0.19655 0.00000 -0.19655 -0.19655
0.47185 0.00000 0.47185 0.47185
-0.02462 0.00000 -0.02462 -0.02462
-0.98340 0.00000 -0.98340 -0.98340
-0.92353 0.00000 -0.92353 -0.92353
1.46755 0.00000 1.46755 1.46755
1.12307 0.00000 1.12307 1.12307
0.78151 0.00000 0.78151 0.78151
0.82834 0.00000 0.82834 0.82834
