# avg	std	min	max
5.76222 0.00000 5.76222 5.76222
3.96887 0.00000 3.96887 3.96887
2.36543 0.00000 2.36543 2.36543
1.22486 0.00000 1.22486 1.22486
2.17983 0.00000 2.17983 2.17983
0.90537 0.00000 0.90537 0.90537
-0.00351 0.00000 -0.00351 -0.00351
1.36078 0.00000 1.36078 1.36078
7.75617 0.00000 7.75617 7.75617
3.97982 0.00000 3.97982 3.97982
2.64136 0.00000 2.64136 2.64136
3.70509 0.00000 3.70509 3.70509
0.84422 0.00000 0.84422 0.84422
4.28971 0.00000 4.28971 4.28971
4.12867 0.00000 4.12867 4.12867
5.84556 0.00000 5.84556 5.84556
4.90490 0.00000 4.90490 4.90490
4.04408 0.00000 4.04408 4.04408
4.53934 0.00000 4.53934 4.53934
2.82806 0.00000 2.82806 2.82806
7.81723 0.00000 7.81723 7.81723
12.24370 0.00000 12.24370 12.24370
1.05240 0.00000 1.05240 1.05240
