# avg	std	min	max
0.47740 0.00000 0.47740 0.47740
0.45445 0.00000 0.45445 0.45445
0.33248 0.00000 0.33248 0.33248
-0.14041 0.00000 -0.14041 -0.14041
0.00431 0.00000 0.00431 0.00431
-0.21442 0.00000 -0.21442 -0.21442
-0.54921 0.00000 -0.54921 -0.54921
-0.35867 0.00000 -0.35867 -0.35867
0.84122 0.00000 0.84122 0.84122
0.07251 0.00000 0.07251 0.07251
-0.07445 0.00000 -0.07445 -0.07445
0.15907 0.00000 0.15907 0.15907
-0.46613 0.00000 -0.46613 -0.46613
-0.27183 0.00000 -0.27183 -0.27183
-0.22664 0.00000 -0.22664 -0.22664
0.40747 0.00000 0.40747 0.40747
0.49915 0.00000 0.49915 0.49915
-0.01757 0.00000 -0.01757 -0.01757
-0.46527 0.00000 -0.46527 -0.46527
-0.00057 0.00000 -0.00057 -0.00057
0.66777 0.00000 0.66777 0.66777
0.56822 0.00000 0.56822 0.56822
-0.26330 0.00000 -0.26330 -0.26330
