# avg	std	min	max
2.07683 0.00000 2.07683 2.07683
1.46146 0.00000 1.46146 1.46146
0.77653 0.00000 0.77653 0.77653
-0.47325 0.00000 -0.47325 -0.47325
-0.00588 0.00000 -0.00588 -0.00588
-0.41222 0.00000 -0.41222 -0.41222
1.65411 0.00000 1.65411 1.65411
1.59101 0.00000 1.59101 1.59101
2.49884 0.00000 2.49884 2.49884
1.73032 0.00000 1.73032 1.73032
1.12960 0.00000 1.12960 1.12960
0.97478 0.00000 0.97478 0.97478
1.54766 0.00000 1.54766 1.54766
1.75828 0.00000 1.75828 1.75828
0.22575 0.00000 0.22575 0.22575
1.61989 0.00000 1.61989 1.61989
0.13426 0.00000 0.13426 0.13426
0.41319 0.00000 0.41319 0.41319
0.72997 0.00000 0.72997 0.72997
1.98944 0.00000 1.98944 1.98944
1.27458 0.00000 1.27458 1.27458
0.74839 0.00000 0.74839 0.74839
1.44916 0.00000 1.44916 1.44916
