# avg	std	min	max
0.93095 0.00000 0.93095 0.93095
0.63351 0.00000 0.63351 0.63351
0.34924 0.00000 0.34924 0.34924
-0.19684 0.00000 -0.19684 -0.19684
0.17927 0.00000 0.17927 0.17927
-0.50227 0.00000 -0.50227 -0.50227
-0.03585 0.00000 -0.03585 -0.03585
0.39218 0.00000 0.39218 0.39218
3.04433 0.00000 3.04433 3.04433
0.80510 0.00000 0.80510 0.80510
0.58069 0.00000 0.58069 0.58069
0.50737 0.00000 0.50737 0.50737
0.09316 0.00000 0.09316 0.09316
0.82911 0.00000 0.82911 0.82911
0.05679 0.00000 0.05679 0.05679
0.85137 0.00000 0.85137 0.85137
0.47526 0.00000 0.47526 0.47526
-0.01769 0.00000 -0.01769 -0.01769
-0.03054 0.00000 -0.03054 -0.03054
0.81855 0.00000 0.81855 0.81855
0.76817 0.00000 0.76817 0.76817
0.67536 0.00000 0.67536 0.67536
-0.05802 0.00000 -0.05802 -0.05802
