# avg	std	min	max
1.51227 0.00000 1.51227 1.51227
0.73383 0.00000 0.73383 0.73383
0.49301 0.00000 0.49301 0.49301
-0.17626 0.00000 -0.17626 -0.17626
0.42371 0.00000 0.42371 0.42371
-0.15876 0.00000 -0.15876 -0.15876
0.61582 0.00000 0.61582 0.61582
0.26452 0.00000 0.26452 0.26452
0.67699 0.00000 0.67699 0.67699
1.15243 0.00000 1.15243 1.15243
0.60376 0.00000 0.60376 0.60376
0.63031 0.00000 0.63031 0.63031
0.59521 0.00000 0.59521 0.59521
0.98064 0.00000 0.98064 0.98064
0.41235 0.00000 0.41235 0.41235
1.02235 0.00000 1.02235 1.02235
0.70498 0.00000 0.70498 0.70498
-0.00250 0.00000 -0.00250 -0.00250
0.12952 0.00000 0.12952 0.12952
1.11026 0.00000 1.11026 1.11026
1.11568 0.00000 1.11568 1.11568
0.66839 0.00000 0.66839 0.66839
0.47697 0.00000 0.47697 0.47697
