# avg	std	min	max
5.46294 0.00000 5.46294 5.46294
4.41179 0.00000 4.41179 4.41179
1.75274 0.00000 1.75274 1.75274
-0.05273 0.00000 -0.05273 -0.05273
0.47721 0.00000 0.47721 0.47721
0.45176 0.00000 0.45176 0.45176
3.46510 0.00000 3.46510 3.46510
6.87231 0.00000 6.87231 6.87231
7.41411 0.00000 7.41411 7.41411
3.86356 0.00000 3.86356 3.86356
2.47896 0.00000 2.47896 2.47896
3.16070 0.00000 3.16070 3.16070
5.86767 0.00000 5.86767 5.86767
3.07320 0.00000 3.07320 3.07320
2.86230 0.00000 2.86230 2.86230
5.97243 0.00000 5.97243 5.97243
4.72858 0.00000 4.72858 4.72858
2.42028 0.00000 2.42028 2.42028
3.86706 0.00000 3.86706 3.86706
7.73842 0.00000 7.73842 7.73842
7.29079 0.00000 7.29079 7.29079
6.10615 0.00000 6.10615 6.10615
6.87198 0.00000 6.87198 6.87198
