# avg	std	min	max
1.53976 0.00000 1.53976 1.53976
0.71720 0.00000 0.71720 0.71720
0.81153 0.00000 0.81153 0.81153
0.00824 0.00000 0.00824 0.00824
-0.13801 0.00000 -0.13801 -0.13801
0.19159 0.00000 0.19159 0.19159
0.32033 0.00000 0.32033 0.32033
0.81267 0.00000 0.81267 0.81267
1.91463 0.00000 1.91463 1.91463
0.42128 0.00000 0.42128 0.42128
0.60731 0.00000 0.60731 0.60731
1.24238 0.00000 1.24238 1.24238
0.46456 0.00000 0.46456 0.46456
0.58686 0.00000 0.58686 0.58686
0.51081 0.00000 0.51081 0.51081
0.81412 0.00000 0.81412 0.81412
0.67432 0.00000 0.67432 0.67432
-0.23071 0.00000 -0.23071 -0.23071
-0.12164 0.00000 -0.12164 -0.12164
0.17655 0.00000 0.17655 0.17655
1.10306 0.00000 1.10306 1.10306
3.10029 0.00000 3.10029 3.10029
0.42772 0.00000 0.42772 0.42772
