# avg	std	min	max
3.84952 0.00000 3.84952 3.84952
3.01608 0.00000 3.01608 3.01608
1.61741 0.00000 1.61741 1.61741
-0.03059 0.00000 -0.03059 -0.03059
0.58828 0.00000 0.58828 0.58828
0.21173 0.00000 0.21173 0.21173
0.62020 0.00000 0.62020 0.62020
0.83449 0.00000 0.83449 0.83449
4.40403 0.00000 4.40403 4.40403
3.58520 0.00000 3.58520 3.58520
2.48393 0.00000 2.48393 2.48393
2.35568 0.00000 2.35568 2.35568
1.28993 0.00000 1.28993 1.28993
3.06708 0.00000 3.06708 3.06708
2.44892 0.00000 2.44892 2.44892
3.57695 0.00000 3.57695 3.57695
2.99141 0.00000 2.99141 2.99141
1.14965 0.00000 1.14965 1.14965
1.53500 0.00000 1.53500 1.53500
2.57560 0.00000 2.57560 2.57560
3.98790 0.00000 3.98790 3.98790
3.75687 0.00000 3.75687 3.75687
2.27903 0.00000 2.27903 2.27903
