# avg	std	min	max
4.32320 0.00000 4.32320 4.32320
3.19588 0.00000 3.19588 3.19588
3.23588 0.00000 3.23588 3.23588
2.34873 0.00000 2.34873 2.34873
2.67073 0.00000 2.67073 2.67073
2.21735 0.00000 2.21735 2.21735
1.66764 0.00000 1.66764 1.66764
2.90842 0.00000 2.90842 2.90842
-0.04383 0.00000 -0.04383 -0.04383
3.82566 0.00000 3.82566 3.82566
4.41610 0.00000 4.41610 4.41610
3.35694 0.00000 3.35694 3.35694
1.95993 0.00000 1.95993 1.95993
3.13357 0.00000 3.13357 3.13357
3.54454 0.00000 3.54454 3.54454
4.02768 0.00000 4.02768 4.02768
3.45202 0.00000 3.45202 3.45202
3.10302 0.00000 3.10302 3.10302
3.38017 0.00000 3.38017 3.38017
3.16766 0.00000 3.16766 3.16766
4.49754 0.00000 4.49754 4.49754
5.08526 0.00000 5.08526 5.08526
2.04355 0.00000 2.04355 2.04355
