# avg	std	min	max
1.19285 0.00000 1.19285 1.19285
0.92571 0.00000 0.92571 0.92571
1.30346 0.00000 1.30346 1.30346
0.72685 0.00000 0.72685 0.72685
1.05705 0.00000 1.05705 1.05705
0.97516 0.00000 0.97516 0.97516
1.23353 0.00000 1.23353 1.23353
1.23841 0.00000 1.23841 1.23841
-0.00021 0.00000 -0.00021 -0.00021
1.19288 0.00000 1.19288 1.19288
1.17370 0.00000 1.17370 1.17370
1.18224 0.00000 1.18224 1.18224
1.23080 0.00000 1.23080 1.23080
1.22556 0.00000 1.22556 1.22556
0.91185 0.00000 0.91185 0.91185
1.36748 0.00000 1.36748 1.36748
0.83874 0.00000 0.83874 0.83874
0.82096 0.00000 0.82096 0.82096
0.88718 0.00000 0.88718 0.88718
1.39607 0.00000 1.39607 1.39607
1.45594 0.00000 1.45594 1.45594
1.49614 0.00000 1.49614 1.49614
1.09272 0.00000 1.09272 1.09272
