# avg	std	min	max
0.43795 0.00000 0.43795 0.43795
0.36637 0.00000 0.36637 0.36637
0.79175 0.00000 0.79175 0.79175
0.01955 0.00000 0.01955 0.01955
0.62215 0.00000 0.62215 0.62215
-0.56807 0.00000 -0.56807 -0.56807
-0.12748 0.00000 -0.12748 -0.12748
0.00850 0.00000 0.00850 0.00850
-1.31301 0.00000 -1.31301 -1.31301
0.45376 0.00000 0.45376 0.45376
0.50900 0.00000 0.50900 0.50900
0.10438 0.00000 0.10438 0.10438
-0.04997 0.00000 -0.04997 -0.04997
-0.21837 0.00000 -0.21837 -0.21837
-0.03013 0.00000 -0.03013 -0.03013
0.86466 0.00000 0.86466 0.86466
-0.29726 0.00000 -0.29726 -0.29726
-0.36591 0.00000 -0.36591 -0.36591
-0.23242 0.00000 -0.23242 -0.23242
-0.14988 0.00000 -0.14988 -0.14988
0.44224 0.00000 0.44224 0.44224
0.38152 0.00000 0.38152 0.38152
0.11601 0.00000 0.11601 0.11601
