# avg	std	min	max
2.61855 0.00000 2.61855 2.61855
1.73031 0.00000 1.73031 1.73031
0.36139 0.00000 0.36139 0.36139
0.32947 0.00000 0.32947 0.32947
0.10525 0.00000 0.10525 0.10525
0.52364 0.00000 0.52364 0.52364
-0.05123 0.00000 -0.05123 -0.05123
0.89752 0.00000 0.89752 0.89752
1.94972 0.00000 1.94972 1.94972
1.09748 0.00000 1.09748 1.09748
-0.00003 0.00000 -0.00003 -0.00003
1.23784 0.00000 1.23784 1.23784
0.27926 0.00000 0.27926 0.27926
0.79192 0.00000 0.79192 0.79192
0.88720 0.00000 0.88720 0.88720
0.35358 0.00000 0.35358 0.35358
1.08842 0.00000 1.08842 1.08842
0.53584 0.00000 0.53584 0.53584
0.16985 0.00000 0.16985 0.16985
0.55019 0.00000 0.55019 0.55019
1.19206 0.00000 1.19206 1.19206
0.63309 0.00000 0.63309 0.63309
0.25105 0.00000 0.25105 0.25105
