# avg	std	min	max
0.17229 0.00000 0.17229 0.17229
-0.24444 0.00000 -0.24444 -0.24444
0.04963 0.00000 0.04963 0.04963
-0.78325 0.00000 -0.78325 -0.78325
-0.46703 0.00000 -0.46703 -0.46703
-1.47851 0.00000 -1.47851 -1.47851
-1.07876 0.00000 -1.07876 -1.07876
-1.50432 0.00000 -1.50432 -1.50432
-0.99880 0.00000 -0.99880 -0.99880
-0.08119 0.00000 -0.08119 -0.08119
-0.03027 0.00000 -0.03027 -0.03027
-0.38197 0.00000 -0.38197 -0.38197
-0.91410 0.00000 -0.91410 -0.91410
-0.44573 0.00000 -0.44573 -0.44573
-0.57319 0.00000 -0.57319 -0.57319
0.01438 0.00000 0.01438 0.01438
-0.58491 0.00000 -0.58491 -0.58491
-0.65338 0.00000 -0.65338 -0.65338
-0.82733 0.00000 -0.82733 -0.82733
-0.53566 0.00000 -0.53566 -0.53566
0.02406 0.00000 0.02406 0.02406
-0.10878 0.00000 -0.10878 -0.10878
-1.37972 0.00000 -1.37972 -1.37972
