# avg	std	min	max
1.29405 0.00000 1.29405 1.29405
0.43363 0.00000 0.43363 0.43363
-0.38689 0.00000 -0.38689 -0.38689
-1.17243 0.00000 -1.17243 -1.17243
-1.02961 0.00000 -1.02961 -1.02961
-0.83459 0.00000 -0.83459 -0.83459
-0.99249 0.00000 -0.99249 -0.99249
-1.49423 0.00000 -1.49423 -1.49423
1.82320 0.00000 1.82320 1.82320
0.80770 0.00000 0.80770 0.80770
0.01995 0.00000 0.01995 0.01995
0.00285 0.00000 0.00285 0.00285
-0.80235 0.00000 -0.80235 -0.80235
0.25647 0.00000 0.25647 0.25647
-0.22620 0.00000 -0.22620 -0.22620
0.14823 0.00000 0.14823 0.14823
-1.20235 0.00000 -1.20235 -1.20235
-0.47264 0.00000 -0.47264 -0.47264
-0.25336 0.00000 -0.25336 -0.25336
0.47940 0.00000 0.47940 0.47940
-0.65360 0.00000 -0.65360 -0.65360
-0.35595 0.00000 -0.35595 -0.35595
-0.54614 0.00000 -0.54614 -0.54614
