# avg	std	min	max
1.26537 0.00000 1.26537 1.26537
1.47633 0.00000 1.47633 1.47633
2.53141 0.00000 2.53141 2.53141
1.10776 0.00000 1.10776 1.10776
2.44383 0.00000 2.44383 2.44383
1.41301 0.00000 1.41301 1.41301
1.34150 0.00000 1.34150 1.34150
0.71808 0.00000 0.71808 0.71808
2.87580 0.00000 2.87580 2.87580
-0.64234 0.00000 -0.64234 -0.64234
-0.00051 0.00000 -0.00051 -0.00051
1.80514 0.00000 1.80514 1.80514
1.55210 0.00000 1.55210 1.55210
1.22344 0.00000 1.22344 1.22344
1.37817 0.00000 1.37817 1.37817
1.20942 0.00000 1.20942 1.20942
1.45035 0.00000 1.45035 1.45035
1.32056 0.00000 1.32056 1.32056
1.53243 0.00000 1.53243 1.53243
2.28671 0.00000 2.28671 2.28671
1.42914 0.00000 1.42914 1.42914
2.65932 0.00000 2.65932 2.65932
0.03071 0.00000 0.03071 0.03071
