# avg	std	min	max
3.82296 0.00000 3.82296 3.82296
2.61160 0.00000 2.61160 2.61160
-0.00515 0.00000 -0.00515 -0.00515
-0.12129 0.00000 -0.12129 -0.12129
-0.43486 0.00000 -0.43486 -0.43486
0.28000 0.00000 0.28000 0.28000
3.89107 0.00000 3.89107 3.89107
5.51496 0.00000 5.51496 5.51496
4.05105 0.00000 4.05105 4.05105
2.33809 0.00000 2.33809 2.33809
1.42633 0.00000 1.42633 1.42633
1.45771 0.00000 1.45771 1.45771
4.08950 0.00000 4.08950 4.08950
2.43191 0.00000 2.43191 2.43191
2.50950 0.00000 2.50950 2.50950
4.49735 0.00000 4.49735 4.49735
3.61713 0.00000 3.61713 3.61713
3.37824 0.00000 3.37824 3.37824
2.58827 0.00000 2.58827 2.58827
5.25964 0.00000 5.25964 5.25964
6.70394 0.00000 6.70394 6.70394
8.09042 0.00000 8.09042 8.09042
4.26082 0.00000 4.26082 4.26082
