# avg	std	min	max
-0.26791 0.00000 -0.26791 -0.26791
-0.16136 0.00000 -0.16136 -0.16136
0.00001 0.00000 0.00001 0.00001
-0.04167 0.00000 -0.04167 -0.04167
0.03171 0.00000 0.03171 0.03171
-0.14626 0.00000 -0.14626 -0.14626
-0.11615 0.00000 -0.11615 -0.11615
-0.25088 0.00000 -0.25088 -0.25088
-0.33238 0.00000 -0.33238 -0.33238
-0.04321 0.00000 -0.04321 -0.04321
-0.09664 0.00000 -0.09664 -0.09664
-0.16529 0.00000 -0.16529 -0.16529
-0.14101 0.00000 -0.14101 -0.14101
-0.38207 0.00000 -0.38207 -0.38207
-0.56262 0.00000 -0.56262 -0.56262
-0.13511 0.00000 -0.13511 -0.13511
-0.15485 0.00000 -0.15485 -0.15485
-0.44909 0.00000 -0.44909 -0.44909
-0.67340 0.00000 -0.67340 -0.67340
-0.59049 0.00000 -0.59049 -0.59049
0.06539 0.00000 0.06539 0.06539
0.08403 0.00000 0.08403 0.08403
-0.20522 0.00000 -0.20522 -0.20522
