# avg	std	min	max
8.06206 0.00000 8.06206 8.06206
6.41417 0.00000 6.41417 6.41417
3.80823 0.00000 3.80823 3.80823
4.06283 0.00000 4.06283 4.06283
3.12434 0.00000 3.12434 3.12434
2.98179 0.00000 2.98179 2.98179
1.95652 0.00000 1.95652 1.95652
-0.01999 0.00000 -0.01999 -0.01999
8.97617 0.00000 8.97617 8.97617
7.46471 0.00000 7.46471 7.46471
5.80353 0.00000 5.80353 5.80353
6.15357 0.00000 6.15357 6.15357
2.66875 0.00000 2.66875 2.66875
6.60676 0.00000 6.60676 6.60676
5.87736 0.00000 5.87736 5.87736
7.48819 0.00000 7.48819 7.48819
6.87982 0.00000 6.87982 6.87982
5.37337 0.00000 5.37337 5.37337
5.77487 0.00000 5.77487 5.77487
5.57021 0.00000 5.57021 5.57021
9.52266 0.00000 9.52266 9.52266
9.45143 0.00000 9.45143 9.45143
4.10446 0.00000 4.10446 4.10446
