# avg	std	min	max
5.98452 0.00000 5.98452 5.98452
4.41517 0.00000 4.41517 4.41517
3.31435 0.00000 3.31435 3.31435
1.42926 0.00000 1.42926 1.42926
1.94014 0.00000 1.94014 1.94014
1.45796 0.00000 1.45796 1.45796
0.42385 0.00000 0.42385 0.42385
1.13288 0.00000 1.13288 1.13288
6.83675 0.00000 6.83675 6.83675
4.85706 0.00000 4.85706 4.85706
3.78720 0.00000 3.78720 3.78720
3.90685 0.00000 3.90685 3.90685
-0.02425 0.00000 -0.02425 -0.02425
4.51299 0.00000 4.51299 4.51299
3.70524 0.00000 3.70524 3.70524
5.20647 0.00000 5.20647 5.20647
4.35050 0.00000 4.35050 4.35050
3.23152 0.00000 3.23152 3.23152
2.94546 0.00000 2.94546 2.94546
3.13763 0.00000 3.13763 3.13763
6.78041 0.00000 6.78041 6.78041
7.93350 0.00000 7.93350 7.93350
3.59872 0.00000 3.59872 3.59872
