# avg	std	min	max
-0.02068 0.00000 -0.02068 -0.02068
-0.04780 0.00000 -0.04780 -0.04780
-0.04698 0.00000 -0.04698 -0.04698
-0.04892 0.00000 -0.04892 -0.04892
-0.04890 0.00000 -0.04890 -0.04890
-0.04854 0.00000 -0.04854 -0.04854
-0.04200 0.00000 -0.04200 -0.04200
-0.04890 0.00000 -0.04890 -0.04890
-0.04226 0.00000 -0.04226 -0.04226
-0.04894 0.00000 -0.04894 -0.04894
-0.02342 0.00000 -0.02342 -0.02342
-0.02468 0.00000 -0.02468 -0.02468
-0.04274 0.00000 -0.04274 -0.04274
-0.04726 0.00000 -0.04726 -0.04726
