# avg	std	min	max
-1.29053 0.00000 -1.29053 -1.29053
-1.52043 0.00000 -1.52043 -1.52043
-0.28988 0.00000 -0.28988 -0.28988
-0.97657 0.00000 -0.97657 -0.97657
-0.50899 0.00000 -0.50899 -0.50899
-0.84903 0.00000 -0.84903 -0.84903
-0.63133 0.00000 -0.63133 -0.63133
-0.13172 0.00000 -0.13172 -0.13172
2.62560 0.00000 2.62560 2.62560
-1.99641 0.00000 -1.99641 -1.99641
-1.69656 0.00000 -1.69656 -1.69656
-1.17372 0.00000 -1.17372 -1.17372
-0.63290 0.00000 -0.63290 -0.63290
-1.33663 0.00000 -1.33663 -1.33663
-1.19029 0.00000 -1.19029 -1.19029
-0.02534 0.00000 -0.02534 -0.02534
-0.51771 0.00000 -0.51771 -0.51771
-1.37481 0.00000 -1.37481 -1.37481
-1.09819 0.00000 -1.09819 -1.09819
-0.96632 0.00000 -0.96632 -0.96632
