# avg	std	min	max
-3.30510 0.00000 -3.30510 -3.30510
0.08067 0.00000 0.08067 0.08067
0.98460 0.00000 0.98460 0.98460
0.35896 0.00000 0.35896 0.35896
0.75617 0.00000 0.75617 0.75617
0.11357 0.00000 0.11357 0.11357
0.07180 0.00000 0.07180 0.07180
0.16563 0.00000 0.16563 0.16563
1.26325 0.00000 1.26325 1.26325
-1.09961 0.00000 -1.09961 -1.09961
0.53823 0.00000 0.53823 0.53823
0.17910 0.00000 0.17910 0.17910
0.11943 0.00000 0.11943 0.11943
-1.07716 0.00000 -1.07716 -1.07716
0.18473 0.00000 0.18473 0.18473
-0.04329 0.00000 -0.04329 -0.04329
0.19603 0.00000 0.19603 0.19603
0.07450 0.00000 0.07450 0.07450
-0.10043 0.00000 -0.10043 -0.10043
0.30082 0.00000 0.30082 0.30082
