# avg	std	min	max
-4.03013 0.00000 -4.03013 -4.03013
-4.47434 0.00000 -4.47434 -4.47434
2.27709 0.00000 2.27709 2.27709
1.13095 0.00000 1.13095 1.13095
3.97486 0.00000 3.97486 3.97486
0.99065 0.00000 0.99065 0.99065
0.51731 0.00000 0.51731 0.51731
6.69989 0.00000 6.69989 6.69989
-1.03934 0.00000 -1.03934 -1.03934
-2.08029 0.00000 -2.08029 -2.08029
1.69219 0.00000 1.69219 1.69219
-1.63343 0.00000 -1.63343 -1.63343
-0.90442 0.00000 -0.90442 -0.90442
-0.66267 0.00000 -0.66267 -0.66267
2.14605 0.00000 2.14605 2.14605
-0.00000 0.00000 -0.00000 -0.00000
2.71222 0.00000 2.71222 2.71222
3.44925 0.00000 3.44925 3.44925
2.25681 0.00000 2.25681 2.25681
6.98445 0.00000 6.98445 6.98445
