# avg	std	min	max
-3.48107 0.00000 -3.48107 -3.48107
-3.22560 0.00000 -3.22560 -3.22560
-3.06491 0.00000 -3.06491 -3.06491
-3.28066 0.00000 -3.28066 -3.28066
-2.89087 0.00000 -2.89087 -2.89087
-2.95493 0.00000 -2.95493 -2.95493
-0.11639 0.00000 -0.11639 -0.11639
0.16610 0.00000 0.16610 0.16610
9.81416 0.00000 9.81416 9.81416
-2.62807 0.00000 -2.62807 -2.62807
-2.32911 0.00000 -2.32911 -2.32911
-3.24550 0.00000 -3.24550 -3.24550
-1.38333 0.00000 -1.38333 -1.38333
-1.14051 0.00000 -1.14051 -1.14051
-2.04302 0.00000 -2.04302 -2.04302
0.63498 0.00000 0.63498 0.63498
-0.01508 0.00000 -0.01508 -0.01508
-2.37391 0.00000 -2.37391 -2.37391
-2.31625 0.00000 -2.31625 -2.31625
-0.09483 0.00000 -0.09483 -0.09483
