# avg	std	min	max
-2.41198 0.00000 -2.41198 -2.41198
-1.75819 0.00000 -1.75819 -1.75819
-0.65989 0.00000 -0.65989 -0.65989
-0.10245 0.00000 -0.10245 -0.10245
-0.88919 0.00000 -0.88919 -0.88919
-1.68886 0.00000 -1.68886 -1.68886
-1.39149 0.00000 -1.39149 -1.39149
-1.43065 0.00000 -1.43065 -1.43065
-0.33885 0.00000 -0.33885 -0.33885
-2.17008 0.00000 -2.17008 -2.17008
-0.92688 0.00000 -0.92688 -0.92688
-1.51521 0.00000 -1.51521 -1.51521
-1.45844 0.00000 -1.45844 -1.45844
-2.08489 0.00000 -2.08489 -2.08489
-1.80509 0.00000 -1.80509 -1.80509
-1.19893 0.00000 -1.19893 -1.19893
-0.02522 0.00000 -0.02522 -0.02522
-1.87579 0.00000 -1.87579 -1.87579
-2.50879 0.00000 -2.50879 -2.50879
-1.65003 0.00000 -1.65003 -1.65003
