# avg	std	min	max
-1.05251 0.00000 -1.05251 -1.05251
-1.77115 0.00000 -1.77115 -1.77115
-0.62179 0.00000 -0.62179 -0.62179
0.72533 0.00000 0.72533 0.72533
0.92494 0.00000 0.92494 0.92494
-1.19202 0.00000 -1.19202 -1.19202
1.40000 0.00000 1.40000 1.40000
4.86977 0.00000 4.86977 4.86977
1.47485 0.00000 1.47485 1.47485
-1.24765 0.00000 -1.24765 -1.24765
1.12510 0.00000 1.12510 1.12510
-1.37461 0.00000 -1.37461 -1.37461
1.69106 0.00000 1.69106 1.69106
-1.10721 0.00000 -1.10721 -1.10721
-0.03422 0.00000 -0.03422 -0.03422
-0.48252 0.00000 -0.48252 -0.48252
-0.01741 0.00000 -0.01741 -0.01741
-0.39891 0.00000 -0.39891 -0.39891
-0.34503 0.00000 -0.34503 -0.34503
4.10641 0.00000 4.10641 4.10641
