# avg	std	min	max
-5.83507 0.00000 -5.83507 -5.83507
-2.23131 0.00000 -2.23131 -2.23131
1.44781 0.00000 1.44781 1.44781
-1.20998 0.00000 -1.20998 -1.20998
2.01970 0.00000 2.01970 2.01970
-1.30781 0.00000 -1.30781 -1.30781
0.39815 0.00000 0.39815 0.39815
3.51808 0.00000 3.51808 3.51808
2.77043 0.00000 2.77043 2.77043
-0.89795 0.00000 -0.89795 -0.89795
2.16295 0.00000 2.16295 2.16295
-1.57080 0.00000 -1.57080 -1.57080
1.42478 0.00000 1.42478 1.42478
-1.26233 0.00000 -1.26233 -1.26233
-0.19734 0.00000 -0.19734 -0.19734
-0.44371 0.00000 -0.44371 -0.44371
0.03100 0.00000 0.03100 0.03100
-0.85820 0.00000 -0.85820 -0.85820
-0.27239 0.00000 -0.27239 -0.27239
2.29851 0.00000 2.29851 2.29851
