# avg	std	min	max
0.52194 0.00000 0.52194 0.52194
-0.16010 0.00000 -0.16010 -0.16010
0.61130 0.00000 0.61130 0.61130
-0.11877 0.00000 -0.11877 -0.11877
0.16870 0.00000 0.16870 0.16870
-0.27592 0.00000 -0.27592 -0.27592
-0.42179 0.00000 -0.42179 -0.42179
-0.12578 0.00000 -0.12578 -0.12578
0.87138 0.00000 0.87138 0.87138
0.02536 0.00000 0.02536 0.02536
0.57231 0.00000 0.57231 0.57231
0.30171 0.00000 0.30171 0.30171
-0.01612 0.00000 -0.01612 -0.01612
-0.67778 0.00000 -0.67778 -0.67778
-0.40876 0.00000 -0.40876 -0.40876
-0.88460 0.00000 -0.88460 -0.88460
-0.02180 0.00000 -0.02180 -0.02180
-0.33008 0.00000 -0.33008 -0.33008
-0.49122 0.00000 -0.49122 -0.49122
0.13366 0.00000 0.13366 0.13366
