# avg	std	min	max
-0.68585 0.00000 -0.68585 -0.68585
-1.90848 0.00000 -1.90848 -1.90848
-2.33858 0.00000 -2.33858 -2.33858
-1.76976 0.00000 -1.76976 -1.76976
-0.57328 0.00000 -0.57328 -0.57328
-1.34493 0.00000 -1.34493 -1.34493
-0.05467 0.00000 -0.05467 -0.05467
1.99381 0.00000 1.99381 1.99381
7.39766 0.00000 7.39766 7.39766
-0.09937 0.00000 -0.09937 -0.09937
-1.42693 0.00000 -1.42693 -1.42693
-1.17139 0.00000 -1.17139 -1.17139
0.37082 0.00000 0.37082 0.37082
-0.22729 0.00000 -0.22729 -0.22729
-0.05073 0.00000 -0.05073 -0.05073
-1.53740 0.00000 -1.53740 -1.53740
-1.86611 0.00000 -1.86611 -1.86611
-0.51492 0.00000 -0.51492 -0.51492
-1.05974 0.00000 -1.05974 -1.05974
0.68172 0.00000 0.68172 0.68172
