# avg	std	min	max
0.00000 0.00000 0.00000 0.00000
6.43254 0.00000 6.43254 6.43254
21.87252 0.00000 21.87252 21.87252
13.54634 0.00000 13.54634 13.54634
21.99846 0.00000 21.99846 21.99846
11.61098 0.00000 11.61098 11.61098
19.23444 0.00000 19.23444 19.23444
16.34148 0.00000 16.34148 16.34148
24.56268 0.00000 24.56268 24.56268
9.53122 0.00000 9.53122 9.53122
18.82388 0.00000 18.82388 18.82388
9.00556 0.00000 9.00556 9.00556
21.18366 0.00000 21.18366 21.18366
12.49610 0.00000 12.49610 12.49610
11.84236 0.00000 11.84236 11.84236
11.71732 0.00000 11.71732 11.71732
11.44174 0.00000 11.44174 11.44174
12.95480 0.00000 12.95480 12.95480
13.94198 0.00000 13.94198 13.94198
26.28100 0.00000 26.28100 26.28100
