# avg	std	min	max
-2.11774 0.00000 -2.11774 -2.11774
-1.45210 0.00000 -1.45210 -1.45210
-1.25313 0.00000 -1.25313 -1.25313
-1.11358 0.00000 -1.11358 -1.11358
-1.60473 0.00000 -1.60473 -1.60473
-0.84956 0.00000 -0.84956 -0.84956
1.50428 0.00000 1.50428 1.50428
1.04824 0.00000 1.04824 1.04824
3.05111 0.00000 3.05111 3.05111
-0.62358 0.00000 -0.62358 -0.62358
0.23467 0.00000 0.23467 0.23467
-0.95069 0.00000 -0.95069 -0.95069
2.33188 0.00000 2.33188 2.33188
-0.75153 0.00000 -0.75153 -0.75153
-1.16817 0.00000 -1.16817 -1.16817
-1.30678 0.00000 -1.30678 -1.30678
-0.72009 0.00000 -0.72009 -0.72009
-1.95198 0.00000 -1.95198 -1.95198
-1.27447 0.00000 -1.27447 -1.27447
0.34849 0.00000 0.34849 0.34849
