# avg	std	min	max
-0.64248 0.00000 -0.64248 -0.64248
-1.76880 0.00000 -1.76880 -1.76880
0.64431 0.00000 0.64431 0.64431
-0.02220 0.00000 -0.02220 -0.02220
0.01455 0.00000 0.01455 0.01455
-0.97986 0.00000 -0.97986 -0.97986
12.66662 0.00000 12.66662 12.66662
5.38594 0.00000 5.38594 5.38594
-1.32916 0.00000 -1.32916 -1.32916
-0.61029 0.00000 -0.61029 -0.61029
0.02223 0.00000 0.02223 0.02223
0.55833 0.00000 0.55833 0.55833
14.62398 0.00000 14.62398 14.62398
3.07516 0.00000 3.07516 3.07516
1.52699 0.00000 1.52699 1.52699
1.48116 0.00000 1.48116 1.48116
0.96770 0.00000 0.96770 0.96770
0.87112 0.00000 0.87112 0.87112
0.75514 0.00000 0.75514 0.75514
9.41463 0.00000 9.41463 9.41463
