# avg	std	min	max
1.04436 0.00000 1.04436 1.04436
0.51667 0.00000 0.51667 0.51667
0.57112 0.00000 0.57112 0.57112
-0.84734 0.00000 -0.84734 -0.84734
0.00278 0.00000 0.00278 0.00278
-1.33900 0.00000 -1.33900 -1.33900
-0.78680 0.00000 -0.78680 -0.78680
-1.09713 0.00000 -1.09713 -1.09713
0.34302 0.00000 0.34302 0.34302
0.70215 0.00000 0.70215 0.70215
0.31557 0.00000 0.31557 0.31557
0.85895 0.00000 0.85895 0.85895
-0.40101 0.00000 -0.40101 -0.40101
1.15631 0.00000 1.15631 1.15631
0.54469 0.00000 0.54469 0.54469
1.38124 0.00000 1.38124 1.38124
0.75040 0.00000 0.75040 0.75040
-0.15903 0.00000 -0.15903 -0.15903
0.18305 0.00000 0.18305 0.18305
0.65795 0.00000 0.65795 0.65795
