# avg	std	min	max
0.09679 0.00000 0.09679 0.09679
0.87293 0.00000 0.87293 0.87293
1.46205 0.00000 1.46205 1.46205
0.33516 0.00000 0.33516 0.33516
1.24550 0.00000 1.24550 1.24550
0.35897 0.00000 0.35897 0.35897
0.64097 0.00000 0.64097 0.64097
0.74123 0.00000 0.74123 0.74123
1.36371 0.00000 1.36371 1.36371
0.84937 0.00000 0.84937 0.84937
1.06188 0.00000 1.06188 1.06188
0.82235 0.00000 0.82235 0.82235
0.63681 0.00000 0.63681 0.63681
0.37758 0.00000 0.37758 0.37758
0.15270 0.00000 0.15270 0.15270
1.06699 0.00000 1.06699 1.06699
0.75988 0.00000 0.75988 0.75988
-0.03805 0.00000 -0.03805 -0.03805
-0.09612 0.00000 -0.09612 -0.09612
0.76962 0.00000 0.76962 0.76962
