# avg	std	min	max
0.15414 0.00000 0.15414 0.15414
1.04596 0.00000 1.04596 1.04596
0.46027 0.00000 0.46027 0.46027
0.87493 0.00000 0.87493 0.87493
0.01147 0.00000 0.01147 0.01147
0.33111 0.00000 0.33111 0.33111
0.78319 0.00000 0.78319 0.78319
-0.29076 0.00000 -0.29076 -0.29076
4.52825 0.00000 4.52825 4.52825
0.70788 0.00000 0.70788 0.70788
-0.08525 0.00000 -0.08525 -0.08525
0.88726 0.00000 0.88726 0.88726
0.54479 0.00000 0.54479 0.54479
-0.58660 0.00000 -0.58660 -0.58660
0.90565 0.00000 0.90565 0.90565
0.48570 0.00000 0.48570 0.48570
1.31643 0.00000 1.31643 1.31643
-0.00000 0.00000 -0.00000 -0.00000
0.78684 0.00000 0.78684 0.78684
0.47628 0.00000 0.47628 0.47628
