# avg	std	min	max
-1.26510 0.00000 -1.26510 -1.26510
-0.52772 0.00000 -0.52772 -0.52772
1.86581 0.00000 1.86581 1.86581
-2.60320 0.00000 -2.60320 -2.60320
1.99731 0.00000 1.99731 1.99731
-2.27527 0.00000 -2.27527 -2.27527
-3.56907 0.00000 -3.56907 -3.56907
-0.16838 0.00000 -0.16838 -0.16838
2.90728 0.00000 2.90728 2.90728
0.77099 0.00000 0.77099 0.77099
2.28712 0.00000 2.28712 2.28712
-0.53277 0.00000 -0.53277 -0.53277
-2.61842 0.00000 -2.61842 -2.61842
0.52307 0.00000 0.52307 0.52307
1.13667 0.00000 1.13667 1.13667
2.15369 0.00000 2.15369 2.15369
2.44298 0.00000 2.44298 2.44298
-0.04370 0.00000 -0.04370 -0.04370
-0.22188 0.00000 -0.22188 -0.22188
-1.29021 0.00000 -1.29021 -1.29021
