# avg	std	min	max
-1.10187 0.00000 -1.10187 -1.10187
0.27357 0.00000 0.27357 0.27357
2.99998 0.00000 2.99998 2.99998
0.36827 0.00000 0.36827 0.36827
3.34743 0.00000 3.34743 3.34743
-1.06195 0.00000 -1.06195 -1.06195
1.49143 0.00000 1.49143 1.49143
2.15637 0.00000 2.15637 2.15637
0.75049 0.00000 0.75049 0.75049
0.54821 0.00000 0.54821 0.54821
4.74291 0.00000 4.74291 4.74291
0.24738 0.00000 0.24738 0.24738
1.56099 0.00000 1.56099 1.56099
0.35224 0.00000 0.35224 0.35224
0.74756 0.00000 0.74756 0.74756
1.52714 0.00000 1.52714 1.52714
1.50704 0.00000 1.50704 1.50704
-0.00032 0.00000 -0.00032 -0.00032
-0.12290 0.00000 -0.12290 -0.12290
0.23472 0.00000 0.23472 0.23472
