# avg	std	min	max
-2.52717 0.00000 -2.52717 -2.52717
-1.12630 0.00000 -1.12630 -1.12630
1.40598 0.00000 1.40598 1.40598
0.55032 0.00000 0.55032 0.55032
1.28431 0.00000 1.28431 1.28431
0.24781 0.00000 0.24781 0.24781
3.71337 0.00000 3.71337 3.71337
6.09049 0.00000 6.09049 6.09049
-0.72518 0.00000 -0.72518 -0.72518
-0.36364 0.00000 -0.36364 -0.36364
1.27085 0.00000 1.27085 1.27085
0.20877 0.00000 0.20877 0.20877
5.20665 0.00000 5.20665 5.20665
2.72791 0.00000 2.72791 2.72791
0.10172 0.00000 0.10172 0.10172
3.35672 0.00000 3.35672 3.35672
0.11600 0.00000 0.11600 0.11600
-0.01838 0.00000 -0.01838 -0.01838
0.43562 0.00000 0.43562 0.43562
3.90762 0.00000 3.90762 3.90762
