# avg	std	min	max
-1.15489 0.00000 -1.15489 -1.15489
-0.77684 0.00000 -0.77684 -0.77684
0.28643 0.00000 0.28643 0.28643
-0.14798 0.00000 -0.14798 -0.14798
0.11700 0.00000 0.11700 0.11700
0.56401 0.00000 0.56401 0.56401
-0.49310 0.00000 -0.49310 -0.49310
0.98388 0.00000 0.98388 0.98388
1.43674 0.00000 1.43674 1.43674
1.11794 0.00000 1.11794 1.11794
1.48784 0.00000 1.48784 1.48784
0.94288 0.00000 0.94288 0.94288
-0.35851 0.00000 -0.35851 -0.35851
1.53688 0.00000 1.53688 1.53688
1.09907 0.00000 1.09907 1.09907
1.77715 0.00000 1.77715 1.77715
0.86697 0.00000 0.86697 0.86697
-0.04739 0.00000 -0.04739 -0.04739
0.32595 0.00000 0.32595 0.32595
1.13469 0.00000 1.13469 1.13469
