# avg	std	min	max
1.23774 0.00000 1.23774 1.23774
0.71623 0.00000 0.71623 0.71623
3.05340 0.00000 3.05340 3.05340
0.13592 0.00000 0.13592 0.13592
2.01457 0.00000 2.01457 2.01457
-0.76267 0.00000 -0.76267 -0.76267
-0.59014 0.00000 -0.59014 -0.59014
0.19591 0.00000 0.19591 0.19591
-0.22830 0.00000 -0.22830 -0.22830
1.52100 0.00000 1.52100 1.52100
3.59665 0.00000 3.59665 3.59665
1.10064 0.00000 1.10064 1.10064
-0.35009 0.00000 -0.35009 -0.35009
1.11175 0.00000 1.11175 1.11175
0.90676 0.00000 0.90676 0.90676
0.95651 0.00000 0.95651 0.95651
0.92164 0.00000 0.92164 0.92164
-0.00700 0.00000 -0.00700 -0.00700
0.67595 0.00000 0.67595 0.67595
0.64824 0.00000 0.64824 0.64824
