# avg	std	min	max
-1.27342 0.00000 -1.27342 -1.27342
-1.97978 0.00000 -1.97978 -1.97978
2.30600 0.00000 2.30600 2.30600
-0.00000 0.00000 -0.00000 -0.00000
5.48478 0.00000 5.48478 5.48478
-0.82129 0.00000 -0.82129 -0.82129
-1.27890 0.00000 -1.27890 -1.27890
0.77768 0.00000 0.77768 0.77768
-3.78325 0.00000 -3.78325 -3.78325
-0.93954 0.00000 -0.93954 -0.93954
2.17945 0.00000 2.17945 2.17945
-0.72800 0.00000 -0.72800 -0.72800
-0.98708 0.00000 -0.98708 -0.98708
-0.34551 0.00000 -0.34551 -0.34551
0.53076 0.00000 0.53076 0.53076
2.19894 0.00000 2.19894 2.19894
0.64013 0.00000 0.64013 0.64013
-0.19703 0.00000 -0.19703 -0.19703
0.00027 0.00000 0.00027 0.00027
0.67646 0.00000 0.67646 0.67646
