# avg	std	min	max
-0.56679 0.00000 -0.56679 -0.56679
0.69252 0.00000 0.69252 0.69252
1.35282 0.00000 1.35282 1.35282
-0.00085 0.00000 -0.00085 -0.00085
2.09289 0.00000 2.09289 2.09289
0.89968 0.00000 0.89968 0.89968
2.14652 0.00000 2.14652 2.14652
4.11138 0.00000 4.11138 4.11138
0.25875 0.00000 0.25875 0.25875
0.81092 0.00000 0.81092 0.81092
1.44394 0.00000 1.44394 1.44394
1.06950 0.00000 1.06950 1.06950
2.47595 0.00000 2.47595 2.47595
1.31863 0.00000 1.31863 1.31863
0.47568 0.00000 0.47568 0.47568
0.64773 0.00000 0.64773 0.64773
1.55816 0.00000 1.55816 1.55816
-0.57300 0.00000 -0.57300 -0.57300
-0.79080 0.00000 -0.79080 -0.79080
2.21896 0.00000 2.21896 2.21896
