# avg	std	min	max
1.74316 0.00000 1.74316 1.74316
0.61260 0.00000 0.61260 0.61260
2.08690 0.00000 2.08690 2.08690
-0.05308 0.00000 -0.05308 -0.05308
2.04163 0.00000 2.04163 2.04163
-1.13007 0.00000 -1.13007 -1.13007
2.54057 0.00000 2.54057 2.54057
3.75442 0.00000 3.75442 3.75442
6.67150 0.00000 6.67150 6.67150
0.94036 0.00000 0.94036 0.94036
0.41625 0.00000 0.41625 0.41625
0.69491 0.00000 0.69491 0.69491
2.70200 0.00000 2.70200 2.70200
0.24262 0.00000 0.24262 0.24262
0.93852 0.00000 0.93852 0.93852
2.48153 0.00000 2.48153 2.48153
1.86267 0.00000 1.86267 1.86267
1.55064 0.00000 1.55064 1.55064
0.91183 0.00000 0.91183 0.91183
3.05081 0.00000 3.05081 3.05081
