# avg	std	min	max
-0.16997 0.00000 -0.16997 -0.16997
0.53522 0.00000 0.53522 0.53522
2.40907 0.00000 2.40907 2.40907
-0.00475 0.00000 -0.00475 -0.00475
1.96133 0.00000 1.96133 1.96133
0.13831 0.00000 0.13831 0.13831
1.53447 0.00000 1.53447 1.53447
0.75861 0.00000 0.75861 0.75861
9.52373 0.00000 9.52373 9.52373
0.12170 0.00000 0.12170 0.12170
0.85796 0.00000 0.85796 0.85796
0.50102 0.00000 0.50102 0.50102
1.80079 0.00000 1.80079 1.80079
1.54436 0.00000 1.54436 1.54436
0.50466 0.00000 0.50466 0.50466
1.18100 0.00000 1.18100 1.18100
0.74908 0.00000 0.74908 0.74908
0.47357 0.00000 0.47357 0.47357
0.39412 0.00000 0.39412 0.39412
0.45376 0.00000 0.45376 0.45376
