# avg	std	min	max
-0.34052 0.00000 -0.34052 -0.34052
0.40206 0.00000 0.40206 0.40206
2.61254 0.00000 2.61254 2.61254
0.68090 0.00000 0.68090 0.68090
2.55436 0.00000 2.55436 2.55436
0.44753 0.00000 0.44753 0.44753
0.44555 0.00000 0.44555 0.44555
1.66325 0.00000 1.66325 1.66325
7.28827 0.00000 7.28827 7.28827
-0.09884 0.00000 -0.09884 -0.09884
0.13776 0.00000 0.13776 0.13776
1.60554 0.00000 1.60554 1.60554
0.34832 0.00000 0.34832 0.34832
-0.01186 0.00000 -0.01186 -0.01186
-0.22044 0.00000 -0.22044 -0.22044
0.50843 0.00000 0.50843 0.50843
0.86218 0.00000 0.86218 0.86218
-0.28552 0.00000 -0.28552 -0.28552
-0.38260 0.00000 -0.38260 -0.38260
0.58441 0.00000 0.58441 0.58441
