# avg	std	min	max
-0.46868 0.00000 -0.46868 -0.46868
0.20017 0.00000 0.20017 0.20017
0.98289 0.00000 0.98289 0.98289
1.62725 0.00000 1.62725 1.62725
1.82487 0.00000 1.82487 1.82487
-0.42435 0.00000 -0.42435 -0.42435
-0.06268 0.00000 -0.06268 -0.06268
1.06128 0.00000 1.06128 1.06128
3.66592 0.00000 3.66592 3.66592
0.20163 0.00000 0.20163 0.20163
2.12757 0.00000 2.12757 2.12757
0.06091 0.00000 0.06091 0.06091
0.12630 0.00000 0.12630 0.12630
-0.01587 0.00000 -0.01587 -0.01587
-0.61254 0.00000 -0.61254 -0.61254
0.39585 0.00000 0.39585 0.39585
-0.40504 0.00000 -0.40504 -0.40504
0.62404 0.00000 0.62404 0.62404
-0.85703 0.00000 -0.85703 -0.85703
0.13562 0.00000 0.13562 0.13562
