# avg	std	min	max
0.47268 0.00000 0.47268 0.47268
0.59318 0.00000 0.59318 0.59318
0.62108 0.00000 0.62108 0.62108
0.53021 0.00000 0.53021 0.53021
0.36311 0.00000 0.36311 0.36311
0.90831 0.00000 0.90831 0.90831
0.65230 0.00000 0.65230 0.65230
0.87001 0.00000 0.87001 0.87001
0.00278 0.00000 0.00278 0.00278
0.74031 0.00000 0.74031 0.74031
0.57671 0.00000 0.57671 0.57671
0.54957 0.00000 0.54957 0.54957
0.64387 0.00000 0.64387 0.64387
-0.31035 0.00000 -0.31035 -0.31035
0.37086 0.00000 0.37086 0.37086
-0.19407 0.00000 -0.19407 -0.19407
-0.28404 0.00000 -0.28404 -0.28404
0.50224 0.00000 0.50224 0.50224
0.62391 0.00000 0.62391 0.62391
0.27281 0.00000 0.27281 0.27281
