# avg	std	min	max
1.83877 0.00000 1.83877 1.83877
1.61426 0.00000 1.61426 1.61426
4.09748 0.00000 4.09748 4.09748
1.65406 0.00000 1.65406 1.65406
3.83113 0.00000 3.83113 3.83113
1.37530 0.00000 1.37530 1.37530
3.66987 0.00000 3.66987 3.66987
4.08793 0.00000 4.08793 4.08793
-0.01916 0.00000 -0.01916 -0.01916
2.10895 0.00000 2.10895 2.10895
4.18155 0.00000 4.18155 4.18155
3.29638 0.00000 3.29638 3.29638
3.92038 0.00000 3.92038 3.92038
1.77093 0.00000 1.77093 1.77093
1.90613 0.00000 1.90613 1.90613
2.09256 0.00000 2.09256 2.09256
3.31347 0.00000 3.31347 3.31347
1.82912 0.00000 1.82912 1.82912
3.13918 0.00000 3.13918 3.13918
3.60586 0.00000 3.60586 3.60586
