# avg	std	min	max
-0.05757 0.00000 -0.05757 -0.05757
0.33424 0.00000 0.33424 0.33424
-0.50128 0.00000 -0.50128 -0.50128
-0.48719 0.00000 -0.48719 -0.48719
-0.24427 0.00000 -0.24427 -0.24427
-0.37444 0.00000 -0.37444 -0.37444
-0.86732 0.00000 -0.86732 -0.86732
-0.15378 0.00000 -0.15378 -0.15378
1.79789 0.00000 1.79789 1.79789
0.03077 0.00000 0.03077 0.03077
-0.09776 0.00000 -0.09776 -0.09776
0.44925 0.00000 0.44925 0.44925
-0.85140 0.00000 -0.85140 -0.85140
-0.17222 0.00000 -0.17222 -0.17222
-0.02360 0.00000 -0.02360 -0.02360
1.04419 0.00000 1.04419 1.04419
-0.46569 0.00000 -0.46569 -0.46569
-0.81399 0.00000 -0.81399 -0.81399
-0.76362 0.00000 -0.76362 -0.76362
-0.30540 0.00000 -0.30540 -0.30540
