# avg	std	min	max
0.04302 0.00000 0.04302 0.04302
0.02016 0.00000 0.02016 0.02016
1.85848 0.00000 1.85848 1.85848
0.08829 0.00000 0.08829 0.08829
1.71068 0.00000 1.71068 1.71068
0.42909 0.00000 0.42909 0.42909
0.04866 0.00000 0.04866 0.04866
0.52538 0.00000 0.52538 0.52538
5.00818 0.00000 5.00818 5.00818
-0.38275 0.00000 -0.38275 -0.38275
0.51562 0.00000 0.51562 0.51562
0.04743 0.00000 0.04743 0.04743
0.23383 0.00000 0.23383 0.23383
0.61062 0.00000 0.61062 0.61062
-0.02743 0.00000 -0.02743 -0.02743
0.31527 0.00000 0.31527 0.31527
-0.13311 0.00000 -0.13311 -0.13311
-0.04739 0.00000 -0.04739 -0.04739
-0.07775 0.00000 -0.07775 -0.07775
0.35756 0.00000 0.35756 0.35756
