# avg	std	min	max
-3.40485 0.00000 -3.40485 -3.40485
-3.14252 0.00000 -3.14252 -3.14252
3.79002 0.00000 3.79002 3.79002
0.65416 0.00000 0.65416 0.65416
4.60953 0.00000 4.60953 4.60953
-1.36920 0.00000 -1.36920 -1.36920
13.10442 0.00000 13.10442 13.10442
9.87020 0.00000 9.87020 9.87020
13.20776 0.00000 13.20776 13.20776
-2.64183 0.00000 -2.64183 -2.64183
2.57212 0.00000 2.57212 2.57212
-0.99278 0.00000 -0.99278 -0.99278
10.93108 0.00000 10.93108 10.93108
-0.84884 0.00000 -0.84884 -0.84884
0.65880 0.00000 0.65880 0.65880
0.38842 0.00000 0.38842 0.38842
1.69271 0.00000 1.69271 1.69271
0.41574 0.00000 0.41574 0.41574
-0.14553 0.00000 -0.14553 -0.14553
5.50461 0.00000 5.50461 5.50461
