# avg	std	min	max
0.10200 0.00000 0.10200 0.10200
0.38826 0.00000 0.38826 0.38826
0.50055 0.00000 0.50055 0.50055
0.54843 0.00000 0.54843 0.54843
0.61626 0.00000 0.61626 0.61626
0.46067 0.00000 0.46067 0.46067
0.23025 0.00000 0.23025 0.23025
0.56237 0.00000 0.56237 0.56237
0.44066 0.00000 0.44066 0.44066
0.00009 0.00000 0.00009 0.00009
0.35755 0.00000 0.35755 0.35755
0.37811 0.00000 0.37811 0.37811
0.46175 0.00000 0.46175 0.46175
0.60972 0.00000 0.60972 0.60972
0.46628 0.00000 0.46628 0.46628
0.02454 0.00000 0.02454 0.02454
0.58054 0.00000 0.58054 0.58054
0.34586 0.00000 0.34586 0.34586
0.30094 0.00000 0.30094 0.30094
0.64483 0.00000 0.64483 0.64483
