# avg	std	min	max
-3.52184 0.00000 -3.52184 -3.52184
-3.19220 0.00000 -3.19220 -3.19220
1.48010 0.00000 1.48010 1.48010
6.14936 0.00000 6.14936 6.14936
1.72446 0.00000 1.72446 1.72446
1.94950 0.00000 1.94950 1.94950
17.53106 0.00000 17.53106 17.53106
29.75608 0.00000 29.75608 29.75608
-3.93499 0.00000 -3.93499 -3.93499
-2.48518 0.00000 -2.48518 -2.48518
0.00000 0.00000 0.00000 0.00000
-1.77393 0.00000 -1.77393 -1.77393
26.33518 0.00000 26.33518 26.33518
-1.65733 0.00000 -1.65733 -1.65733
3.26470 0.00000 3.26470 3.26470
1.10823 0.00000 1.10823 1.10823
7.05559 0.00000 7.05559 7.05559
5.57880 0.00000 5.57880 5.57880
4.64359 0.00000 4.64359 4.64359
15.24152 0.00000 15.24152 15.24152
