# avg	std	min	max
-0.39827 0.00000 -0.39827 -0.39827
-0.16919 0.00000 -0.16919 -0.16919
0.17575 0.00000 0.17575 0.17575
-0.32463 0.00000 -0.32463 -0.32463
-0.38921 0.00000 -0.38921 -0.38921
-0.77740 0.00000 -0.77740 -0.77740
-0.39242 0.00000 -0.39242 -0.39242
-0.07481 0.00000 -0.07481 -0.07481
-0.94527 0.00000 -0.94527 -0.94527
0.00518 0.00000 0.00518 0.00518
0.00528 0.00000 0.00528 0.00528
1.33396 0.00000 1.33396 1.33396
-0.36133 0.00000 -0.36133 -0.36133
-0.43135 0.00000 -0.43135 -0.43135
-0.62329 0.00000 -0.62329 -0.62329
-0.27908 0.00000 -0.27908 -0.27908
-0.25723 0.00000 -0.25723 -0.25723
-0.59973 0.00000 -0.59973 -0.59973
-0.71036 0.00000 -0.71036 -0.71036
-0.03882 0.00000 -0.03882 -0.03882
