# avg	std	min	max
0.66260 0.00000 0.66260 0.66260
0.16579 0.00000 0.16579 0.16579
-0.85321 0.00000 -0.85321 -0.85321
-0.68817 0.00000 -0.68817 -0.68817
-1.09324 0.00000 -1.09324 -1.09324
-0.75685 0.00000 -0.75685 -0.75685
-0.22359 0.00000 -0.22359 -0.22359
-0.27158 0.00000 -0.27158 -0.27158
0.89649 0.00000 0.89649 0.89649
0.40175 0.00000 0.40175 0.40175
-0.00066 0.00000 -0.00066 -0.00066
-0.15186 0.00000 -0.15186 -0.15186
-0.24950 0.00000 -0.24950 -0.24950
0.27244 0.00000 0.27244 0.27244
-0.92140 0.00000 -0.92140 -0.92140
0.91669 0.00000 0.91669 0.91669
-1.36000 0.00000 -1.36000 -1.36000
-1.29248 0.00000 -1.29248 -1.29248
-0.92310 0.00000 -0.92310 -0.92310
1.36599 0.00000 1.36599 1.36599
