# avg	std	min	max
-5.87573 0.00000 -5.87573 -5.87573
-5.27805 0.00000 -5.27805 -5.27805
0.00000 0.00000 0.00000 0.00000
-4.71949 0.00000 -4.71949 -4.71949
2.07202 0.00000 2.07202 2.07202
-4.44530 0.00000 -4.44530 -4.44530
-5.25457 0.00000 -5.25457 -5.25457
-2.02015 0.00000 -2.02015 -2.02015
12.37004 0.00000 12.37004 12.37004
-3.94706 0.00000 -3.94706 -3.94706
-0.07345 0.00000 -0.07345 -0.07345
-5.06426 0.00000 -5.06426 -5.06426
-5.03890 0.00000 -5.03890 -5.03890
-4.18509 0.00000 -4.18509 -4.18509
-3.14019 0.00000 -3.14019 -3.14019
-5.24346 0.00000 -5.24346 -5.24346
-3.57984 0.00000 -3.57984 -3.57984
-5.02909 0.00000 -5.02909 -5.02909
-3.94056 0.00000 -3.94056 -3.94056
-3.30916 0.00000 -3.30916 -3.30916
