# avg	std	min	max
-4.29515 0.00000 -4.29515 -4.29515
-2.26422 0.00000 -2.26422 -2.26422
-0.00088 0.00000 -0.00088 -0.00088
-1.65607 0.00000 -1.65607 -1.65607
0.21195 0.00000 0.21195 0.21195
-1.62712 0.00000 -1.62712 -1.62712
-1.32757 0.00000 -1.32757 -1.32757
-0.91125 0.00000 -0.91125 -0.91125
6.82121 0.00000 6.82121 6.82121
-2.97455 0.00000 -2.97455 -2.97455
-1.03544 0.00000 -1.03544 -1.03544
-2.04899 0.00000 -2.04899 -2.04899
-1.30680 0.00000 -1.30680 -1.30680
-1.92118 0.00000 -1.92118 -1.92118
-1.55436 0.00000 -1.55436 -1.55436
-2.31719 0.00000 -2.31719 -2.31719
-2.13133 0.00000 -2.13133 -2.13133
-1.68636 0.00000 -1.68636 -1.68636
-2.60858 0.00000 -2.60858 -2.60858
-1.26275 0.00000 -1.26275 -1.26275
