# avg	std	min	max
-2.19150 0.00000 -2.19150 -2.19150
-0.68517 0.00000 -0.68517 -0.68517
0.00400 0.00000 0.00400 0.00400
-0.88566 0.00000 -0.88566 -0.88566
0.12295 0.00000 0.12295 0.12295
-0.97093 0.00000 -0.97093 -0.97093
-0.75283 0.00000 -0.75283 -0.75283
-0.72042 0.00000 -0.72042 -0.72042
-2.14234 0.00000 -2.14234 -2.14234
-0.56362 0.00000 -0.56362 -0.56362
0.27485 0.00000 0.27485 0.27485
-0.50221 0.00000 -0.50221 -0.50221
-0.61167 0.00000 -0.61167 -0.61167
-0.18824 0.00000 -0.18824 -0.18824
-0.45359 0.00000 -0.45359 -0.45359
-1.18949 0.00000 -1.18949 -1.18949
-0.80426 0.00000 -0.80426 -0.80426
-1.07606 0.00000 -1.07606 -1.07606
-0.60871 0.00000 -0.60871 -0.60871
-0.83039 0.00000 -0.83039 -0.83039
