# avg	std	min	max
-2.68891 0.00000 -2.68891 -2.68891
-0.69381 0.00000 -0.69381 -0.69381
0.25893 0.00000 0.25893 0.25893
-1.48233 0.00000 -1.48233 -1.48233
-0.94143 0.00000 -0.94143 -0.94143
-0.25019 0.00000 -0.25019 -0.25019
-0.33436 0.00000 -0.33436 -0.33436
-1.12549 0.00000 -1.12549 -1.12549
1.02145 0.00000 1.02145 1.02145
-1.83568 0.00000 -1.83568 -1.83568
0.46738 0.00000 0.46738 0.46738
-0.50789 0.00000 -0.50789 -0.50789
-0.00000 0.00000 -0.00000 -0.00000
-2.17356 0.00000 -2.17356 -2.17356
-2.06818 0.00000 -2.06818 -2.06818
-3.44759 0.00000 -3.44759 -3.44759
-0.66647 0.00000 -0.66647 -0.66647
-1.88689 0.00000 -1.88689 -1.88689
-1.99948 0.00000 -1.99948 -1.99948
-1.76846 0.00000 -1.76846 -1.76846
