# avg	std	min	max
-2.41919 0.00000 -2.41919 -2.41919
-3.83513 0.00000 -3.83513 -3.83513
-4.22799 0.00000 -4.22799 -4.22799
-3.53395 0.00000 -3.53395 -3.53395
-3.49000 0.00000 -3.49000 -3.49000
-5.53260 0.00000 -5.53260 -5.53260
-0.97653 0.00000 -0.97653 -0.97653
-0.19230 0.00000 -0.19230 -0.19230
-3.74082 0.00000 -3.74082 -3.74082
-3.28282 0.00000 -3.28282 -3.28282
-2.52638 0.00000 -2.52638 -2.52638
-4.53060 0.00000 -4.53060 -4.53060
0.00000 0.00000 0.00000 0.00000
-2.92748 0.00000 -2.92748 -2.92748
-4.62162 0.00000 -4.62162 -4.62162
-1.66792 0.00000 -1.66792 -1.66792
-3.73003 0.00000 -3.73003 -3.73003
-4.62924 0.00000 -4.62924 -4.62924
-4.10197 0.00000 -4.10197 -4.10197
-0.55433 0.00000 -0.55433 -0.55433
