# avg	std	min	max
1.19956 0.00000 1.19956 1.19956
0.88987 0.00000 0.88987 0.88987
0.62478 0.00000 0.62478 0.62478
0.01875 0.00000 0.01875 0.01875
0.53572 0.00000 0.53572 0.53572
0.02050 0.00000 0.02050 0.02050
0.46828 0.00000 0.46828 0.46828
1.47761 0.00000 1.47761 1.47761
3.36713 0.00000 3.36713 3.36713
1.45935 0.00000 1.45935 1.45935
1.35595 0.00000 1.35595 1.35595
0.12108 0.00000 0.12108 0.12108
-0.04739 0.00000 -0.04739 -0.04739
-0.00360 0.00000 -0.00360 -0.00360
0.41810 0.00000 0.41810 0.41810
-0.72865 0.00000 -0.72865 -0.72865
0.04004 0.00000 0.04004 0.04004
0.49449 0.00000 0.49449 0.49449
1.72807 0.00000 1.72807 1.72807
1.74920 0.00000 1.74920 1.74920
