# avg	std	min	max
-2.17843 0.00000 -2.17843 -2.17843
-1.68588 0.00000 -1.68588 -1.68588
-1.60327 0.00000 -1.60327 -1.60327
-2.21715 0.00000 -2.21715 -2.21715
-2.22716 0.00000 -2.22716 -2.22716
-1.91890 0.00000 -1.91890 -1.91890
-0.95550 0.00000 -0.95550 -0.95550
-0.98815 0.00000 -0.98815 -0.98815
-0.65383 0.00000 -0.65383 -0.65383
-2.68625 0.00000 -2.68625 -2.68625
-1.96028 0.00000 -1.96028 -1.96028
-1.57987 0.00000 -1.57987 -1.57987
-0.03586 0.00000 -0.03586 -0.03586
-1.47138 0.00000 -1.47138 -1.47138
-1.87597 0.00000 -1.87597 -1.87597
-1.42345 0.00000 -1.42345 -1.42345
-1.64154 0.00000 -1.64154 -1.64154
-1.43299 0.00000 -1.43299 -1.43299
-1.80010 0.00000 -1.80010 -1.80010
-1.11909 0.00000 -1.11909 -1.11909
