# avg	std	min	max
-0.99361 0.00000 -0.99361 -0.99361
-0.20845 0.00000 -0.20845 -0.20845
-1.21171 0.00000 -1.21171 -1.21171
-0.65916 0.00000 -0.65916 -0.65916
-1.19729 0.00000 -1.19729 -1.19729
-0.26114 0.00000 -0.26114 -0.26114
-0.40934 0.00000 -0.40934 -0.40934
-0.30308 0.00000 -0.30308 -0.30308
-1.01675 0.00000 -1.01675 -1.01675
-1.08049 0.00000 -1.08049 -1.08049
-0.80032 0.00000 -0.80032 -0.80032
-0.63164 0.00000 -0.63164 -0.63164
-1.21414 0.00000 -1.21414 -1.21414
-0.26575 0.00000 -0.26575 -0.26575
