# avg	std	min	max
-0.91540 0.01017 -0.93208 -0.90403
-0.00000 0.00000 -0.00000 -0.00000
2.57456 0.03480 2.50929 2.61078
0.06291 0.05405 -0.01896 0.10852
2.04379 0.14215 1.81232 2.17375
-0.13528 0.19451 -0.30383 0.24251
0.13300 0.23070 -0.01199 0.59304
0.66890 0.27686 0.11519 0.80971
3.60041 0.01389 3.58057 3.61664
0.04402 0.00045 0.04346 0.04480
2.70299 0.31491 2.32164 3.03994
0.16991 0.00579 0.16521 0.17963
0.36372 0.31672 -0.01119 0.71505
0.37824 0.01238 0.36271 0.38901
0.08432 0.06627 -0.02573 0.16377
0.36883 0.01864 0.34138 0.39813
0.11516 0.07867 0.01730 0.23127
-0.07471 0.07619 -0.19025 0.04802
-0.40867 0.39541 -0.78568 0.11366
0.70587 0.27008 0.36261 1.04769
