# avg	std	min	max
-5.18340 0.05841 -5.26581 -5.09138
0.00000 0.00000 0.00000 0.00000
2.83973 0.22846 2.68578 3.29090
1.65581 0.27557 1.35966 2.05592
6.65204 0.75086 5.89112 7.68975
0.91318 0.06490 0.81817 1.00105
2.29903 0.23781 2.01337 2.61385
2.16669 0.10622 2.02440 2.33119
3.84051 0.00080 3.83948 3.84144
0.95603 0.02995 0.92694 0.99407
1.22793 0.01076 1.20737 1.23707
0.75756 0.00702 0.74986 0.76712
2.63321 0.21441 2.35314 2.85593
1.47543 0.08351 1.31382 1.55478
2.27044 0.18049 2.04271 2.48216
0.99880 0.01633 0.96700 1.01156
1.91670 0.23092 1.67327 2.25993
1.71569 0.07049 1.62016 1.83555
2.59728 0.11316 2.47938 2.77810
2.65845 0.05093 2.55663 2.68651
