# avg	std	min	max
-1.29053 0.12603 -1.50053 -1.13914
-1.52043 0.16059 -1.75202 -1.25577
-0.28988 0.09472 -0.37134 -0.12535
-0.97657 0.16332 -1.29348 -0.85587
-0.50899 0.03061 -0.54166 -0.45076
-0.84903 0.20771 -1.24490 -0.67885
-0.63133 0.01134 -0.63751 -0.60865
-0.13172 0.03398 -0.15794 -0.06491
2.62560 0.16401 2.36913 2.77846
-1.99641 0.17451 -2.13611 -1.67313
-1.69656 0.26937 -2.17966 -1.37928
-1.17372 0.13181 -1.37519 -1.06840
-0.63290 0.00680 -0.64435 -0.62348
-1.33663 0.11720 -1.57081 -1.27089
-1.19029 0.10654 -1.40336 -1.13550
-0.02534 0.00000 -0.02534 -0.02534
-0.51771 0.02499 -0.55535 -0.49132
-1.37481 0.05708 -1.48694 -1.33337
-1.09819 0.08964 -1.27650 -1.03655
-0.96632 0.07342 -1.00787 -0.81973
