# avg	std	min	max
-3.30510 0.03947 -3.32988 -3.22755
0.08067 0.08959 -0.00952 0.19209
0.98460 0.03838 0.94729 1.05113
0.35896 0.04477 0.28808 0.40612
0.75617 0.07736 0.66235 0.86006
0.11357 0.06939 0.00168 0.21341
0.07180 0.10485 -0.05078 0.21284
0.16563 0.06710 0.05091 0.24575
1.26325 0.03601 1.21988 1.32254
-1.09961 0.06957 -1.22166 -1.01997
0.53823 0.06625 0.44201 0.61513
0.17910 0.09313 0.07666 0.29969
0.11943 0.13304 -0.05952 0.30013
-1.07716 0.10987 -1.16536 -0.91317
0.18473 0.06391 0.06789 0.24951
-0.04329 0.01195 -0.06157 -0.02673
0.19603 0.05241 0.13492 0.27190
0.07450 0.06858 0.01380 0.17085
-0.10043 0.09544 -0.21588 0.02198
0.30082 0.07789 0.18220 0.39661
