# avg	std	min	max
0.23607 0.00967 0.22344 0.24892
0.42492 0.00518 0.41896 0.43108
0.34573 0.01629 0.32645 0.36610
-0.30846 0.08617 -0.38473 -0.15586
-0.40940 0.04144 -0.46179 -0.34125
-0.42630 0.06751 -0.49018 -0.30872
-0.91007 0.00844 -0.91957 -0.89715
-0.10869 0.04757 -0.16845 -0.04779
0.63473 0.01927 0.61199 0.66392
0.62049 0.04420 0.57841 0.70161
0.51189 0.01240 0.49397 0.52857
0.84355 0.02487 0.82306 0.88822
-0.83931 0.01162 -0.85983 -0.82870
0.03493 0.01157 0.02092 0.04725
-0.12443 0.00927 -0.13744 -0.11070
0.21344 0.01001 0.20481 0.23274
-0.01841 0.00856 -0.02740 -0.00651
-0.32075 0.02984 -0.34583 -0.26384
0.53031 0.02083 0.50535 0.55727
-0.05742 0.01866 -0.08133 -0.03474
