# avg	std	min	max
-3.48107 0.06434 -3.59550 -3.39912
-3.22560 0.02751 -3.26569 -3.19942
-3.06491 0.01726 -3.08197 -3.03365
-3.28066 0.09933 -3.40488 -3.18151
-2.89087 0.02402 -2.92225 -2.86155
-2.95493 0.08083 -3.09300 -2.86010
-0.11639 0.46514 -0.63877 0.47069
0.16610 0.87410 -0.48822 1.89895
9.81416 0.04987 9.75326 9.87316
-2.62807 0.02305 -2.66177 -2.59051
-2.32911 0.17014 -2.56915 -2.14636
-3.24550 0.03649 -3.29849 -3.21058
-1.38333 0.90328 -2.75593 -0.48931
-1.14051 0.26362 -1.66506 -0.95791
-2.04302 0.21998 -2.43927 -1.75932
0.63498 0.06983 0.53937 0.70184
-0.01508 0.00000 -0.01508 -0.01508
-2.37391 0.22670 -2.56152 -1.93391
-2.31625 0.50251 -3.17755 -1.66782
-0.09483 0.62153 -0.85098 0.79591
