# avg	std	min	max
-2.41198 0.17805 -2.74733 -2.22824
-1.75819 0.04497 -1.80198 -1.67236
-0.65989 0.05641 -0.75242 -0.58912
-0.10245 0.05647 -0.20410 -0.03792
-0.88919 0.07179 -0.99144 -0.78989
-1.68886 0.05617 -1.73502 -1.58541
-1.39149 0.07249 -1.51704 -1.32299
-1.43065 0.07931 -1.51983 -1.28381
-0.33885 0.08369 -0.46108 -0.20480
-2.17008 0.23005 -2.43428 -1.79585
-0.92688 0.06181 -1.00943 -0.85654
-1.51521 0.00795 -1.52902 -1.50577
-1.45844 0.04624 -1.51484 -1.38258
-2.08489 0.06923 -2.20901 -2.00740
-1.80509 0.03372 -1.85571 -1.76024
-1.19893 0.05400 -1.26306 -1.12848
-0.02522 0.01798 -0.05241 -0.00770
-1.87579 0.07443 -1.96258 -1.74596
-2.50879 0.05663 -2.58660 -2.42299
-1.65003 0.03859 -1.69247 -1.57980
