# avg	std	min	max
0.52194 0.05325 0.46688 0.59630
-0.16010 0.02391 -0.19720 -0.12834
0.61130 0.01134 0.60000 0.62773
-0.11877 0.04010 -0.16664 -0.05297
0.16870 0.04174 0.12848 0.24061
-0.27592 0.05013 -0.35784 -0.21011
-0.42179 0.25506 -0.70245 -0.06904
-0.12578 0.07613 -0.20583 0.01531
0.87138 0.04251 0.81370 0.92736
0.02536 0.01954 0.00046 0.06024
0.57231 0.04703 0.51242 0.63321
0.30171 0.03084 0.26693 0.33847
-0.01612 0.02324 -0.05145 0.00873
-0.67778 0.07426 -0.76117 -0.57291
-0.40876 0.09321 -0.52230 -0.24012
-0.88460 0.27535 -1.27969 -0.43836
-0.02180 0.04560 -0.07231 0.06335
-0.33008 0.06026 -0.44772 -0.28423
-0.49122 0.02738 -0.52666 -0.45205
0.13366 0.07392 -0.00047 0.22150
