# avg	std	min	max
-0.00000 0.00000 -0.00000 -0.00000
11.32836 0.04319 11.24200 11.35140
31.27566 0.23430 30.96360 31.61690
42.15690 1.40114 40.31780 44.58910
39.88360 0.42189 39.25550 40.41440
33.13370 1.73703 30.39040 35.56350
63.54934 5.13602 57.43330 70.04140
68.37846 1.63043 66.53270 70.37900
18.85028 0.36063 18.56220 19.53400
19.10826 0.25410 18.86230 19.60030
27.67046 1.17850 26.60390 29.87280
19.85392 1.46106 16.94620 20.86050
53.99786 3.79051 49.54690 60.97260
31.23900 2.63534 28.92720 34.46120
36.59952 2.07428 33.93840 39.08910
32.00300 2.17998 29.06920 33.82020
35.47960 1.58010 33.14580 37.14280
35.10076 1.34885 33.53970 36.71190
35.10822 1.58772 32.38420 37.34270
54.89014 3.61361 51.73010 61.65010
