# avg	std	min	max
-2.11774 0.04180 -2.16948 -2.04496
-1.45210 0.06954 -1.52254 -1.33344
-1.25313 0.24876 -1.62690 -1.03674
-1.11358 0.03352 -1.16325 -1.06967
-1.60473 0.53339 -2.28624 -0.96449
-0.84956 0.33575 -1.27325 -0.45858
1.50428 1.18165 0.07687 2.82409
1.04824 0.20727 0.78694 1.36181
3.05111 0.03495 2.99833 3.08122
-0.62358 0.27969 -1.18154 -0.45226
0.23467 0.15528 0.04640 0.42049
-0.95069 0.05451 -1.00808 -0.88274
2.33188 1.08829 1.46113 4.16268
-0.75153 0.08990 -0.91588 -0.65172
-1.16817 0.68962 -2.28572 -0.29636
-1.30678 0.28576 -1.83607 -1.08694
-0.72009 0.52334 -1.16363 0.30163
-1.95198 0.37718 -2.44900 -1.40167
-1.27447 0.53313 -2.11033 -0.52065
0.34849 0.08805 0.26065 0.45965
