# avg	std	min	max
-0.64248 0.03231 -0.69384 -0.60871
-1.76880 0.10093 -1.93606 -1.67716
0.64431 0.00122 0.64241 0.64545
-0.02220 0.31824 -0.29699 0.36857
0.01455 0.01834 0.00000 0.04324
-0.97986 0.84445 -2.07435 0.22923
12.66662 1.09154 11.67250 14.04920
5.38594 0.05215 5.31785 5.47478
-1.32916 0.07292 -1.43883 -1.25390
-0.61029 0.07132 -0.70132 -0.51127
0.02223 0.02180 0.00928 0.06575
0.55833 0.14311 0.27211 0.63104
14.62398 0.10988 14.48430 14.82280
3.07516 0.39107 2.29317 3.27994
1.52699 0.00119 1.52603 1.52905
1.48116 0.28089 1.23842 1.94357
0.96770 0.23436 0.63433 1.29877
0.87112 0.60521 0.12816 1.41642
0.75514 0.16528 0.54343 1.02354
9.41463 0.17877 9.07852 9.61282
