# avg	std	min	max
0.09679 0.00278 0.09540 0.10235
0.87293 0.00917 0.86280 0.88471
1.46205 0.21550 1.08517 1.67683
0.33516 0.03153 0.29854 0.38250
1.24550 0.17887 1.03460 1.48272
0.35897 0.12076 0.21580 0.57315
0.64097 0.01256 0.61926 0.65414
0.74123 0.01576 0.71139 0.75632
1.36371 0.13755 1.15926 1.57388
0.84937 0.02509 0.82974 0.89187
1.06188 0.27834 0.81237 1.43422
0.82235 0.01520 0.80158 0.84258
0.63681 0.01739 0.61588 0.65684
0.37758 0.03542 0.33768 0.43540
0.15270 0.02586 0.12029 0.19369
1.06699 0.04389 1.01459 1.12655
0.75988 0.02651 0.72487 0.80126
-0.03805 0.01336 -0.04473 -0.01134
-0.09612 0.05092 -0.19084 -0.04133
0.76962 0.00662 0.76055 0.77658
