# avg	std	min	max
0.15414 0.01867 0.12966 0.18158
1.04596 0.02179 1.02612 1.08789
0.46027 0.02993 0.40977 0.49696
0.87493 0.02224 0.85155 0.90406
0.01147 0.01449 0.00001 0.03912
0.33111 0.01335 0.30615 0.34439
0.78319 0.03680 0.71137 0.81047
-0.29076 0.02751 -0.33116 -0.25751
4.52825 0.46049 3.69047 4.95956
0.70788 0.00821 0.69521 0.72022
-0.08525 0.02991 -0.11380 -0.04716
0.88726 0.01465 0.86428 0.90965
0.54479 0.04256 0.49941 0.60027
-0.58660 0.15200 -0.69359 -0.28497
0.90565 0.01881 0.88139 0.93356
0.48570 0.02590 0.43898 0.51228
1.31643 0.01514 1.30478 1.34634
-0.00000 0.00000 -0.00000 -0.00000
0.78684 0.02707 0.74183 0.81240
0.47628 0.03180 0.44669 0.53038
