# avg	std	min	max
-0.75411 0.13404 -1.02188 -0.67695
0.31822 0.03289 0.25498 0.34728
1.36958 0.33080 1.00017 1.96003
-0.13790 0.06529 -0.25842 -0.05919
1.60070 0.29722 1.21754 1.99024
0.96988 0.16668 0.63801 1.07887
0.24350 0.18226 0.05791 0.55982
1.24449 0.11073 1.07667 1.37080
8.79069 0.57579 8.27055 9.86369
0.65734 0.04161 0.57546 0.68374
1.26992 0.16157 1.06080 1.50479
1.60647 0.03595 1.56307 1.66290
0.27486 0.12595 0.08142 0.40623
0.78985 0.33659 0.31256 1.08618
0.13032 0.04539 0.06727 0.20533
1.62347 0.03254 1.59286 1.68296
1.20262 0.02871 1.15882 1.23422
-0.00454 0.00000 -0.00454 -0.00454
0.11737 0.04715 0.05055 0.17543
0.51577 0.15508 0.26350 0.68539
