# avg	std	min	max
-1.10187 0.02874 -1.14960 -1.06509
0.27357 0.03390 0.21119 0.31001
2.99998 0.02792 2.96468 3.03715
0.36827 0.30744 0.01303 0.76316
3.34743 0.61635 2.44372 3.91395
-1.06195 0.00751 -1.07629 -1.05502
1.49143 0.02627 1.45879 1.52558
2.15637 0.03644 2.09402 2.19564
0.75049 0.02038 0.73032 0.78080
0.54821 0.01274 0.52321 0.55883
4.74291 0.18684 4.39296 4.94458
0.24738 0.03743 0.18512 0.29535
1.56099 0.22203 1.11999 1.71519
0.35224 0.00468 0.34692 0.35915
0.74756 0.27621 0.21912 1.02108
1.52714 0.00802 1.51446 1.53828
1.50704 0.04943 1.45075 1.57109
-0.00032 0.00000 -0.00032 -0.00032
-0.12290 0.04772 -0.19157 -0.06818
0.23472 0.01891 0.20276 0.25679
