# avg	std	min	max
-2.52717 0.04158 -2.56898 -2.44859
-1.12630 0.02181 -1.16289 -1.09505
1.40598 0.30540 1.01980 1.75004
0.55032 0.04786 0.48787 0.63304
1.28431 0.23243 1.14187 1.74830
0.24781 0.59987 -0.33153 1.24897
3.71337 0.15685 3.49638 3.94094
6.09049 0.62102 5.42833 6.91031
-0.72518 0.02721 -0.75971 -0.68773
-0.36364 0.04068 -0.38788 -0.28264
1.27085 0.01682 1.25807 1.30327
0.20877 0.02155 0.19097 0.24518
5.20665 1.19902 2.98649 6.50456
2.72791 1.04219 1.46554 4.23819
0.10172 0.03956 0.06901 0.16461
3.35672 0.04294 3.32774 3.44159
0.11600 0.15271 -0.08396 0.36606
-0.01838 0.05135 -0.09531 0.05855
0.43562 0.24708 0.19762 0.87143
3.90762 0.74754 2.84876 5.04959
