# avg	std	min	max
-1.15489 0.28284 -1.51076 -0.74059
-0.77684 0.08930 -0.92062 -0.67587
0.28643 0.11516 0.12037 0.43041
-0.14798 0.09285 -0.24812 0.01215
0.11700 0.02728 0.06405 0.13757
0.56401 0.03771 0.53087 0.61831
-0.49310 0.03204 -0.53348 -0.45375
0.98388 0.11722 0.77464 1.11876
1.43674 0.22899 1.19516 1.84581
1.11794 0.16037 0.98322 1.42929
1.48784 0.10460 1.35135 1.60569
0.94288 0.03071 0.90744 0.99547
-0.35851 0.11928 -0.51126 -0.15453
1.53688 0.05723 1.47988 1.61417
1.09907 0.22456 0.67820 1.35353
1.77715 0.06891 1.66486 1.88205
0.86697 0.12142 0.75589 1.08942
-0.04739 0.00000 -0.04739 -0.04739
0.32595 0.08718 0.19803 0.41023
1.13469 0.02549 1.08821 1.16400
