# avg	std	min	max
-1.13552 0.17871 -1.29805 -0.80802
-0.22243 0.15194 -0.38657 0.04851
6.46255 0.09585 6.29930 6.54618
0.89256 0.32182 0.44406 1.27882
8.81089 0.08341 8.70072 8.95729
0.57771 0.15955 0.41449 0.82539
-0.19530 0.07125 -0.25757 -0.07167
1.92720 0.15373 1.70458 2.11111
0.03349 0.16293 -0.10916 0.32167
-0.50460 0.13315 -0.73058 -0.36829
5.15452 0.12175 5.01349 5.32577
-0.57265 0.09404 -0.72806 -0.47459
-0.00834 0.06583 -0.07782 0.07793
-0.20272 0.15156 -0.37810 0.04532
0.25278 0.07233 0.12086 0.31706
3.61933 0.32759 3.36123 4.23780
3.26270 0.10547 3.15062 3.45184
-0.12178 0.04053 -0.15549 -0.04197
-0.46760 0.13566 -0.68720 -0.27447
-0.23144 0.10392 -0.36058 -0.12306
