# avg	std	min	max
1.23774 0.01704 1.22250 1.26655
0.71623 0.03760 0.66787 0.76699
3.05340 0.01744 3.02629 3.07590
0.13592 0.04059 0.06464 0.18235
2.01457 0.62182 1.27115 2.75877
-0.76267 0.01751 -0.78008 -0.73927
-0.59014 0.03673 -0.65362 -0.54365
0.19591 0.04312 0.13045 0.24665
-0.22830 0.02141 -0.26577 -0.20027
1.52100 0.03352 1.49933 1.58782
3.59665 0.02852 3.54782 3.63300
1.10064 0.02480 1.06997 1.14150
-0.35009 0.02548 -0.38021 -0.31113
1.11175 0.04592 1.04589 1.16477
0.90676 0.02177 0.86808 0.93549
0.95651 0.04871 0.92428 1.05294
0.92164 0.03909 0.86826 0.96755
-0.00700 0.00985 -0.01781 0.01098
0.67595 0.02626 0.63438 0.71440
0.64824 0.02680 0.61569 0.69251
