# avg	std	min	max
-1.27342 0.27605 -1.64039 -0.92597
-1.97978 0.22024 -2.26084 -1.62005
2.30600 0.34610 1.69465 2.63073
-0.00000 0.00000 -0.00000 -0.00000
5.48478 0.23130 5.04851 5.70614
-0.82129 0.09384 -0.90100 -0.66413
-1.27890 0.06200 -1.34121 -1.16107
0.77768 1.61574 -0.45113 3.90951
-3.78325 0.23233 -4.22142 -3.61192
-0.93954 0.76859 -2.45831 -0.41968
2.17945 0.24494 1.81408 2.40812
-0.72800 0.34582 -1.31156 -0.40645
-0.98708 0.02742 -1.02053 -0.93949
-0.34551 0.45758 -0.83934 0.48806
0.53076 0.25389 0.30904 0.86295
2.19894 0.21713 1.86135 2.37994
0.64013 0.09534 0.50568 0.80414
-0.19703 0.04338 -0.26044 -0.13174
0.00027 0.07038 -0.08387 0.08097
0.67646 0.75544 -0.54351 1.29296
