# avg	std	min	max
-4.81851 0.19918 -5.10645 -4.58478
-2.07798 0.17382 -2.28586 -1.85461
1.38219 0.50398 0.61283 2.06168
0.00000 0.00000 0.00000 0.00000
4.16263 0.27959 3.88194 4.67953
-0.03007 0.82077 -1.16888 1.24471
18.65250 4.32520 15.51580 27.14850
30.15236 3.07015 24.67890 34.21080
-0.59197 0.40452 -0.82327 0.21560
-0.77599 0.41104 -1.46263 -0.18592
0.07394 0.94296 -1.66775 0.99901
-2.09521 0.09089 -2.27459 -2.02590
24.37642 0.33467 24.16060 25.04240
1.64751 0.04513 1.59036 1.72785
1.80688 0.59175 1.20123 2.66747
3.85015 0.34378 3.50047 4.28736
3.92559 0.31269 3.57984 4.49306
1.02112 0.40592 0.57919 1.65216
10.41615 1.17943 9.20116 12.51370
9.30496 0.39698 9.05393 10.08390
