# avg	std	min	max
1.74316 0.03879 1.70255 1.80797
0.61260 0.65098 -0.65524 1.11812
2.08690 0.21176 1.66574 2.22369
-0.05308 0.00000 -0.05308 -0.05308
2.04163 0.10674 1.90537 2.16825
-1.13007 0.06004 -1.18097 -1.01920
2.54057 0.52573 1.90758 3.34895
3.75442 0.91653 2.75130 5.45645
6.67150 0.77272 5.53059 7.44489
0.94036 0.15766 0.66107 1.15100
0.41625 0.04058 0.33618 0.44099
0.69491 0.05756 0.58370 0.73785
2.70200 0.85738 1.48788 3.59806
0.24262 0.50761 -0.36423 1.09228
0.93852 0.09014 0.86011 1.07666
2.48153 0.12934 2.27147 2.67015
1.86267 0.26402 1.41815 2.13740
1.55064 0.16114 1.41352 1.86221
0.91183 0.11082 0.70424 1.02825
3.05081 0.44069 2.60004 3.87316
