# avg	std	min	max
-0.16997 0.00000 -0.16997 -0.16997
0.53522 0.00000 0.53522 0.53522
2.40907 0.11079 2.24849 2.51508
-0.00475 0.00658 -0.01788 -0.00068
1.96133 0.10308 1.85007 2.12916
0.13831 0.09817 0.00476 0.24422
1.53447 0.13328 1.38103 1.72297
0.75861 0.07162 0.67720 0.87790
9.52373 0.01271 9.50682 9.53996
0.12170 0.00071 0.12034 0.12242
0.85796 0.00608 0.85212 0.86965
0.50102 0.01333 0.47529 0.51106
1.80079 0.17494 1.61104 2.07312
1.54436 0.01226 1.52028 1.55329
0.50466 0.30755 0.02976 0.76668
1.18100 0.00482 1.17403 1.18795
0.74908 0.00777 0.73492 0.75613
0.47357 0.00549 0.46566 0.48263
0.39412 0.04485 0.34091 0.47242
0.45376 0.01980 0.43751 0.48801
