# avg	std	min	max
-1.20643 0.00356 -1.20821 -1.19931
0.24785 0.02764 0.21183 0.28656
1.09455 0.01372 1.08180 1.11949
-0.00326 0.00579 -0.01483 -0.00037
0.57906 0.00115 0.57725 0.58047
-0.19625 0.06873 -0.29136 -0.08199
-0.49128 0.00436 -0.49663 -0.48673
-0.16752 0.03693 -0.21059 -0.12003
-1.64679 0.02637 -1.67427 -1.60585
0.78459 0.03935 0.71438 0.83336
1.64635 0.05048 1.55102 1.70009
0.76812 0.04467 0.70977 0.84557
0.17509 0.04608 0.13550 0.25191
1.43064 0.02721 1.39498 1.46311
0.83825 0.03220 0.78233 0.87637
1.16900 0.09241 1.08152 1.31749
0.37828 0.04360 0.32071 0.44061
-0.10779 0.06433 -0.16437 0.01472
0.48012 0.06669 0.35795 0.55175
0.34337 0.03239 0.31558 0.39522
