# avg	std	min	max
-0.34052 0.06588 -0.46317 -0.27870
0.40206 0.05952 0.35167 0.47641
2.61254 0.06290 2.58075 2.73834
0.68090 0.04988 0.64472 0.77670
2.55436 0.08677 2.41789 2.65319
0.44753 0.10822 0.28893 0.58226
0.44555 0.03467 0.39988 0.50337
1.66325 0.06747 1.54766 1.73377
7.28827 0.06089 7.18765 7.34120
-0.09884 0.01495 -0.11438 -0.08094
0.13776 0.06053 0.06964 0.20957
1.60554 0.05297 1.50278 1.65382
0.34832 0.09687 0.23383 0.50938
-0.01186 0.02712 -0.06593 0.00400
-0.22044 0.05060 -0.30553 -0.14675
0.50843 0.05164 0.42489 0.58382
0.86218 0.07643 0.76784 0.93757
-0.28552 0.07391 -0.40236 -0.20929
-0.38260 0.05883 -0.45005 -0.29471
0.58441 0.11719 0.35465 0.67689
