# avg	std	min	max
-0.22325 0.00471 -0.22708 -0.21682
-0.19451 0.00599 -0.19751 -0.18254
0.02118 0.00150 0.01986 0.02411
-0.20515 0.00960 -0.22186 -0.19253
-0.07475 0.07836 -0.18930 -0.00950
-0.00426 0.02808 -0.05996 0.01580
-0.11625 0.00493 -0.12213 -0.10979
0.24512 0.01506 0.22816 0.27235
0.57943 0.11368 0.37057 0.68877
-0.21347 0.01159 -0.22488 -0.19108
0.01829 0.00988 0.00458 0.03233
-0.15054 0.00613 -0.16279 -0.14728
-0.09847 0.01867 -0.11882 -0.07400
-0.00162 0.01155 -0.02174 0.01438
-0.46060 0.01551 -0.48263 -0.43512
0.17765 0.00268 0.17310 0.18077
0.10284 0.00474 0.09605 0.10940
-0.57581 0.03547 -0.63333 -0.53409
-0.43550 0.02496 -0.47058 -0.39681
-0.02444 0.00906 -0.03933 -0.01414
