# avg	std	min	max
0.47268 0.03721 0.42727 0.51775
0.59318 0.04638 0.53529 0.65609
0.62108 0.04435 0.55801 0.68433
0.53021 0.03885 0.48515 0.60090
0.36311 0.05500 0.30854 0.43385
0.90831 0.04047 0.83713 0.96296
0.65230 0.04847 0.58760 0.69609
0.87001 0.05974 0.79631 0.95547
0.00278 0.00231 -0.00065 0.00532
0.74031 0.03433 0.69778 0.80066
0.57671 0.03708 0.54519 0.63839
0.54957 0.04241 0.51566 0.63199
0.64387 0.05107 0.59591 0.72744
-0.31035 0.04597 -0.36344 -0.22582
0.37086 0.34624 -0.10501 0.78475
-0.19407 0.05815 -0.28514 -0.12357
-0.28404 0.05250 -0.36655 -0.22449
0.50224 0.04236 0.44749 0.56730
0.62391 0.03989 0.55062 0.66087
0.27281 0.04010 0.20988 0.32232
