# avg	std	min	max
1.34748 0.05860 1.23121 1.39042
1.38902 0.00585 1.38465 1.39932
2.98215 0.06209 2.90737 3.09614
1.76010 0.05865 1.66892 1.82912
2.75951 0.03079 2.71620 2.80976
1.95768 0.07491 1.85084 2.04979
2.46285 0.04648 2.40558 2.54653
2.38997 0.23072 1.93594 2.57146
-0.02310 0.01316 -0.04263 -0.00399
0.94129 0.02783 0.88747 0.96071
2.61102 0.18305 2.46449 2.91191
2.12745 0.01561 2.09856 2.14188
2.52222 0.03978 2.47271 2.56092
1.65932 0.22291 1.45999 1.96875
1.65285 0.00668 1.64331 1.66194
2.39349 0.00590 2.38379 2.40057
1.89848 0.00746 1.89035 1.91033
1.61170 0.00982 1.59516 1.62047
1.17577 0.21299 0.96841 1.50825
1.24670 0.12000 1.14024 1.46924
