# avg	std	min	max
1.83877 0.01283 1.82340 1.85370
1.61426 0.01555 1.60004 1.64027
4.09748 0.22592 3.64584 4.21754
1.65406 0.12372 1.50823 1.80914
3.83113 0.23044 3.37615 4.00592
1.37530 0.09897 1.26623 1.53849
3.66987 0.08417 3.58178 3.80141
4.08793 0.16256 3.83151 4.26086
-0.01916 0.01543 -0.04081 -0.00165
2.10895 0.06119 2.06308 2.22981
4.18155 0.01060 4.16403 4.19260
3.29638 0.01464 3.26818 3.30829
3.92038 0.26206 3.69512 4.42371
1.77093 0.01809 1.73901 1.78979
1.90613 0.02252 1.86606 1.93516
2.09256 0.07280 2.01277 2.22774
3.31347 0.03875 3.27443 3.38686
1.82912 0.01471 1.80906 1.85141
3.13918 0.05694 3.02770 3.18722
3.60586 0.22616 3.45205 4.05186
