# avg	std	min	max
0.10200 0.00001 0.10199 0.10203
0.38826 0.00027 0.38804 0.38865
0.50055 0.02149 0.47933 0.53534
0.54843 0.01383 0.52522 0.56428
0.61626 0.01943 0.58530 0.64351
0.46067 0.03185 0.40827 0.50326
0.23025 0.05636 0.13201 0.29210
0.56237 0.05078 0.46080 0.58814
0.44066 0.00097 0.43892 0.44189
0.00009 0.00050 -0.00076 0.00062
0.35755 0.01164 0.34806 0.38002
0.37811 0.00036 0.37775 0.37873
0.46175 0.06126 0.37645 0.52755
0.60972 0.11403 0.44903 0.72959
0.46628 0.04531 0.42495 0.53301
0.02454 0.45807 -0.71159 0.51272
0.58054 0.00268 0.57698 0.58414
0.34586 0.06977 0.27337 0.47275
0.30094 0.04950 0.24871 0.39016
0.64483 0.01079 0.63264 0.66126
