# avg	std	min	max
-0.79354 0.04321 -0.85654 -0.73039
-1.45939 0.03839 -1.51029 -1.39447
2.00246 0.00764 1.99409 2.01411
-1.98392 0.03240 -2.03364 -1.95436
3.46928 0.58847 2.46601 4.31453
-1.74053 0.34473 -2.42943 -1.54512
-1.51919 0.21578 -1.89293 -1.31960
-0.72991 0.27421 -1.08548 -0.33672
11.27806 0.15570 11.04530 11.48080
-0.00017 0.00050 -0.00115 0.00031
1.69887 0.53995 1.10878 2.33724
-1.55595 0.03746 -1.61226 -1.50181
-1.47182 0.30604 -1.78568 -0.89903
-1.63555 0.02639 -1.67784 -1.59480
-1.35679 0.01344 -1.37135 -1.33215
-0.04503 0.05750 -0.10155 0.04617
-0.63976 0.08763 -0.74612 -0.49545
-1.73662 0.33285 -2.03347 -1.24489
-1.46524 0.14826 -1.75581 -1.35180
-0.61702 0.28964 -1.02127 -0.25572
