# avg	std	min	max
-3.52184 0.03593 -3.55012 -3.46431
-3.19220 0.00000 -3.19220 -3.19220
1.48010 0.57460 0.45206 2.22781
6.14936 1.00729 4.97699 7.40558
1.72446 0.33783 1.14726 2.19633
1.94950 0.28871 1.55352 2.42409
17.53106 4.36191 13.88640 25.81820
29.75608 5.67326 23.63670 36.59380
-3.93499 0.01724 -3.95358 -3.90735
-2.48518 0.00497 -2.49055 -2.47906
0.00000 0.00000 0.00000 0.00000
-1.77393 0.21581 -2.16202 -1.57300
26.33518 5.29030 21.52880 33.72390
-1.65733 0.13431 -1.83390 -1.48163
3.26470 0.87472 1.86624 4.12778
1.10823 0.06461 1.04119 1.22872
7.05559 0.79598 6.39060 8.55033
5.57880 0.48885 5.19009 6.52147
4.64359 0.75674 3.96023 6.07502
15.24152 0.77779 14.22610 16.13520
