# avg	std	min	max
-0.39827 0.00793 -0.41109 -0.38759
-0.16919 0.07242 -0.23799 -0.02897
0.17575 0.01698 0.15255 0.19604
-0.32463 0.23122 -0.60993 -0.12478
-0.38921 0.02715 -0.41078 -0.33854
-0.77740 0.06327 -0.86386 -0.69746
-0.39242 0.03304 -0.41988 -0.33985
-0.07481 0.00945 -0.08475 -0.05890
-0.94527 0.02203 -0.96720 -0.90680
0.00518 0.00612 -0.00328 0.01469
0.00528 0.00344 0.00072 0.00943
1.33396 0.01664 1.30970 1.36060
-0.36133 0.01872 -0.38358 -0.33299
-0.43135 0.01307 -0.44894 -0.41307
-0.62329 0.14826 -0.89327 -0.45106
-0.27908 0.01221 -0.29082 -0.25705
-0.25723 0.15088 -0.52390 -0.11813
-0.59973 0.03006 -0.64207 -0.55749
-0.71036 0.12951 -0.88119 -0.51741
-0.03882 0.01421 -0.05861 -0.01698
