# avg	std	min	max
0.66260 0.02737 0.61419 0.69135
0.16579 0.03332 0.12565 0.21095
-0.85321 0.00471 -0.85936 -0.84849
-0.68817 0.10186 -0.86702 -0.55263
-1.09324 0.03863 -1.16913 -1.06584
-0.75685 0.21861 -1.13166 -0.54619
-0.22359 0.05768 -0.32538 -0.16307
-0.27158 0.25974 -0.62969 0.06757
0.89649 0.09914 0.77001 1.02276
0.40175 0.01352 0.38235 0.42472
-0.00066 0.00081 -0.00172 0.00000
-0.15186 0.09911 -0.21389 0.04589
-0.24950 0.32168 -0.81899 0.11367
0.27244 0.50833 -0.26296 0.87434
-0.92140 0.09921 -1.00028 -0.73025
0.91669 0.26535 0.55774 1.25248
-1.36000 0.01252 -1.38027 -1.34687
-1.29248 0.02327 -1.32284 -1.25311
-0.92310 0.10709 -1.05467 -0.75513
1.36599 0.50769 0.75515 2.09882
