# avg	std	min	max
-4.16449 0.00374 -4.16661 -4.15705
-2.53453 0.00148 -2.53573 -2.53245
0.10393 0.02119 0.08334 0.14445
-2.60295 0.10272 -2.74748 -2.44452
0.24101 0.00550 0.23382 0.25025
-2.95669 0.14270 -3.15483 -2.78823
-3.06124 0.12799 -3.15991 -2.80822
-3.07043 0.04486 -3.12144 -2.99033
0.04641 0.01948 0.02297 0.07026
-1.81312 0.00481 -1.82186 -1.80833
0.00200 0.01069 -0.00846 0.02257
-2.36047 0.00363 -2.36607 -2.35521
-2.77542 0.01530 -2.80343 -2.76270
-1.96916 0.14111 -2.10343 -1.73453
-2.35938 0.01387 -2.37622 -2.33420
-2.16822 0.01750 -2.18996 -2.13992
-2.70616 0.01671 -2.73273 -2.68199
-2.83244 0.19250 -3.20779 -2.70867
-2.50829 0.09845 -2.62719 -2.32824
-1.92143 0.03389 -1.95880 -1.87077
