# avg	std	min	max
-1.32432 0.06981 -1.38223 -1.20108
-0.34410 0.00009 -0.34414 -0.34392
-0.00002 0.00007 -0.00012 0.00009
-0.24219 0.03716 -0.29623 -0.19287
0.14651 0.01049 0.12585 0.15409
-0.38398 0.00935 -0.39549 -0.37040
-0.57862 0.04768 -0.62902 -0.51874
-0.40555 0.05185 -0.45713 -0.33687
-1.68815 0.02489 -1.73668 -1.66573
-0.12259 0.05989 -0.20796 -0.07246
0.04731 0.00036 0.04695 0.04797
-0.22436 0.04746 -0.31801 -0.19298
-0.44964 0.03280 -0.47911 -0.39094
-0.00403 0.03793 -0.05310 0.04424
-0.61173 0.03596 -0.63918 -0.54144
-0.52497 0.21565 -0.81498 -0.29693
-0.84079 0.02748 -0.87798 -0.79463
-0.30432 0.00736 -0.31215 -0.29172
-0.29961 0.01574 -0.32132 -0.27908
-0.27827 0.02423 -0.29921 -0.24625
