# avg	std	min	max
2.14508 0.04033 2.06856 2.18575
1.02527 0.02518 0.99870 1.07202
-0.00003 0.00003 -0.00009 0.00000
-0.99690 0.00431 -1.00261 -0.98971
-0.66271 0.00830 -0.66736 -0.64613
-1.27510 0.07132 -1.36117 -1.18212
-1.94367 0.00222 -1.94650 -1.94059
-0.39459 0.00574 -0.40174 -0.38467
-0.39086 0.03792 -0.45198 -0.33369
1.85861 0.02926 1.82585 1.91185
1.57550 0.00922 1.56776 1.59306
0.85150 0.00557 0.84574 0.86122
-1.11057 0.03224 -1.15534 -1.07521
1.57630 0.00086 1.57526 1.57785
0.71819 0.01229 0.70406 0.73422
1.92904 0.03489 1.89242 1.98396
0.92150 0.03904 0.85545 0.96117
0.01540 0.10599 -0.18780 0.11638
0.59729 0.09681 0.43949 0.69680
0.65195 0.04390 0.61682 0.73854
