# avg	std	min	max
-2.68891 0.06849 -2.75260 -2.55856
-0.69381 0.12037 -0.86415 -0.54310
0.25893 0.06681 0.17691 0.35926
-1.48233 0.24014 -1.80332 -1.26652
-0.94143 0.22837 -1.14596 -0.50598
-0.25019 0.18829 -0.47563 -0.01959
-0.33436 0.07588 -0.45881 -0.21938
-1.12549 0.17973 -1.38324 -0.92076
1.02145 0.02835 0.97265 1.05578
-1.83568 0.10691 -1.94627 -1.65833
0.46738 0.17007 0.24029 0.76406
-0.50789 0.07276 -0.58466 -0.38214
-0.00000 0.00000 -0.00000 -0.00000
-2.17356 0.19019 -2.46939 -1.89370
-2.06818 0.10441 -2.18322 -1.87547
-3.44759 0.11142 -3.57320 -3.23981
-0.66647 0.15049 -0.86284 -0.50830
-1.88689 0.20131 -2.03459 -1.49204
-1.99948 0.18058 -2.23817 -1.71294
-1.76846 0.08765 -1.86391 -1.63976
