# avg	std	min	max
1.19956 0.05640 1.09702 1.25106
0.88987 0.14070 0.73270 1.13922
0.62478 0.15781 0.41918 0.84698
0.01875 0.21145 -0.34970 0.27284
0.53572 0.19163 0.21435 0.73983
0.02050 0.07204 -0.07768 0.12733
0.46828 0.39776 -0.09746 1.00550
1.47761 0.38332 0.86783 2.06621
3.36713 0.39373 2.82346 3.89712
1.45935 0.12394 1.23041 1.57253
1.35595 0.08765 1.24870 1.50466
0.12108 0.20547 -0.25184 0.31310
-0.04739 0.00000 -0.04739 -0.04739
-0.00360 0.35830 -0.28422 0.69032
0.41810 0.12744 0.21464 0.59362
-0.72865 0.19064 -0.93016 -0.40103
0.04004 0.12331 -0.16816 0.17518
0.49449 0.17029 0.21177 0.65610
1.72807 0.40248 1.43372 2.50061
1.74920 0.27147 1.31246 2.03882
