# avg	std	min	max
-2.17843 0.01787 -2.20559 -2.15175
-1.68588 0.01981 -1.71222 -1.65851
-1.60327 0.01086 -1.61421 -1.58414
-2.21715 0.00457 -2.22258 -2.21127
-2.22716 0.01215 -2.24388 -2.21076
-1.91890 0.02543 -1.95010 -1.87872
-0.95550 0.02132 -0.97813 -0.92254
-0.98815 0.01188 -0.99751 -0.96534
-0.65383 0.01649 -0.67884 -0.63003
-2.68625 0.01824 -2.70809 -2.65756
-1.96028 0.01167 -1.97371 -1.93920
-1.57987 0.07128 -1.62465 -1.43881
-0.03586 0.00354 -0.04295 -0.03409
-1.47138 0.00652 -1.47897 -1.46233
-1.87597 0.04221 -1.93578 -1.83286
-1.42345 0.00936 -1.43287 -1.40808
-1.64154 0.01505 -1.65631 -1.61819
-1.43299 0.01173 -1.45556 -1.42151
-1.80010 0.04055 -1.83939 -1.73635
-1.11909 0.01744 -1.13626 -1.08770
