SA3W	0.003	0.021	-0.037	0.023	10
RA16G	-0.052	0.006	-0.060	-0.043	1
DA19Y	-0.989	1.064	-1.722	1.118	1
RA21G	0.006	0.015	-0.018	0.019	13
RA21Q	-0.028	0.068	-0.157	0.042	8
PA28L	-0.026	0.000	-0.026	-0.026	11
TA29A	0.006	0.000	0.006	0.006	8
PA32Q	0.644	0.193	0.350	0.952	6
IA35V	-0.082	0.001	-0.083	-0.081	2
RA37Q	-0.027	0.000	-0.027	-0.026	4
YA38H	0.000	0.000	0.000	0.000	9
KA39R	-0.014	0.010	-0.032	-0.005	2
KA49N	-0.152	0.043	-0.217	-0.096	10
DA56N	-0.049	0.000	-0.049	-0.049	1
MA60I	0.000	0.000	0.000	0.000	9
MA60V	0.000	0.000	0.000	0.000	6
KA65E	0.317	0.084	0.189	0.452	14
RA70H	-0.168	0.022	-0.203	-0.146	4
LA82F	-0.000	0.000	-0.000	0.000	3
VA89F	0.000	0.000	0.000	0.000	12
VA91I	0.000	0.000	0.000	0.000	11
VA98A	0.000	0.000	0.000	0.000	5
YA113C	0.001	0.000	0.001	0.001	13
GA120R	0.000	0.000	0.000	0.000	9
GA120V	0.000	0.000	0.000	0.000	7
