# avg	std	min	max
-1.38954 0.00000 -1.38954 -1.38954
0.13084 0.00000 0.13084 0.13084
-1.62773 0.00000 -1.62773 -1.62773
-1.77512 0.00000 -1.77512 -1.77512
-2.04178 0.00000 -2.04178 -2.04178
-2.00539 0.00000 -2.00539 -2.00539
-0.05486 0.00000 -0.05486 -0.05486
-1.76872 0.00000 -1.76872 -1.76872
-1.79486 0.00000 -1.79486 -1.79486
-1.87591 0.00000 -1.87591 -1.87591
-1.35191 0.00000 -1.35191 -1.35191
-2.31909 0.00000 -2.31909 -2.31909
-1.51246 0.00000 -1.51246 -1.51246
-1.93969 0.00000 -1.93969 -1.93969
