# avg	std	min	max
-0.05204 0.01330 -0.06410 -0.02850
-0.02650 0.00020 -0.02660 -0.02610
-0.02382 0.00832 -0.02840 -0.00720
-0.02658 0.00016 -0.02680 -0.02630
-0.02656 0.00008 -0.02660 -0.02640
-0.02646 0.00017 -0.02660 -0.02620
-0.02648 0.00024 -0.02660 -0.02600
-0.02772 0.00044 -0.02840 -0.02700
-0.00020 0.00000 -0.00020 -0.00020
-0.02440 0.00445 -0.02670 -0.01550
-0.02650 0.00015 -0.02660 -0.02620
0.00530 0.03426 -0.01460 0.07360
-0.02756 0.00037 -0.02810 -0.02710
-0.02658 0.00004 -0.02660 -0.02650
