# avg	std	min	max
0.24371 0.00000 0.24371 0.24371
0.00000 0.00000 0.00000 0.00000
0.34491 0.02767 0.32223 0.37886
0.09249 0.00125 0.09159 0.09485
0.36359 0.00071 0.36261 0.36432
0.27549 0.00150 0.27307 0.27775
0.14527 0.01499 0.13130 0.17292
0.07469 0.03642 0.05095 0.14726
-0.88200 0.04640 -0.94525 -0.80852
0.14324 0.00002 0.14321 0.14327
0.20896 0.04535 0.16787 0.26425
0.25535 0.00119 0.25353 0.25644
0.12775 0.00152 0.12654 0.13050
0.14141 0.00073 0.14090 0.14285
-0.13702 0.01277 -0.15261 -0.11661
0.19370 0.00400 0.18868 0.19755
-0.35284 0.02638 -0.40247 -0.32534
-0.03355 0.00534 -0.04062 -0.02658
0.11588 0.01453 0.09728 0.12851
0.13091 0.00555 0.12085 0.13718
