# avg	std	min	max
0.28921 0.01451 0.26303 0.30053
0.28119 0.02677 0.25340 0.31465
1.67739 0.14725 1.47351 1.80388
0.35081 0.00778 0.34254 0.36489
3.07705 0.00936 3.07095 3.09527
0.33696 0.02780 0.29257 0.37624
-0.01642 0.04860 -0.06236 0.07696
0.24526 0.04989 0.15222 0.28105
4.48113 0.20828 4.21728 4.66557
0.69406 0.04775 0.60368 0.74331
1.01783 0.03525 0.94876 1.04461
0.21995 0.02292 0.19139 0.24288
-0.03805 0.01178 -0.05176 -0.01622
0.18106 0.01222 0.15662 0.18735
0.10550 0.00054 0.10484 0.10615
0.15813 0.05886 0.08873 0.23310
-0.00276 0.00000 -0.00276 -0.00276
0.02588 0.00672 0.01768 0.03429
0.29415 0.14342 0.00733 0.36786
0.16876 0.03713 0.09450 0.18829
