# avg	std	min	max
1.94525 0.05123 1.86704 2.02668
0.65920 0.02950 0.60615 0.69608
-1.48867 0.01534 -1.50736 -1.46413
-1.69931 0.09246 -1.76306 -1.51564
-2.29085 0.06626 -2.35281 -2.16884
-1.70970 0.10143 -1.81541 -1.51744
1.20287 0.21673 0.93217 1.58099
1.90840 0.88037 1.11773 3.61018
3.39826 0.08394 3.24261 3.49269
1.45122 0.01952 1.42543 1.48052
-0.18326 0.08658 -0.30717 -0.08095
0.33404 0.04138 0.26775 0.39169
2.06542 0.21747 1.64820 2.28290
-0.36989 0.08767 -0.49230 -0.26309
-0.20874 0.05194 -0.26144 -0.11811
1.03303 0.03957 0.98498 1.08446
-0.02213 0.02154 -0.05468 0.00577
-0.63692 0.14287 -0.76774 -0.36301
-0.89254 0.22241 -1.22299 -0.57269
2.19070 0.38823 1.96848 2.96531
