# avg	std	min	max
1.23344 0.01411 1.21317 1.25400
0.20956 0.01618 0.18961 0.23138
0.15543 0.00156 0.15381 0.15757
-0.61838 0.03900 -0.69632 -0.59747
-0.17269 0.03258 -0.23692 -0.14628
-0.70055 0.02271 -0.73037 -0.67478
-0.30313 0.07849 -0.45532 -0.23543
0.14405 0.01070 0.12267 0.15030
-0.42943 0.02402 -0.47182 -0.39926
0.54635 0.01982 0.52225 0.57981
0.14065 0.00149 0.13905 0.14253
0.16878 0.00111 0.16797 0.17077
-0.39403 0.11962 -0.61282 -0.28878
0.24536 0.04431 0.19279 0.32272
-0.24408 0.17064 -0.45581 -0.10383
0.42176 0.04978 0.36567 0.50456
0.00021 0.00371 -0.00392 0.00474
-0.48201 0.01295 -0.50235 -0.46975
-0.62076 0.08573 -0.73415 -0.49243
0.71333 0.19714 0.49677 1.01232
