# avg	std	min	max
0.24163 0.07380 0.14675 0.35971
0.37520 0.07706 0.23613 0.45940
0.29195 0.08562 0.17806 0.38499
-0.35402 0.06699 -0.44632 -0.26982
0.07420 0.04176 0.01469 0.13901
0.05628 0.07541 -0.07905 0.12819
-0.67763 0.04781 -0.71647 -0.58734
-0.28292 0.13685 -0.54264 -0.15939
0.34359 0.10538 0.17991 0.47822
0.13901 0.10622 0.00810 0.26411
0.19680 0.04420 0.15188 0.26037
0.01504 0.11615 -0.06385 0.24388
-0.57301 0.03843 -0.61707 -0.50448
-0.42727 0.07931 -0.48406 -0.27273
-0.45089 0.20620 -0.61046 -0.04310
-0.18428 0.01584 -0.20050 -0.16385
-0.04691 0.02515 -0.09507 -0.02540
-0.25761 0.21654 -0.51433 -0.00783
-0.52495 0.25318 -0.77914 -0.10036
0.03209 0.07242 -0.03135 0.17071
