# avg	std	min	max
1.18836 0.00210 1.18652 1.19192
-0.05500 0.07403 -0.18486 0.03604
-0.65153 0.17964 -0.87990 -0.32806
-0.76021 0.14338 -0.97954 -0.57738
-0.84367 0.07694 -0.97478 -0.77155
-1.48767 0.09612 -1.65197 -1.38639
-0.98605 0.22374 -1.23795 -0.71057
-1.69511 0.16563 -1.90640 -1.46572
1.72551 0.07274 1.58036 1.76810
-1.46481 0.26785 -1.89729 -1.08011
-1.22363 0.55077 -1.93987 -0.67768
-0.14546 0.03547 -0.19082 -0.09058
-0.73593 0.16986 -1.05428 -0.54718
0.99688 0.03416 0.93207 1.02770
-0.02384 0.05083 -0.09323 0.05038
0.97294 0.35502 0.59276 1.48922
0.00000 0.00000 0.00000 0.00000
-0.64817 0.04596 -0.69090 -0.59089
-0.20355 0.09760 -0.34273 -0.08948
0.31209 0.03429 0.28423 0.37839
