# avg	std	min	max
0.00000 0.00000 0.00000 0.00000
0.27602 0.00000 0.27602 0.27602
0.70604 0.01218 0.69601 0.72131
-0.29847 0.03948 -0.37605 -0.27309
0.29037 0.00568 0.28684 0.30165
-1.15798 0.01017 -1.17373 -1.14222
-0.15279 0.00824 -0.16154 -0.14227
-0.07565 0.01946 -0.10953 -0.04944
0.71581 0.00361 0.71143 0.71951
0.41066 0.00616 0.39855 0.41525
0.54370 0.00814 0.52744 0.54811
0.35102 0.00004 0.35097 0.35108
0.38767 0.01497 0.37074 0.40993
0.50735 0.00559 0.49646 0.51250
0.40725 0.03317 0.36335 0.44960
0.52589 0.00746 0.51572 0.53719
0.37476 0.00804 0.36603 0.38691
0.42024 0.02546 0.37155 0.43953
0.52608 0.00328 0.52196 0.53155
0.37046 0.01004 0.35694 0.38737
