# avg	std	min	max
0.43617 0.04015 0.37743 0.47572
0.36355 0.02779 0.32905 0.40081
0.34648 0.04883 0.26029 0.40802
-0.10775 0.07452 -0.15828 0.03597
-0.08311 0.04299 -0.12931 -0.01146
-0.09780 0.25086 -0.54665 0.16173
-0.78937 0.08060 -0.90909 -0.69454
-0.46219 0.01695 -0.48092 -0.43671
0.84542 0.06454 0.75510 0.95476
0.34429 0.07967 0.25562 0.44342
0.41702 0.04136 0.36739 0.48907
0.32105 0.04108 0.24142 0.35964
-0.28208 0.01927 -0.31813 -0.26308
0.00431 0.05358 -0.05969 0.09314
-0.21793 0.03308 -0.24790 -0.15578
0.41594 0.02464 0.38841 0.46072
0.45365 0.03550 0.40772 0.49612
-0.09239 0.03432 -0.13868 -0.05304
-0.46785 0.03249 -0.50735 -0.42705
-0.00492 0.04927 -0.07205 0.08052
