# avg	std	min	max
5.52833 0.02010 5.49807 5.55171
3.96688 0.03765 3.91057 4.01976
1.72720 0.01627 1.70446 1.74266
-0.03790 0.02630 -0.07445 -0.00418
0.55135 0.04193 0.48001 0.61086
0.05872 0.09829 -0.06310 0.15291
3.89080 0.64299 2.86763 4.64993
6.96380 1.28081 4.49688 8.18669
6.79395 0.06084 6.69150 6.87040
3.88327 0.06736 3.80333 3.99688
2.45429 0.03114 2.40904 2.49179
3.11148 0.00943 3.09816 3.12411
5.11321 0.62102 4.01209 5.90304
3.00448 0.01680 2.98308 3.03156
2.81158 0.08332 2.75510 2.97646
6.00457 0.03962 5.92794 6.04115
4.71609 0.06914 4.58631 4.78275
2.16722 0.33773 1.51752 2.50117
3.44035 0.07085 3.33423 3.54344
7.09048 0.99843 5.14183 7.97650
