# avg	std	min	max
4.09455 0.04795 4.03553 4.14582
3.28134 0.01177 3.26269 3.29528
1.61726 0.03830 1.56099 1.67143
-0.01294 0.01445 -0.03103 0.01008
0.59155 0.00912 0.57950 0.60324
0.13161 0.07617 0.04141 0.23393
1.92017 0.18570 1.54995 2.03528
1.10525 0.02359 1.07950 1.14852
4.63405 0.02670 4.61060 4.68424
3.54038 0.02010 3.50407 3.55869
2.44782 0.01659 2.42361 2.46475
2.28909 0.08365 2.19674 2.41789
2.18188 0.24945 1.91425 2.59535
3.02872 0.01598 3.00325 3.05371
2.38303 0.01254 2.36513 2.39680
3.45565 0.01164 3.43721 3.46846
2.92799 0.05468 2.83120 2.97821
1.18842 0.05077 1.10981 1.26587
1.44708 0.41180 0.76214 1.87573
2.57189 0.01390 2.54748 2.58892
