# avg	std	min	max
-0.01982 0.00987 -0.03353 -0.00578
-0.27593 0.37683 -0.54413 0.47268
-0.20390 0.11147 -0.34957 -0.04218
-0.67852 0.06790 -0.78012 -0.57974
0.46204 0.55022 -0.06394 1.25152
-0.26206 0.14879 -0.44334 -0.01166
-0.15825 0.04398 -0.22730 -0.10532
0.30898 0.28495 0.02286 0.85250
-1.07453 0.31822 -1.25745 -0.44067
-0.14844 0.62864 -0.92206 0.50254
-0.25967 0.53672 -0.72400 0.46002
-0.13687 0.04601 -0.19690 -0.07845
-0.08044 0.13337 -0.21317 0.09980
0.01145 0.01188 0.00000 0.03199
-0.61389 0.11530 -0.77338 -0.50258
0.28487 0.12065 0.16559 0.51445
0.08133 0.16111 -0.03995 0.39899
-0.73343 0.26254 -1.12279 -0.30808
-1.13039 0.12305 -1.29083 -0.91095
0.35763 0.13054 0.11375 0.49847
