# avg	std	min	max
4.44270 0.01227 4.41907 4.45493
3.22575 0.00207 3.22370 3.22891
3.16598 0.04746 3.09280 3.21814
2.47196 0.24471 2.07958 2.84934
2.86997 0.31733 2.57704 3.48741
2.50300 0.23620 2.07588 2.74613
1.85979 0.14821 1.70116 2.06784
3.27436 0.17040 2.99717 3.52793
-0.00261 0.00587 -0.01314 0.00475
3.85215 0.01436 3.82357 3.86169
4.50197 0.63860 3.98003 5.72613
3.34005 0.01211 3.32079 3.35164
2.32845 0.31512 1.78864 2.76440
3.38779 0.33555 2.94401 3.68037
3.72422 0.04090 3.67025 3.77537
3.86837 0.02897 3.82944 3.91753
3.62594 0.08038 3.54229 3.75935
3.14793 0.12018 2.99145 3.35782
3.32786 0.01828 3.29752 3.34946
3.24962 0.03895 3.17698 3.29160
