# avg	std	min	max
1.04579 0.03318 0.99705 1.08466
0.75454 0.03264 0.70411 0.79229
1.18584 0.00574 1.18107 1.19702
0.78712 0.05983 0.68635 0.87355
0.86976 0.01403 0.84400 0.88573
0.85849 0.09314 0.72767 0.97225
1.03062 0.02490 0.98147 1.05064
1.05955 0.01073 1.04580 1.07765
-0.00038 0.00022 -0.00077 -0.00014
0.99556 0.01593 0.97403 1.00878
1.02445 0.02992 0.96572 1.04713
1.08235 0.03202 1.04927 1.13256
1.02543 0.03381 0.96883 1.06149
0.97529 0.02316 0.94558 1.00283
0.54688 0.14456 0.36466 0.72218
1.11482 0.05539 1.02275 1.16300
0.95086 0.02514 0.91796 0.98978
0.72719 0.02779 0.67390 0.75105
0.58602 0.16211 0.39822 0.79699
1.23074 0.03974 1.16701 1.28605
