# avg	std	min	max
1.56271 0.01195 1.55674 1.58661
1.10596 0.00000 1.10596 1.10596
-0.01248 0.00004 -0.01253 -0.01242
-0.85318 0.00420 -0.85703 -0.84742
-0.54415 0.00878 -0.54917 -0.52662
-1.00338 0.09862 -1.15840 -0.85869
1.11486 0.05044 1.03312 1.18376
0.81783 0.01404 0.80275 0.83933
2.38190 0.01015 2.36904 2.39385
1.00022 0.02584 0.98542 1.05175
0.47837 0.02289 0.45953 0.50642
0.19320 0.01186 0.17049 0.20514
1.07151 0.06695 1.00009 1.16964
0.90927 0.01132 0.89292 0.92831
-0.00134 0.00000 -0.00134 -0.00134
1.06945 0.24481 0.93944 1.55900
0.58444 0.00310 0.58058 0.58973
-0.46268 0.03438 -0.51927 -0.42819
-0.29412 0.06939 -0.39622 -0.23176
0.96775 0.04245 0.90700 1.03176
