# avg	std	min	max
0.99426 0.00051 0.99399 0.99527
0.40037 0.00000 0.40037 0.40037
1.02528 0.00022 1.02504 1.02565
-0.00889 0.24252 -0.48446 0.19270
0.06641 0.07671 -0.06561 0.15192
-0.61552 0.18497 -0.88443 -0.39722
-0.00223 0.02716 -0.04074 0.02988
0.14040 0.18208 -0.01647 0.49444
0.30803 0.00891 0.29549 0.31847
0.00008 0.00032 -0.00027 0.00068
0.04792 0.00158 0.04637 0.05062
0.23875 0.00011 0.23861 0.23895
-0.02871 0.01476 -0.04797 -0.00752
0.79382 0.04604 0.74447 0.87367
0.00233 0.16181 -0.29468 0.13931
1.18109 0.06004 1.10793 1.24152
0.58834 0.01282 0.57400 0.60670
-0.21344 0.17571 -0.43403 -0.03357
-0.12318 0.03217 -0.16515 -0.08093
0.74197 0.01486 0.71689 0.76199
