# avg	std	min	max
-0.26735 0.00000 -0.26735 -0.26735
-0.16829 0.00000 -0.16829 -0.16829
0.00000 0.00000 -0.00000 0.00001
-0.09583 0.01719 -0.11528 -0.07430
-0.01480 0.00023 -0.01508 -0.01450
-0.15242 0.00037 -0.15289 -0.15198
-0.13100 0.01396 -0.15441 -0.11396
-0.17480 0.02651 -0.21675 -0.13654
-0.31720 0.00027 -0.31763 -0.31682
-0.06516 0.00490 -0.06811 -0.05548
-0.12335 0.00011 -0.12352 -0.12325
-0.17789 0.00668 -0.19125 -0.17454
-0.12604 0.00731 -0.14064 -0.12188
-0.14259 0.00706 -0.14967 -0.12907
-0.55675 0.03722 -0.60653 -0.52344
-0.15793 0.00131 -0.16040 -0.15683
-0.17973 0.00005 -0.17977 -0.17963
-0.50829 0.00815 -0.51529 -0.49303
-0.69670 0.07357 -0.80365 -0.60264
-0.40306 0.11826 -0.57192 -0.20354
