# avg	std	min	max
8.07155 0.07394 7.93358 8.12886
6.43468 0.05469 6.35001 6.51159
4.26510 0.04826 4.19879 4.32171
4.01045 0.05556 3.92971 4.09590
3.52726 0.08102 3.41221 3.62667
2.80769 0.14991 2.59926 3.02882
1.97392 0.03138 1.94056 2.02879
-0.08685 0.04239 -0.16675 -0.04840
8.76149 0.05495 8.68883 8.83399
7.52965 0.04388 7.45672 7.57199
6.09643 0.04281 6.03274 6.14343
6.21124 0.07631 6.09297 6.31813
2.63728 0.12846 2.50939 2.87850
6.69056 0.04786 6.64216 6.76648
5.94643 0.09731 5.85617 6.09876
7.62708 0.06755 7.55434 7.74261
6.98581 0.07015 6.89801 7.09211
5.42184 0.18123 5.13849 5.60800
5.85669 0.09063 5.73974 6.00414
5.67992 0.03656 5.60931 5.70879
