# avg	std	min	max
1.00561 0.01759 0.97685 1.02018
-0.00000 0.00000 -0.00000 0.00000
-0.04621 0.00282 -0.05053 -0.04331
-1.28715 0.00407 -1.29364 -1.28357
-0.89004 0.00339 -0.89330 -0.88396
-1.46947 0.01665 -1.49831 -1.45369
-1.12033 0.16311 -1.24317 -0.79981
-0.99300 0.06373 -1.05950 -0.89263
2.41871 0.21305 2.20857 2.81793
0.04909 0.00021 0.04889 0.04949
0.33643 0.03571 0.28089 0.37685
0.32697 0.00058 0.32590 0.32749
-0.89912 0.22798 -1.12139 -0.48811
-0.48972 0.00038 -0.49038 -0.48924
-0.34854 0.01501 -0.36600 -0.32703
0.37776 0.01122 0.35679 0.38936
-0.41978 0.00560 -0.42487 -0.41190
-0.89245 0.03124 -0.95086 -0.86545
-0.58862 0.01072 -0.60068 -0.57254
-0.11992 0.01269 -0.12679 -0.09456
0.16754 0.02244 0.14965 0.21143
0.65374 0.07581 0.51432 0.73810
-0.66239 0.44122 -1.18486 -0.18580
