# avg	std	min	max
1.27906 0.00003 1.27900 1.27907
0.00000 0.00000 0.00000 0.00000
0.26342 0.00864 0.25088 0.27806
-1.04726 0.08735 -1.21682 -0.96514
-0.42767 0.00065 -0.42827 -0.42643
-2.10743 0.01156 -2.11532 -2.08461
-1.60617 0.01331 -1.61854 -1.58972
-2.04925 0.00211 -2.05342 -2.04768
4.03557 0.21299 3.86549 4.44014
0.10726 0.00046 0.10648 0.10783
0.02952 0.00700 0.02048 0.04214
0.62188 0.00056 0.62116 0.62283
-1.45928 0.02367 -1.48552 -1.41971
-0.16774 0.00410 -0.17021 -0.15955
-0.19490 0.24235 -0.67953 -0.06854
0.57250 0.00270 0.56926 0.57628
-0.22456 0.00580 -0.23007 -0.21722
-0.93135 0.01146 -0.94563 -0.91761
-0.89058 0.05155 -0.95801 -0.81993
-0.00889 0.01252 -0.02941 0.01012
0.43275 0.00275 0.43071 0.43808
0.62236 0.01873 0.59465 0.64398
-2.06704 0.07519 -2.20538 -1.98481
