# avg	std	min	max
1.28467 0.01206 1.26890 1.30278
0.00000 0.00000 0.00000 0.00000
-0.39933 0.00011 -0.39947 -0.39920
-0.62369 0.01431 -0.64480 -0.60815
-0.12548 0.01648 -0.14804 -0.11066
-0.74908 0.01289 -0.77193 -0.73442
-0.52784 0.07930 -0.66875 -0.44290
0.05476 0.32871 -0.31746 0.56998
0.55612 0.16204 0.24450 0.71185
0.86876 0.00056 0.86798 0.86955
0.73833 0.00027 0.73806 0.73873
0.48960 0.00007 0.48955 0.48973
-0.33732 0.02350 -0.37884 -0.30612
0.74943 0.01217 0.72976 0.76007
0.31051 0.00380 0.30552 0.31707
0.89733 0.01265 0.87718 0.91082
0.03002 0.00520 0.02349 0.03732
-0.44115 0.01827 -0.46927 -0.41585
-0.43584 0.03303 -0.47347 -0.38827
0.15746 0.05680 0.10016 0.26572
0.42198 0.01996 0.39904 0.45910
1.95356 0.38929 1.42944 2.63744
-0.53008 0.23799 -1.00520 -0.38849
