# avg	std	min	max
1.07726 0.00183 1.07491 1.07976
0.00000 0.00000 0.00000 0.00000
0.29892 0.00340 0.29311 0.30208
-0.70943 0.10406 -0.83183 -0.56860
-0.48231 0.00324 -0.48660 -0.47686
-1.43254 0.05680 -1.49647 -1.33110
-0.34826 0.01301 -0.36220 -0.32999
-0.69639 0.05141 -0.74585 -0.60406
3.45715 0.03222 3.40355 3.49267
0.08181 0.00149 0.08053 0.08437
0.83566 0.00070 0.83464 0.83672
0.74122 0.00031 0.74064 0.74158
-0.33189 0.01010 -0.34271 -0.31373
-0.01590 0.00969 -0.02544 -0.00040
-0.38206 0.00112 -0.38415 -0.38077
0.42361 0.00503 0.41451 0.42900
-0.10787 0.00716 -0.11781 -0.09742
-0.41079 0.04381 -0.45441 -0.35696
-0.07417 0.03077 -0.12740 -0.04360
0.02105 0.02576 -0.00221 0.07130
0.36223 0.00648 0.35395 0.36958
0.27242 0.00300 0.26717 0.27591
-0.50024 0.04334 -0.58011 -0.45902
