# avg	std	min	max
1.06842 0.06058 1.02441 1.18839
-0.00000 0.00000 -0.00000 0.00000
0.32594 0.11749 0.19150 0.47509
3.10384 0.18022 2.81562 3.31769
0.89471 0.13494 0.76589 1.08966
1.30290 0.03361 1.25015 1.33878
11.34478 0.85149 10.28690 12.87200
6.54276 2.50416 3.37004 10.12230
3.23493 0.04407 3.18553 3.30323
0.34893 0.00649 0.34217 0.35852
2.60886 0.68922 1.63640 3.28010
-0.01473 0.00145 -0.01668 -0.01301
12.99306 1.56824 10.20870 15.06820
5.32887 0.66945 4.52636 6.14641
6.37121 0.39253 5.79055 6.89230
7.38302 0.09513 7.25489 7.49160
7.68337 0.02495 7.65887 7.72640
7.10692 0.52010 6.16461 7.56069
4.70925 0.26758 4.32244 5.00654
11.18420 1.15818 9.52102 13.09570
11.43544 0.77973 10.81220 12.79460
12.30646 0.77050 11.33520 13.23090
10.83933 3.77116 6.75323 16.81780
