# avg	std	min	max
0.35034 0.00342 0.34863 0.35719
-0.00000 0.00000 -0.00000 0.00000
0.52868 0.00070 0.52765 0.52966
-0.56867 0.03955 -0.64533 -0.53525
0.08416 0.02870 0.06211 0.14048
-0.77671 0.03745 -0.84642 -0.73314
-0.25721 0.04575 -0.32498 -0.21472
0.20906 0.06126 0.10717 0.27275
4.68775 0.10715 4.50376 4.83399
-0.06130 0.00106 -0.06206 -0.05923
0.84490 0.00530 0.83739 0.85401
0.52307 0.01098 0.51050 0.53610
-0.16076 0.01497 -0.18724 -0.14358
0.55409 0.00329 0.54795 0.55698
-0.37989 0.02593 -0.42329 -0.34301
0.85437 0.01532 0.84508 0.88486
0.27376 0.01594 0.26380 0.30549
-0.56334 0.08352 -0.72052 -0.49826
-0.71264 0.02811 -0.75276 -0.67758
0.50675 0.01269 0.49767 0.53196
1.07101 0.02062 1.04526 1.09409
2.16952 0.25135 1.82541 2.50055
-0.57053 0.00907 -0.58129 -0.55932
