# avg	std	min	max
0.32398 0.07204 0.25488 0.44655
0.00000 0.00000 0.00000 0.00000
0.47395 0.00382 0.46928 0.48018
-0.09589 0.01803 -0.11700 -0.06495
0.13922 0.02557 0.11546 0.18632
0.14213 0.02318 0.11906 0.17377
0.12088 0.00723 0.11065 0.13070
0.34595 0.01635 0.32370 0.36487
-0.28873 0.18705 -0.55623 -0.00342
0.65925 0.00067 0.65860 0.66032
0.46259 0.00064 0.46187 0.46370
0.60286 0.04914 0.52901 0.64791
0.19550 0.01080 0.18209 0.21114
-0.08475 0.11248 -0.24411 0.07392
-0.18597 0.02159 -0.22410 -0.15920
0.40490 0.01894 0.38677 0.43928
0.06581 0.01188 0.04970 0.08182
-0.05878 0.02533 -0.09400 -0.03278
0.01960 0.02661 -0.02664 0.05144
0.01111 0.12000 -0.16629 0.15076
0.68489 0.05099 0.60441 0.74417
0.57554 0.01313 0.56183 0.59614
0.06095 0.01527 0.04532 0.08248
