# avg	std	min	max
1.23631 0.04146 1.15338 1.25704
-0.00000 0.00000 -0.00000 0.00000
-0.47102 0.00044 -0.47145 -0.47034
-1.64020 0.00188 -1.64327 -1.63748
-1.31356 0.00425 -1.31832 -1.30843
-1.71012 0.03563 -1.77984 -1.67947
-2.19495 0.02335 -2.21369 -2.14899
-2.43679 0.00230 -2.44031 -2.43482
4.74934 0.04239 4.69948 4.80108
0.25555 0.13485 0.18748 0.52525
0.67001 0.01773 0.65375 0.70409
0.31137 0.01635 0.29851 0.33815
-2.49626 0.11395 -2.57112 -2.26927
0.01508 0.18213 -0.13604 0.35873
-0.85791 0.00090 -0.85869 -0.85614
0.42157 0.00760 0.41018 0.43038
-0.56113 0.02363 -0.58919 -0.52430
-0.96480 0.03171 -1.02507 -0.94127
-1.01931 0.21231 -1.15804 -0.59725
-0.16641 0.20395 -0.43720 0.03019
0.29820 0.02424 0.26790 0.33756
1.05515 0.05328 0.95086 1.09068
-1.16262 0.34015 -1.62297 -0.86253
