# avg	std	min	max
1.28074 0.00070 1.27933 1.28109
0.00000 0.00000 0.00000 0.00000
1.07177 0.16651 0.73875 1.15603
-1.02644 0.19496 -1.41626 -0.92307
0.21768 0.01579 0.19057 0.23315
-1.63547 0.02998 -1.65431 -1.57575
-1.14489 0.08735 -1.28056 -1.03997
-1.33783 0.13672 -1.54977 -1.12458
1.12694 0.72817 0.23109 2.00255
0.21348 0.00098 0.21242 0.21499
1.11796 0.00046 1.11731 1.11869
0.52254 0.01452 0.49502 0.53463
-0.99649 0.04132 -1.06710 -0.94494
0.67696 0.00745 0.66653 0.68445
-0.44812 0.01510 -0.46357 -0.42688
0.37740 0.00615 0.37040 0.38565
-0.07116 0.00874 -0.08386 -0.05741
0.07265 0.05424 0.01905 0.16454
0.19768 0.02949 0.14907 0.23770
0.26200 0.03316 0.21989 0.31299
2.03863 0.19220 1.73964 2.26870
2.70868 0.17500 2.54418 3.04406
-1.31463 0.49538 -1.79443 -0.62401
