# avg	std	min	max
0.80066 0.00000 0.80066 0.80066
0.00000 0.00000 0.00000 0.00000
0.19022 0.00066 0.18950 0.19112
-0.61076 0.00701 -0.62474 -0.60678
-0.43290 0.00584 -0.43691 -0.42135
-1.12796 0.02972 -1.16290 -1.08951
-0.98788 0.00824 -1.00259 -0.97774
-0.86284 0.07813 -0.99298 -0.80128
2.37714 0.16450 2.12099 2.53430
-0.03564 0.00148 -0.03741 -0.03359
0.54917 0.00041 0.54866 0.54967
0.64275 0.00033 0.64231 0.64308
-0.40861 0.03407 -0.47441 -0.38165
-0.02170 0.07414 -0.07207 0.12045
-0.46586 0.01155 -0.47340 -0.44316
0.09089 0.01432 0.07944 0.11865
-0.40175 0.00785 -0.40594 -0.38604
-0.17127 0.00771 -0.18561 -0.16340
0.06241 0.02436 0.01497 0.08373
0.03498 0.00734 0.02814 0.04416
-0.07894 0.01397 -0.08828 -0.05130
-0.00567 0.01585 -0.01798 0.02555
-0.89485 0.03059 -0.93319 -0.84868
