# avg	std	min	max
1.12001 0.00000 1.12001 1.12001
0.00000 0.00000 0.00000 0.00000
0.26410 0.02819 0.22060 0.30891
-0.70608 0.00548 -0.71628 -0.70158
-0.32368 0.02828 -0.35320 -0.27052
-0.95898 0.09957 -1.08290 -0.84005
-0.20041 0.10283 -0.31363 -0.03770
-0.38687 0.07173 -0.50706 -0.31075
3.45555 0.06105 3.38739 3.55512
0.17534 0.00068 0.17414 0.17592
0.78058 0.01750 0.75255 0.80504
0.78575 0.00327 0.78194 0.78948
-0.18827 0.07015 -0.29232 -0.13062
0.01484 0.02674 -0.02256 0.04777
0.12799 0.00475 0.12158 0.13615
0.61096 0.02497 0.56736 0.63115
-0.05966 0.00243 -0.06339 -0.05594
-0.25121 0.08261 -0.36979 -0.11830
-0.14774 0.15319 -0.27512 0.15087
0.31958 0.05350 0.21810 0.37577
0.45901 0.01169 0.44689 0.47430
0.27723 0.00854 0.26890 0.29164
-0.72500 0.14542 -0.96583 -0.52651
