# avg	std	min	max
6.05520 0.02399 6.01555 6.08129
5.97400 0.02147 5.94584 6.00304
8.40298 0.58346 7.35836 8.97154
11.18528 0.17956 10.99870 11.47190
8.04782 1.06932 5.91640 8.71671
8.37531 0.48540 7.49874 8.75258
14.63238 3.26199 12.11270 21.08180
25.35292 1.74302 23.55840 28.19910
9.76865 0.15854 9.63731 10.07780
8.47916 0.57023 7.39227 9.02849
9.08264 0.65357 7.89946 9.65925
-0.01773 0.02855 -0.05777 0.01484
21.61746 4.12834 16.69240 26.35740
8.49104 0.41485 7.80859 8.85352
10.40615 0.86825 9.37775 11.98360
9.95353 1.32736 8.45593 12.44770
8.94461 1.07952 7.85932 10.64820
14.82410 1.31995 12.72290 16.58100
14.92458 1.20317 12.79410 16.43910
17.87892 3.22013 11.54760 19.94200
11.36684 0.85588 10.05620 12.59940
13.35204 1.28348 11.61130 15.34990
27.36252 1.31002 25.84510 29.64130
