# avg	std	min	max
6.10810 0.02478 6.07438 6.14962
4.19372 0.02605 4.16134 4.24013
6.77484 0.85604 6.06361 8.06226
9.22612 0.69568 8.45012 10.49940
8.32214 0.46361 7.74261 8.80724
9.44105 1.34332 7.91255 11.93840
18.71322 0.71356 17.81100 19.78700
39.51200 0.25496 39.05440 39.77180
9.32871 0.49479 8.99168 10.30650
5.52796 0.03554 5.48650 5.59302
7.71979 0.05889 7.60922 7.76550
-0.01295 0.02434 -0.05192 0.01046
31.05346 2.04560 27.64210 33.37830
10.13213 1.90367 7.09913 13.11750
14.67356 1.73340 11.39970 16.36720
14.29500 0.34043 13.61980 14.52300
15.13128 1.08599 14.12370 16.98070
16.01342 1.22131 13.69720 17.06000
18.31084 1.87930 15.72630 20.49670
26.55730 0.96354 25.20940 27.86540
21.39418 2.65976 16.96400 24.59610
19.07816 2.56699 17.60460 24.20510
46.73286 3.80237 41.89260 52.51390
