# avg	std	min	max
6.98073 0.08223 6.84222 7.05748
5.31674 0.04220 5.25770 5.37139
6.61799 0.44549 5.89353 7.11279
6.49458 0.45415 5.84330 7.02823
7.08436 0.23517 6.75697 7.42826
8.95105 0.73172 8.00861 10.02470
15.96286 0.80977 15.20680 17.10570
26.66690 3.93127 19.75390 32.00820
9.55750 0.00832 9.54910 9.57291
7.57857 0.44659 7.01474 8.16322
7.60094 0.37828 7.18342 8.27716
-0.00784 0.02015 -0.03834 0.02368
21.77188 2.66499 19.45670 25.22620
9.15014 0.59348 8.23031 10.08920
12.11196 0.88240 10.75420 13.48300
10.61046 0.51660 10.06400 11.55560
12.87920 1.54980 11.38290 15.73630
14.73310 1.75316 12.95550 18.03130
20.00856 2.18650 15.99820 22.20740
20.81100 0.86502 19.77170 21.79830
18.26888 0.85154 17.09240 19.57970
19.02520 0.76128 18.00860 20.24790
42.50846 3.23659 36.94180 47.05790
