# avg	std	min	max
1.45657 0.00624 1.44766 1.46664
-0.10398 0.00289 -0.10924 -0.10039
0.08337 0.69430 -0.95289 0.65950
-2.26053 0.11933 -2.35694 -2.05894
-0.05970 0.19604 -0.26016 0.27704
-1.70589 0.43037 -2.13287 -0.89212
4.37711 0.93347 2.57958 5.19002
15.41624 0.90672 14.42300 17.09530
3.80101 0.06881 3.70642 3.90363
-1.15043 0.00454 -1.15480 -1.14227
1.13282 0.00401 1.12710 1.13717
-0.00015 0.00021 -0.00055 -0.00000
9.73175 0.93089 8.70043 10.84720
-0.23261 0.11840 -0.43868 -0.12418
0.58925 0.09503 0.41587 0.68760
1.62828 0.05231 1.55109 1.70370
1.72684 0.22772 1.44805 1.97040
2.83920 0.29754 2.33877 3.19694
8.08204 2.35584 4.05387 10.60410
1.76063 0.24401 1.30171 1.96824
4.70008 0.10163 4.62973 4.90077
3.50447 0.37284 2.88032 3.92736
25.65364 2.24185 23.00370 29.64820
