# avg	std	min	max
0.11270 0.01181 0.10127 0.12830
-0.70973 0.00093 -0.71105 -0.70875
-0.37428 0.03400 -0.40314 -0.32977
-1.40981 0.05409 -1.46507 -1.32629
-1.11601 0.02340 -1.14236 -1.07706
-1.80655 0.05339 -1.87112 -1.73475
-1.10797 0.03406 -1.12790 -1.04044
-1.55554 0.06227 -1.60708 -1.43782
2.96938 0.01632 2.93952 2.98875
-0.55631 0.01153 -0.57069 -0.54521
-0.41219 0.01303 -0.42238 -0.38730
-0.00072 0.00142 -0.00355 0.00000
-1.09164 0.02668 -1.10572 -1.03829
-0.86202 0.00119 -0.86341 -0.86030
-1.18656 0.04771 -1.24035 -1.10559
-0.36950 0.02701 -0.39430 -0.31720
-0.77088 0.01971 -0.79569 -0.75443
-1.10914 0.01087 -1.12523 -1.09197
-0.83502 0.01076 -0.84662 -0.81942
-0.65779 0.02308 -0.68156 -0.61433
-0.42528 0.00573 -0.43157 -0.41668
-0.26831 0.01700 -0.28477 -0.23718
-1.30206 0.03575 -1.33792 -1.23862
