# avg	std	min	max
0.21818 0.03415 0.17821 0.25530
-0.45908 0.03860 -0.49061 -0.41044
-0.29209 0.00037 -0.29265 -0.29162
-1.01361 0.04156 -1.06074 -0.94463
-1.11565 0.01785 -1.13760 -1.08382
-1.41590 0.09495 -1.58070 -1.33494
-1.74083 0.02428 -1.77539 -1.71973
-1.78155 0.02860 -1.81611 -1.73883
1.98130 0.14759 1.77190 2.13217
-0.56724 0.02627 -0.58333 -0.51563
-0.59432 0.00717 -0.60797 -0.58742
0.00007 0.00012 -0.00001 0.00032
-1.54581 0.03517 -1.59852 -1.49516
-0.62041 0.03783 -0.64590 -0.54688
-0.74793 0.03760 -0.80122 -0.68848
-0.31943 0.02337 -0.33378 -0.27278
-0.71482 0.01106 -0.72457 -0.69350
-0.96432 0.01687 -0.97732 -0.93217
-1.24508 0.06238 -1.34043 -1.17891
-0.61299 0.02565 -0.63382 -0.56249
-0.37700 0.02546 -0.39149 -0.32625
-0.27521 0.02755 -0.29885 -0.22152
-1.95940 0.11432 -2.06954 -1.77396
