# avg	std	min	max
7.05626 0.04755 7.02537 7.15105
5.16231 0.04652 5.08717 5.20545
4.42667 0.40550 4.17350 5.22594
7.80113 0.58684 7.13175 8.60046
7.21461 0.13691 7.01947 7.38118
7.08486 0.57024 6.37874 8.00661
13.18472 1.58056 10.25630 14.88500
19.90928 3.39704 13.33840 23.07110
4.04891 0.02147 4.01148 4.07422
6.69940 0.02772 6.65421 6.73113
6.27488 0.01833 6.24916 6.29857
0.01911 0.01954 -0.00752 0.04546
14.58862 1.73277 12.29170 16.42300
8.89245 1.01039 7.25472 9.72104
10.51406 0.22944 10.25820 10.85870
8.46390 0.15199 8.31008 8.75186
9.10333 1.10278 7.27537 10.36470
8.11083 0.30676 7.57343 8.52224
11.43084 1.97139 9.21752 15.01460
13.56596 1.88615 12.55740 17.33670
13.13116 1.02463 11.35070 14.40690
16.00558 0.96731 14.76860 17.40210
12.85332 0.91376 11.75250 13.90180
