# avg	std	min	max
5.79526 0.03089 5.75673 5.84668
5.56992 0.08292 5.48903 5.68459
7.85694 0.15612 7.55492 7.98439
9.50095 0.63544 8.56560 10.55860
9.06886 0.48815 8.49084 9.72475
10.25556 0.75933 9.14915 11.43650
20.51842 0.09974 20.36830 20.64710
24.48602 0.25346 24.15340 24.81550
7.95673 0.16405 7.75485 8.11055
6.58578 0.11884 6.46101 6.73838
7.62801 0.54659 6.94867 8.25563
-0.00189 0.02731 -0.04837 0.03747
21.43666 2.88241 15.71090 23.33870
10.91687 0.77256 9.38206 11.44150
12.39018 0.95694 11.45210 14.07520
10.51316 0.07653 10.38060 10.59300
12.43372 0.26640 12.18950 12.94360
13.74766 2.49166 9.88218 17.01860
17.91520 2.00869 15.24060 21.37790
18.38024 0.49882 17.72220 18.99570
18.29098 2.03797 15.45140 20.15280
20.33158 1.55820 18.35950 21.96910
23.28138 0.76359 21.99460 24.16330
