# avg	std	min	max
5.72446 0.01784 5.69741 5.74528
5.12966 0.01654 5.10760 5.14639
8.55546 0.62243 7.92243 9.63181
11.54844 0.72103 10.75360 12.47520
11.46700 1.38883 9.09510 12.67010
10.41626 1.61198 8.89891 12.44270
26.43164 2.48549 22.53510 29.53220
33.04992 1.66014 30.17660 34.54170
9.76403 0.45344 9.35948 10.45740
5.75737 0.08317 5.65202 5.90189
9.67160 0.56594 8.56316 10.12640
-0.00008 0.01640 -0.02619 0.02484
26.73878 0.20596 26.35840 26.92060
10.62035 0.38922 9.88267 11.03420
13.46764 0.60527 12.58100 14.40960
12.44436 1.34852 10.46900 14.70720
14.17758 0.73194 12.76290 14.86350
17.84548 1.45351 16.86600 20.71050
23.78860 1.79282 21.75830 26.93570
23.76202 0.95680 22.03160 24.82810
22.74498 2.12108 19.08960 24.78390
24.27052 1.66779 21.94370 25.85830
54.36610 1.96973 50.44390 55.68160
