# avg	std	min	max
0.51984 0.03177 0.46601 0.56493
0.30906 0.06962 0.20409 0.37073
0.46870 0.04394 0.38151 0.49556
0.32807 0.09981 0.23514 0.51734
0.04726 0.06562 -0.00802 0.17250
-0.32915 0.11154 -0.49051 -0.15655
0.05102 0.11849 -0.04907 0.26553
0.34671 0.08190 0.22640 0.44196
1.91098 0.00662 1.90349 1.92157
0.38667 0.00023 0.38650 0.38709
0.26615 0.00963 0.25285 0.28036
0.45679 0.19683 0.06450 0.58382
0.06040 0.08014 -0.03337 0.16826
0.62327 0.05874 0.56256 0.69648
0.55981 0.10205 0.39513 0.66471
-0.01202 0.00273 -0.01748 -0.01065
0.35537 0.02060 0.32566 0.38387
-0.31685 0.12486 -0.55460 -0.20974
0.10883 0.14213 -0.14402 0.24735
0.22601 0.03194 0.16636 0.25844
0.28529 0.09928 0.19993 0.46956
0.55635 0.04783 0.49441 0.60695
-0.09835 0.05985 -0.18773 -0.03426
