# avg	std	min	max
-0.38152 0.00058 -0.38242 -0.38069
-0.26452 0.00064 -0.26567 -0.26374
0.59155 0.00115 0.58937 0.59253
-0.16907 0.00376 -0.17282 -0.16239
1.84861 0.00866 1.83891 1.86061
-0.41695 0.03376 -0.46099 -0.36999
-0.60695 0.01624 -0.63489 -0.58771
0.53743 0.00677 0.53054 0.54998
3.18457 0.05091 3.10663 3.26465
-0.61263 0.00398 -0.61790 -0.60565
0.09726 0.00157 0.09574 0.10010
-0.49185 0.18161 -0.65027 -0.26977
-0.54183 0.01893 -0.56539 -0.52459
-0.63140 0.00368 -0.63858 -0.62868
-0.64129 0.03462 -0.68083 -0.59971
-0.00049 0.00022 -0.00086 -0.00023
0.02694 0.01156 0.01136 0.04481
-1.96617 0.10574 -2.11630 -1.83982
-1.82991 0.30859 -2.38244 -1.52370
-1.34892 0.00838 -1.35418 -1.33222
0.41289 0.00293 0.40707 0.41470
0.81526 0.02668 0.78888 0.86317
-0.14581 0.01108 -0.16380 -0.13073
