# avg	std	min	max
1.18890 0.08318 1.02262 1.23420
0.10636 0.00342 0.09952 0.10808
-0.41842 0.21707 -0.61261 -0.13493
-1.38910 0.04762 -1.44900 -1.30790
-0.86141 0.39427 -1.32950 -0.33658
-1.32986 0.08760 -1.42030 -1.21008
-0.56858 0.18335 -0.92851 -0.42879
-0.33526 0.17820 -0.58496 -0.04083
-0.63029 0.01281 -0.64734 -0.61713
0.80032 0.00161 0.79893 0.80327
0.05083 0.00536 0.04263 0.05656
-0.15408 0.00115 -0.15502 -0.15200
-0.54128 0.18141 -0.86725 -0.36971
-0.01289 0.01649 -0.03175 0.01333
-0.47234 0.02994 -0.50892 -0.42053
-0.00001 0.00002 -0.00004 0.00000
-0.56405 0.02667 -0.59546 -0.52769
-0.88992 0.02643 -0.93223 -0.85246
-0.31394 0.04368 -0.37177 -0.25777
0.14227 0.11856 0.01792 0.35208
0.13443 0.03533 0.09036 0.19112
-0.28291 0.13665 -0.42725 -0.11478
-0.93274 0.26554 -1.44163 -0.71462
