# avg	std	min	max
0.46726 0.00336 0.46264 0.47114
0.61275 0.00617 0.60747 0.62392
1.26363 0.35322 0.94037 1.93038
-0.10594 0.00637 -0.11479 -0.09943
0.62537 0.31058 0.29068 1.19918
0.15451 0.06792 0.05320 0.23356
-0.19249 0.00958 -0.20259 -0.17547
0.09258 0.08731 -0.01002 0.19403
0.95771 0.10461 0.78117 1.07638
0.83975 0.00656 0.82889 0.84616
1.09026 0.09352 0.99700 1.26329
0.57458 0.02556 0.53992 0.60331
0.02291 0.01450 -0.00059 0.03823
0.04835 0.02526 0.01484 0.09042
0.15452 0.04801 0.09788 0.21665
-0.00595 0.00396 -0.01031 -0.00088
-0.61973 0.08840 -0.68388 -0.44686
-0.19103 0.02140 -0.21574 -0.16049
-0.02888 0.09311 -0.18694 0.09194
0.48037 0.02194 0.45094 0.49917
0.31972 0.00786 0.30916 0.33250
1.68701 0.02429 1.64110 1.70589
-0.32951 0.02197 -0.36518 -0.29764
