# avg	std	min	max
2.00739 0.04234 1.94936 2.07732
1.70624 0.03295 1.66655 1.74475
2.81706 0.02753 2.77082 2.84015
0.90089 0.04132 0.85515 0.95298
2.43266 0.03986 2.39530 2.50057
1.29397 0.04828 1.25882 1.38922
1.44231 0.04392 1.39729 1.51207
1.99624 0.05606 1.89498 2.06422
3.56381 0.06048 3.47672 3.66547
1.90920 0.04326 1.85202 1.96394
3.28221 0.07794 3.19855 3.42816
2.01994 0.01325 2.00250 2.04069
1.46802 0.03129 1.41725 1.50822
1.28230 0.04146 1.24562 1.34711
1.24906 0.04205 1.19683 1.29685
-0.00514 0.00242 -0.00972 -0.00349
0.64869 0.05085 0.58244 0.72889
1.45716 0.05480 1.37292 1.53116
1.67545 0.06015 1.57046 1.75782
2.07265 0.04955 2.02137 2.15061
-0.14995 0.08309 -0.23914 -0.02488
2.73701 0.32936 2.24691 3.22643
1.04005 0.04503 0.97613 1.09129
