# avg	std	min	max
0.19246 0.00020 0.19230 0.19270
-0.66578 0.00000 -0.66578 -0.66578
-0.37488 0.00937 -0.39249 -0.36493
-0.99822 0.02072 -1.01976 -0.96829
-0.95011 0.03156 -0.99672 -0.91607
-1.17733 0.05844 -1.29077 -1.12881
-0.68423 0.01937 -0.71591 -0.65851
-1.01126 0.03411 -1.06128 -0.97497
2.91547 0.13284 2.76693 3.07749
-0.61148 0.00006 -0.61157 -0.61141
-0.04708 0.03176 -0.08813 -0.00379
0.12864 0.01731 0.10287 0.15077
-0.65039 0.00343 -0.65495 -0.64549
-0.58300 0.01355 -0.59983 -0.55823
-1.03015 0.03545 -1.08595 -0.97474
-0.00007 0.00013 -0.00032 -0.00000
-0.49041 0.01423 -0.50950 -0.46724
-1.19802 0.02613 -1.22280 -1.15297
-1.19810 0.03549 -1.23683 -1.14259
-0.11606 0.04118 -0.19810 -0.08946
-0.06326 0.06159 -0.11968 0.01522
-0.22964 0.10540 -0.33822 -0.03835
-0.67319 0.02886 -0.72594 -0.64585
