# avg	std	min	max
1.09738 0.00087 1.09620 1.09855
0.24893 0.00512 0.24235 0.25611
1.03043 0.71086 0.40145 1.97856
-0.13839 0.00929 -0.14699 -0.12214
0.13897 0.59327 -0.18310 1.32518
-0.04807 0.00317 -0.05080 -0.04188
-0.31483 0.00608 -0.32343 -0.30734
-0.34054 0.01251 -0.36346 -0.32988
3.92030 0.01445 3.90381 3.94180
0.67073 0.00603 0.66193 0.67652
1.21251 0.04302 1.17419 1.29612
1.11102 0.00641 1.10351 1.11947
-0.21256 0.02673 -0.24223 -0.17760
0.59547 0.00679 0.58613 0.60513
0.39313 0.01230 0.37600 0.41340
0.34559 0.00597 0.33569 0.35036
-0.00924 0.00585 -0.01635 0.00043
0.25147 0.03370 0.20615 0.30780
0.13635 0.12145 0.00678 0.35745
0.57838 0.00818 0.56903 0.59341
0.23615 0.04398 0.16798 0.27525
0.10932 0.04298 0.05829 0.17305
-0.70333 0.10787 -0.89840 -0.61511
