# avg	std	min	max
0.36293 0.02776 0.32378 0.40713
-0.21840 0.02992 -0.25641 -0.18749
0.29216 0.02443 0.25922 0.32869
-0.13097 0.02799 -0.16952 -0.08452
-0.18818 0.05002 -0.25929 -0.13980
-0.31568 0.05148 -0.39548 -0.23329
0.01455 0.04039 -0.02203 0.06967
0.03563 0.02974 -0.01395 0.07840
-1.07413 0.24850 -1.32777 -0.70065
0.35454 0.04020 0.30889 0.42380
0.48245 0.04765 0.40830 0.54587
0.56562 0.03204 0.52109 0.60005
0.05814 0.01710 0.03031 0.08321
-0.88285 0.14637 -1.03236 -0.61948
-0.58346 0.04623 -0.61815 -0.49379
0.29516 0.01964 0.27582 0.32276
-0.03146 0.02736 -0.07299 0.00250
-0.59362 0.02066 -0.61233 -0.55437
-0.41195 0.06095 -0.50963 -0.35293
-0.22203 0.06100 -0.32372 -0.15433
0.40542 0.07028 0.34825 0.53845
0.58111 0.06074 0.48931 0.65278
-0.22713 0.13043 -0.45195 -0.09840
