# avg	std	min	max
0.84153 0.03447 0.78803 0.88830
0.16715 0.01885 0.14794 0.20199
1.16578 0.36160 0.70496 1.46248
-0.17451 0.03731 -0.21900 -0.10965
0.51631 0.31609 0.31716 1.14619
-0.20612 0.06152 -0.29187 -0.13053
0.15205 0.04625 0.06745 0.19422
0.17320 0.02066 0.13190 0.18382
0.38800 0.06666 0.27144 0.44289
0.37983 0.05325 0.31657 0.47338
0.99489 0.04929 0.96107 1.09181
0.19832 0.01104 0.18847 0.21939
0.21126 0.00034 0.21072 0.21168
0.35653 0.27499 -0.19268 0.51097
0.14874 0.11066 -0.07255 0.20753
0.16958 0.03069 0.14631 0.22983
-0.00221 0.00000 -0.00221 -0.00221
0.02904 0.03721 -0.01666 0.07415
0.27558 0.05041 0.17534 0.30674
0.34791 0.00648 0.34249 0.35599
0.20459 0.04170 0.13607 0.24605
1.23612 0.22644 0.92677 1.56349
-0.03814 0.01716 -0.06904 -0.01612
