# avg	std	min	max
1.22829 0.01323 1.20799 1.24457
0.36245 0.02470 0.33243 0.40497
0.58878 0.01126 0.57722 0.60950
-0.68628 0.04503 -0.76235 -0.62862
-0.21721 0.05740 -0.31413 -0.14926
-0.54136 0.03920 -0.58977 -0.48431
-0.04857 0.02121 -0.06902 -0.00901
-0.04115 0.01667 -0.06267 -0.01145
3.17213 0.31539 2.89764 3.57908
0.81644 0.03420 0.76059 0.86106
0.25410 0.01837 0.22821 0.27684
0.60502 0.02493 0.56377 0.63670
-0.07094 0.06421 -0.17353 0.00255
0.74361 0.01295 0.73029 0.76534
-0.00973 0.02946 -0.06079 0.02288
0.44055 0.04997 0.36580 0.50131
-0.00783 0.03428 -0.05620 0.05129
-0.16873 0.06256 -0.25618 -0.07109
0.08463 0.04693 0.03437 0.16513
0.68792 0.01285 0.67104 0.70684
0.48646 0.05357 0.38024 0.52252
1.17748 0.05486 1.08589 1.25879
-0.42655 0.14583 -0.59410 -0.23768
