# avg	std	min	max
1.09841 0.04955 1.04660 1.16395
0.25718 0.01674 0.23888 0.27969
0.64080 0.05421 0.55446 0.69419
0.00618 0.24836 -0.17725 0.49697
0.54333 0.02971 0.50116 0.59336
0.13660 0.19146 -0.12772 0.40181
0.07385 0.18042 -0.28168 0.19476
0.70220 0.10605 0.58821 0.85270
-0.32954 0.28327 -0.74370 0.06356
0.36926 0.04375 0.32719 0.44445
0.08808 0.03218 0.04687 0.12965
0.57645 0.04835 0.49513 0.63576
0.21094 0.19120 -0.05674 0.51964
0.72644 0.08905 0.64148 0.87535
0.49112 0.03060 0.46764 0.54954
0.53645 0.09731 0.42263 0.71533
-0.08588 0.03015 -0.12878 -0.05050
0.37456 0.02275 0.34871 0.40756
0.61327 0.10049 0.53888 0.80386
1.03147 0.12467 0.82251 1.17637
0.87939 0.30328 0.36983 1.12703
0.33580 0.08336 0.24410 0.44379
-0.13261 0.15032 -0.38339 0.02315
