# avg	std	min	max
0.52680 0.12259 0.33285 0.70436
0.68502 0.01954 0.66752 0.71642
0.28818 0.11416 0.07013 0.40307
0.25525 0.02996 0.21933 0.28891
0.24820 0.09560 0.07831 0.35869
0.22456 0.06404 0.17796 0.34476
0.12126 0.04629 0.08319 0.20027
0.23580 0.10350 0.12476 0.42981
4.71612 0.08539 4.61776 4.87413
0.10036 0.19745 -0.18492 0.27996
0.42625 0.01394 0.40242 0.44456
0.34954 0.20675 0.04837 0.59906
0.29087 0.14209 0.11758 0.42938
0.61093 0.17391 0.27072 0.75645
-0.21910 0.08850 -0.37415 -0.11871
-0.11750 0.22479 -0.29817 0.28531
-0.01501 0.03206 -0.04627 0.02851
0.25245 0.21521 -0.10030 0.51840
0.12355 0.19166 -0.19167 0.39184
0.35675 0.09148 0.19469 0.44472
-0.04725 0.21815 -0.41947 0.12591
-0.00372 0.10694 -0.08127 0.20386
-0.19489 0.10506 -0.28867 -0.04780
