# avg	std	min	max
3.32024 0.29954 2.94468 3.69704
2.21945 0.23389 1.96214 2.53855
2.34684 0.33432 1.88564 2.91115
0.06956 0.42747 -0.45234 0.73746
1.77089 0.86277 0.77100 2.98419
-0.09678 0.26736 -0.39433 0.32410
0.51242 0.29821 0.07619 0.93611
3.95727 1.84202 1.91752 6.99630
6.42252 0.43923 5.86240 6.95449
3.53845 0.47094 2.88464 4.13174
3.27575 0.32141 2.93031 3.80987
3.03349 0.24034 2.62322 3.34477
1.51132 3.48435 -1.04972 8.34551
0.94752 0.37575 0.27888 1.31383
2.22632 0.47005 1.52963 2.99489
2.26152 0.18172 1.95917 2.48615
0.00000 0.00000 0.00000 0.00000
4.74158 0.19246 4.38906 4.94735
6.16566 0.98996 4.57545 7.18109
2.24002 0.57657 1.33338 3.08960
3.73401 0.42711 3.07554 4.34642
4.83067 0.68107 4.00977 5.59881
17.40050 6.28353 10.12840 26.09280
