# avg	std	min	max
2.56457 0.04524 2.50908 2.62811
1.42913 0.04230 1.36318 1.47772
1.01051 0.02183 0.98075 1.03641
0.09362 0.04740 0.03063 0.16706
0.27588 0.01744 0.25226 0.30547
0.23817 0.01819 0.21217 0.25789
1.01894 0.20505 0.61578 1.16458
0.33898 0.50039 -0.15519 0.94743
0.81113 0.13487 0.69788 1.05339
2.41621 0.06325 2.30789 2.49333
1.23595 0.11750 1.08644 1.44270
1.81345 0.07942 1.67730 1.91903
0.84018 0.33821 0.45988 1.26249
1.90310 0.10093 1.75087 2.03286
1.13751 0.04860 1.09233 1.22812
1.16814 0.02459 1.13200 1.20882
-0.02951 0.01816 -0.05184 -0.00326
0.68528 0.10722 0.48077 0.77583
1.08434 0.12354 0.88431 1.27193
1.58252 0.07743 1.45974 1.68686
1.28319 0.01993 1.25623 1.30435
0.68377 0.02185 0.64201 0.70163
0.50636 0.07473 0.36483 0.57214
