# avg	std	min	max
5.45281 0.14545 5.34606 5.72680
3.62203 0.12784 3.42167 3.77293
3.96053 0.04222 3.90923 4.01675
0.14322 0.04640 0.05188 0.17351
3.95628 0.22266 3.70776 4.29463
0.78879 0.15751 0.59476 1.06190
6.86650 0.78138 5.80277 8.14077
9.16477 1.69082 5.81726 10.46050
7.98086 0.43602 7.38022 8.36388
4.06459 0.09412 3.93469 4.15860
3.70951 0.49392 2.82138 4.15942
3.56895 0.22984 3.33521 3.99963
9.40293 1.42413 7.33111 11.44470
3.52868 0.16000 3.37007 3.81112
2.92792 0.04975 2.84357 2.97344
2.56808 0.08979 2.42675 2.68342
-0.00088 0.00000 -0.00088 -0.00088
5.81308 0.22857 5.51712 6.19499
7.01928 0.95194 5.42019 8.16185
5.74203 0.80068 4.43932 6.92533
3.12065 0.20419 2.80632 3.32923
7.96916 1.18628 6.54521 10.10590
15.73110 2.72948 10.29380 17.34550
