# avg	std	min	max
0.73120 0.00596 0.72205 0.73774
0.03634 0.01125 0.02449 0.05645
0.43255 0.00978 0.41421 0.44207
-0.22411 0.07629 -0.36648 -0.15632
-0.09464 0.05835 -0.13812 0.01559
-0.75316 0.02373 -0.77817 -0.71888
0.08371 0.00247 0.08124 0.08782
-0.17867 0.00867 -0.19572 -0.17206
0.23133 0.70559 -0.38901 1.45433
0.35137 0.01109 0.33057 0.36112
0.04960 0.02197 0.01251 0.07982
0.50190 0.01094 0.48829 0.52106
0.21767 0.02770 0.18948 0.26101
-0.01854 0.01231 -0.03246 0.00245
-0.57178 0.01551 -0.59020 -0.54860
0.22264 0.01191 0.21044 0.24276
-0.01792 0.02161 -0.04216 0.01299
-0.33391 0.02626 -0.36274 -0.29828
-0.68610 0.13991 -0.82985 -0.42961
0.22445 0.15331 0.04384 0.38608
0.28852 0.01847 0.25433 0.30859
0.72541 0.02375 0.70410 0.76051
-0.06943 0.00849 -0.08567 -0.06317
