# avg	std	min	max
1.41679 0.41785 0.88127 1.93019
0.85974 0.49635 0.24318 1.35137
0.15903 0.39077 -0.06599 0.93989
-0.89831 0.35274 -1.21194 -0.21183
-0.92020 0.13624 -1.10221 -0.70591
-1.70366 0.55233 -2.36282 -0.98638
-2.45242 0.37166 -2.85376 -1.80314
1.67731 0.38869 1.05892 2.06575
2.27512 0.31947 1.83861 2.64182
0.68502 0.28218 0.31204 1.12961
0.44443 0.41954 0.02980 0.99229
0.67600 0.15726 0.48046 0.87740
-0.62140 1.21859 -1.62433 1.53933
-0.38969 0.49530 -0.78013 0.55331
0.79376 0.15913 0.56302 0.99886
-2.00206 0.11871 -2.14916 -1.85873
-0.02635 0.02441 -0.05650 0.01436
0.30506 0.18327 0.06431 0.52734
-0.07405 0.40537 -0.42676 0.68272
-0.09684 0.34982 -0.66669 0.43785
1.24035 0.10727 1.11154 1.41838
2.22545 0.39926 1.62732 2.75366
2.57789 0.71836 1.23120 3.36949
