# avg	std	min	max
3.25187 0.02793 3.21663 3.29968
1.52246 0.01693 1.49543 1.54770
1.49054 0.42161 1.13935 2.11101
0.37724 0.05850 0.29133 0.44867
0.24486 0.13856 0.13262 0.50798
0.34185 0.05434 0.26975 0.43038
-0.01175 0.00831 -0.02519 0.00000
0.13172 0.01293 0.10847 0.14642
5.18354 0.29070 4.98481 5.75061
1.91775 0.02690 1.89662 1.96839
2.31381 0.01619 2.28753 2.33666
1.83183 0.02559 1.80053 1.86344
0.65032 0.08005 0.52917 0.77998
1.44038 0.00497 1.43342 1.44880
1.99665 0.21543 1.80542 2.40255
3.79656 0.02411 3.76852 3.83385
3.45430 0.05577 3.38548 3.53294
2.27797 0.09012 2.11964 2.36261
2.49623 0.04371 2.44038 2.56001
2.21172 0.03052 2.17726 2.26804
6.36934 0.04211 6.32512 6.44583
11.84930 1.21146 10.13830 13.41660
2.01997 0.33687 1.43602 2.40921
