# avg	std	min	max
4.07762 0.13206 3.87114 4.25430
2.95477 0.13246 2.72338 3.11330
2.31524 0.21007 1.94187 2.52365
2.03026 0.20511 1.76200 2.36447
1.93976 0.11202 1.75166 2.08984
1.04487 0.07677 0.97476 1.18829
-0.02227 0.00765 -0.03346 -0.01259
1.48381 1.01179 0.42118 3.41562
5.94819 0.11378 5.78395 6.09070
3.51854 0.31474 3.12209 3.92211
3.58021 0.09034 3.47464 3.72430
2.85538 0.06448 2.77443 2.97098
0.24480 0.02652 0.21881 0.28789
2.57808 0.12044 2.38988 2.75426
3.39201 0.39501 2.97051 3.90857
5.49104 0.06054 5.40739 5.56797
5.02688 0.07936 4.92701 5.16959
1.22899 0.47742 0.40622 1.87032
1.01856 0.23884 0.74438 1.37625
2.13383 0.45533 1.61511 2.79481
7.76044 0.47017 7.30223 8.63395
10.61330 0.15009 10.51820 10.90900
0.61270 0.27895 0.15171 0.85761
