# avg	std	min	max
1.81095 0.03235 1.77230 1.85735
0.45512 0.04061 0.42918 0.53592
1.23299 0.03363 1.18882 1.29074
-0.70024 0.00572 -0.71155 -0.69609
-0.26054 0.06108 -0.35308 -0.19132
-0.80152 0.14009 -1.00374 -0.68573
-0.02772 0.00000 -0.02772 -0.02772
-0.71405 0.00510 -0.71886 -0.70433
2.44192 0.04616 2.40126 2.51531
0.81471 0.04268 0.74558 0.87764
0.43965 0.06893 0.31739 0.52761
0.99670 0.04725 0.93956 1.05163
0.13420 0.05119 0.06254 0.19254
0.28275 0.07582 0.14566 0.36735
0.14301 0.26706 -0.10353 0.48478
0.81757 0.01274 0.80397 0.84147
0.16214 0.03195 0.11781 0.20930
0.02960 0.04106 -0.03190 0.07377
0.09023 0.13846 -0.13378 0.29820
0.32711 0.07529 0.23500 0.45926
0.78849 0.14481 0.60064 1.01779
2.57083 0.39562 1.85204 3.01424
-0.12117 0.05130 -0.19224 -0.05761
