# avg	std	min	max
3.33804 0.10891 3.24527 3.55015
1.41454 0.03408 1.36001 1.45543
0.29917 0.12589 0.12499 0.48643
-0.36799 0.31103 -0.71907 0.02801
-0.45797 0.01914 -0.48316 -0.42664
-0.24445 0.39515 -0.62238 0.27610
-0.00164 0.00508 -0.01147 0.00326
0.31971 0.04328 0.25483 0.36063
4.88574 0.04167 4.82686 4.94307
2.16113 0.09454 2.04061 2.30412
0.98788 0.03726 0.94963 1.05094
1.43463 0.27204 0.92162 1.67438
0.40529 0.00487 0.39689 0.41096
0.62549 0.10652 0.48982 0.75872
1.62325 0.37243 1.08663 2.06924
2.44852 0.07149 2.35981 2.55822
1.90904 0.08556 1.78960 2.02726
1.27250 0.02072 1.25568 1.30361
1.30212 0.23128 1.01134 1.70616
2.09376 0.05309 2.03578 2.18832
3.45966 0.02861 3.41805 3.48979
3.96550 0.04024 3.92072 4.01321
-0.28362 0.10236 -0.43246 -0.14088
