# avg	std	min	max
2.27809 0.05827 2.21920 2.37258
1.15419 0.07664 1.07736 1.25476
0.85557 0.07165 0.74083 0.94082
-0.04361 0.06261 -0.12535 0.04091
-0.00341 0.07268 -0.08468 0.09409
-0.12268 0.04126 -0.15453 -0.04409
-0.03864 0.00681 -0.04443 -0.02525
0.22095 0.10772 0.06107 0.36223
4.74545 0.07206 4.67666 4.85549
1.85771 0.04916 1.77808 1.93127
1.95380 0.06763 1.89747 2.05254
1.69962 0.02603 1.66247 1.74086
0.31975 0.15983 0.06572 0.49580
1.79435 0.07275 1.70270 1.85799
0.36832 0.03432 0.33597 0.42616
1.63685 0.07441 1.55998 1.76565
0.77489 0.03482 0.74223 0.83926
0.39975 0.01802 0.37335 0.42862
0.73513 0.03961 0.66244 0.77604
1.31741 0.05801 1.23999 1.39685
1.61037 0.06543 1.52952 1.68414
2.27734 0.09041 2.17170 2.41720
0.18140 0.02787 0.14083 0.21248
