# avg	std	min	max
4.04095 0.09038 3.93249 4.17083
2.93016 0.04473 2.86460 2.97808
2.05417 0.25556 1.56803 2.26702
0.76223 0.01805 0.73550 0.78391
1.17603 0.09335 1.04790 1.29711
0.29417 0.32843 -0.00742 0.77113
-0.01524 0.00615 -0.02337 -0.00788
0.49294 0.00862 0.48197 0.50345
4.70984 0.03112 4.67261 4.74418
3.70232 0.10266 3.59984 3.85125
2.89480 0.22193 2.68349 3.31760
3.12878 0.09516 2.98803 3.23617
-0.45257 0.01836 -0.48101 -0.42520
2.57712 0.05499 2.49313 2.63696
2.58598 0.16612 2.26029 2.72925
4.38678 0.05172 4.29898 4.44420
3.24621 0.04328 3.18104 3.28427
2.22670 0.10123 2.09207 2.34262
2.46501 0.34909 2.03072 2.90939
1.98729 0.03399 1.94387 2.02617
5.72593 0.06688 5.65255 5.82685
5.78128 0.25770 5.43310 6.08902
0.45116 0.24185 0.04956 0.74169
