# avg	std	min	max
5.15315 0.06911 5.10738 5.28880
3.98688 0.03051 3.93051 4.01604
2.67142 0.04152 2.61328 2.71993
1.53051 0.20866 1.34286 1.80278
2.29661 0.35581 1.58539 2.49247
1.24035 0.07296 1.12824 1.32617
-0.02238 0.06684 -0.09210 0.10043
3.48070 1.43795 1.06900 5.39413
8.63412 0.15094 8.35655 8.78691
5.44724 0.01566 5.42028 5.46414
3.98123 0.01805 3.95440 4.00928
4.28053 0.01827 4.24869 4.30151
0.54526 0.33433 -0.11588 0.77527
4.95986 0.00416 4.95527 4.96568
3.08442 0.01082 3.07519 3.10389
5.26335 0.09853 5.09721 5.36856
3.27146 0.01655 3.25277 3.29544
3.94032 0.17984 3.69855 4.22756
3.91359 1.10478 2.80809 5.86092
3.40526 0.02841 3.35974 3.44031
5.67777 0.06862 5.58069 5.77958
6.01177 0.03746 5.96350 6.06996
9.34411 1.42033 7.99933 11.46590
