# avg	std	min	max
3.36412 0.02697 3.31462 3.39438
2.80243 0.03943 2.75546 2.85932
2.40015 0.03319 2.35658 2.43989
0.78574 0.06414 0.68272 0.86835
1.78363 0.03624 1.72901 1.84228
0.26841 0.05466 0.21276 0.36515
-0.03568 0.02929 -0.07691 -0.00118
1.20978 0.07273 1.13261 1.34617
2.84088 0.02415 2.80839 2.88322
3.11927 0.03607 3.08653 3.18678
2.54704 0.06524 2.46747 2.62058
2.53557 0.03788 2.49388 2.60185
0.44907 0.03796 0.39021 0.49308
2.71940 0.03564 2.68720 2.76785
2.21982 0.01842 2.20278 2.24377
2.24752 0.01622 2.22318 2.27009
2.30815 0.04519 2.24761 2.36123
1.62812 0.04233 1.55657 1.68345
1.97416 0.09625 1.81871 2.10817
2.28522 0.02250 2.25334 2.31267
2.94855 0.03909 2.89676 2.99170
3.12826 0.06620 3.06745 3.24391
0.29513 0.21106 0.03716 0.56280
