# avg	std	min	max
3.33896 0.05316 3.25961 3.41924
2.41538 0.21147 2.16502 2.69529
1.26390 0.27533 0.71453 1.42429
0.33495 0.02015 0.30865 0.36579
0.21613 0.24866 -0.14070 0.54130
0.52337 0.08678 0.39872 0.64770
-0.01427 0.01115 -0.03289 -0.00095
0.85011 0.02712 0.82260 0.89313
4.63159 0.08058 4.47433 4.69971
2.94386 0.17836 2.72213 3.14017
2.52165 0.07218 2.42044 2.62091
2.12521 0.23450 1.80839 2.38357
0.62284 0.00963 0.61167 0.63403
2.06444 0.02763 2.02155 2.09905
2.12241 0.17745 1.82393 2.29639
3.47768 0.01690 3.45511 3.50070
1.94202 0.24258 1.63074 2.15268
1.46977 0.13349 1.21081 1.59567
2.18815 0.02344 2.15466 2.22769
2.00555 0.03843 1.96616 2.06947
2.76593 0.04961 2.69932 2.84580
2.38221 0.10387 2.23550 2.52434
-0.80398 0.07109 -0.88287 -0.68298
