# avg	std	min	max
3.43762 0.00494 3.42907 3.44264
2.31637 0.00484 2.30962 2.32184
2.44444 0.00879 2.43033 2.45379
0.62755 0.07643 0.55576 0.72432
1.61916 0.00263 1.61421 1.62179
-0.29136 0.18712 -0.61786 -0.08254
-0.01829 0.00759 -0.03033 -0.00665
0.38611 0.02736 0.34151 0.42237
4.90674 0.31525 4.51047 5.28761
2.42996 0.00692 2.41821 2.43878
2.81008 0.00633 2.79791 2.81530
2.77608 0.00744 2.76250 2.78392
0.97012 0.00943 0.96175 0.98764
2.39815 0.00706 2.38760 2.40637
1.47213 0.00832 1.46245 1.48623
2.65877 0.00356 2.65563 2.66516
1.95696 0.03409 1.90753 2.00692
1.30479 0.05803 1.21471 1.39035
1.78215 0.04443 1.73875 1.85012
2.09893 0.01037 2.08562 2.10993
2.51472 0.00825 2.49897 2.52118
2.55252 0.00616 2.54713 2.56295
0.09137 0.08741 -0.03311 0.21738
