# avg	std	min	max
4.29667 0.01374 4.27082 4.31032
2.52341 0.00195 2.52193 2.52714
0.48725 0.00388 0.48289 0.49447
0.60691 0.12312 0.44219 0.73133
-0.14103 0.01005 -0.15961 -0.13182
0.38904 0.05851 0.30512 0.47159
0.00050 0.01696 -0.02062 0.03128
0.47531 0.00542 0.46462 0.47944
4.51072 0.02190 4.47460 4.53397
3.95341 0.02790 3.91396 3.98633
2.32807 0.00110 2.32615 2.32925
2.38803 0.00546 2.38427 2.39879
0.25576 0.00690 0.25135 0.26941
2.57265 0.00413 2.56758 2.57823
2.22543 0.09405 2.15104 2.40371
3.78081 0.00077 3.77996 3.78227
2.46793 0.06797 2.39480 2.58696
1.41595 0.06093 1.33068 1.50013
1.74790 0.15193 1.56600 1.92980
1.45001 0.00200 1.44651 1.45238
4.87629 0.02256 4.84064 4.91137
4.20155 0.09560 4.10313 4.33329
-0.32985 0.08585 -0.48031 -0.22302
