# avg	std	min	max
2.16336 0.03843 2.10381 2.22397
1.15544 0.03303 1.09125 1.18256
1.07547 0.09746 0.92888 1.18078
0.13025 0.06782 0.01506 0.22400
0.03288 0.15428 -0.23624 0.18675
0.04275 0.17735 -0.28433 0.22840
-0.02170 0.01504 -0.04720 -0.00060
0.00575 0.06006 -0.07798 0.08505
4.95253 0.23783 4.56340 5.18733
1.76333 0.04089 1.69709 1.81909
1.36904 0.03572 1.30536 1.41420
1.65565 0.05556 1.60892 1.76165
0.08318 0.02242 0.06466 0.12345
0.99723 0.05741 0.92920 1.08834
0.66194 0.06095 0.54911 0.72888
1.47377 0.04282 1.39597 1.51955
0.83111 0.11838 0.62538 0.95781
0.77214 0.06938 0.66657 0.88053
0.86228 0.07941 0.71447 0.94324
0.84349 0.06082 0.75287 0.91110
1.48896 0.06311 1.39700 1.55247
1.32987 0.10963 1.20053 1.48784
-0.64298 0.14730 -0.81185 -0.37347
