# avg	std	min	max
3.40976 0.02794 3.38499 3.44925
1.91864 0.04153 1.85684 1.97702
1.92538 0.14177 1.74002 2.09278
-0.71553 0.00367 -0.72007 -0.71043
1.32199 0.05127 1.26066 1.38466
-0.55098 0.11364 -0.71585 -0.40370
0.00139 0.00198 -0.00000 0.00507
-0.43823 0.02477 -0.48558 -0.41681
3.88279 0.03792 3.83112 3.93051
2.92233 0.01399 2.90483 2.94761
2.17397 0.30793 1.97071 2.78716
1.88513 0.03043 1.84884 1.92833
0.16000 0.04912 0.10032 0.21081
2.31633 0.01120 2.30332 2.32962
1.40256 0.01801 1.37816 1.42280
2.31088 0.00911 2.29319 2.31705
1.26257 0.02502 1.23510 1.30425
0.40996 0.03237 0.36375 0.45271
0.99406 0.00828 0.97914 1.00212
1.54010 0.03646 1.46751 1.56389
2.72097 0.01247 2.69781 2.73305
4.51451 0.47761 4.11085 5.12386
-0.35229 0.05509 -0.41094 -0.25450
