# avg	std	min	max
5.78394 0.18518 5.65047 6.14691
4.95255 0.05918 4.88599 5.03216
3.81197 0.08059 3.70932 3.94671
1.90462 0.02817 1.86352 1.94619
3.23614 0.01079 3.22494 3.25404
1.35307 0.10053 1.17669 1.44412
-0.00519 0.00835 -0.02153 0.00051
4.86041 0.28017 4.30864 5.09285
7.71033 0.22923 7.37979 8.01478
5.34946 0.30232 5.05593 5.71946
3.68712 0.10967 3.59390 3.89257
4.40997 0.07834 4.28295 4.48266
1.88520 0.01538 1.86787 1.90771
4.50945 0.12445 4.33161 4.61646
4.71998 0.07876 4.67530 4.87712
5.66181 0.03613 5.61355 5.70510
4.96571 0.02110 4.94567 5.00439
5.93457 0.09011 5.84574 6.09932
7.81362 0.19353 7.62476 8.17483
3.82324 0.04252 3.74110 3.85963
8.38450 0.03289 8.34714 8.43505
8.73708 0.44465 8.15583 9.17046
13.35400 1.36916 10.72510 14.62230
