# avg	std	min	max
4.86956 0.03133 4.82076 4.91882
4.25905 0.04403 4.20147 4.31029
3.86729 0.08236 3.80169 4.01585
2.33785 0.07969 2.27576 2.49384
2.90951 0.12955 2.69099 3.05153
1.66411 0.09855 1.47948 1.76897
-0.02884 0.01792 -0.06311 -0.01375
2.48486 0.58321 1.64753 3.16615
7.24761 0.02017 7.22357 7.28014
3.97539 0.06629 3.88177 4.08698
5.07513 0.11780 4.96905 5.27538
3.86961 0.06118 3.79513 3.95141
1.90263 0.08916 1.80005 2.04140
4.09597 0.07836 3.94013 4.14494
4.00802 0.48031 3.29248 4.66952
5.70950 0.03032 5.66867 5.75992
5.29838 0.33390 4.64434 5.59120
3.37619 0.11941 3.16578 3.52693
4.72629 0.38659 4.26173 5.44070
2.21055 0.11661 2.04648 2.35842
6.57074 0.07913 6.47498 6.66730
7.37208 0.29079 6.89859 7.78278
8.01210 1.74001 5.81885 10.55190
