# avg	std	min	max
2.36352 0.06344 2.28450 2.46526
0.81089 0.02810 0.78529 0.86066
0.94785 0.52937 0.58757 1.99631
-0.49807 0.06628 -0.62358 -0.42919
1.42643 0.26679 1.17259 1.91133
-0.43593 0.10839 -0.60023 -0.29517
-0.00042 0.00046 -0.00075 0.00048
-0.41936 0.00754 -0.42741 -0.40571
2.99362 0.03206 2.96451 3.05598
0.88687 0.03697 0.83925 0.93601
0.51023 0.04844 0.47220 0.59515
0.90604 0.22021 0.62092 1.09239
0.05814 0.00830 0.05156 0.07254
0.39258 0.02514 0.35529 0.42727
0.00124 0.08933 -0.10426 0.14927
1.15224 0.02170 1.11658 1.17507
0.26741 0.01075 0.25269 0.28096
0.17204 0.02675 0.14795 0.20690
0.60002 0.01271 0.58198 0.61368
0.20794 0.00595 0.20287 0.21910
1.10656 0.04417 1.05469 1.17668
2.24684 0.62935 1.59645 3.17686
-0.32694 0.04698 -0.39814 -0.25435
