# avg	std	min	max
0.00000 0.00000 0.00000 0.00000
2.54295 0.02996 2.52797 2.60287
4.63147 0.04023 4.55768 4.67336
2.24562 0.00063 2.24471 2.24651
4.17361 0.02884 4.15000 4.22941
2.10375 0.04175 2.03066 2.14484
1.99669 0.17508 1.69114 2.16805
3.82406 0.11915 3.63109 3.93911
6.93387 0.00441 6.92897 6.94174
2.59518 0.01876 2.55776 2.60707
3.41345 0.00024 3.41316 3.41386
2.64886 0.00742 2.64218 2.66135
2.23241 0.19207 1.86181 2.37666
2.17034 0.07229 2.06404 2.22913
1.85633 0.02307 1.81407 1.88302
2.81875 0.11696 2.59156 2.90022
2.38800 0.04308 2.30760 2.42551
2.11299 0.03103 2.07401 2.15578
1.91711 0.03394 1.86138 1.95480
2.42786 0.02261 2.38303 2.44435
2.71326 0.05500 2.61228 2.75518
3.87532 0.09546 3.77267 4.05565
2.05017 0.00849 2.03939 2.06540
