# avg	std	min	max
0.00000 0.00000 0.00000 0.00000
3.43455 0.00000 3.43455 3.43455
3.64037 0.15472 3.44913 3.87646
2.62053 0.01930 2.60717 2.65883
3.46434 0.16901 3.35642 3.79985
2.72387 0.21328 2.47266 2.98196
2.29001 0.26692 2.03399 2.61645
2.97668 0.22092 2.53490 3.09344
4.98930 0.07022 4.90573 5.08877
1.61691 0.00043 1.61637 1.61745
3.39677 0.01735 3.37680 3.41738
3.02195 0.00018 3.02173 3.02229
3.13033 0.00443 3.12168 3.13349
2.79462 0.15080 2.63690 3.08005
2.73400 0.26478 2.26297 3.04761
2.03409 0.03540 2.00356 2.09377
2.52557 0.22270 2.31847 2.87157
1.84548 0.02305 1.82954 1.89109
3.21287 0.00810 3.19826 3.22052
2.93881 0.02856 2.91202 2.98943
0.40172 0.40488 0.13589 1.19653
3.46114 0.56095 2.40786 4.09379
2.36736 0.29245 2.09482 2.92087
