# avg	std	min	max
0.00000 0.00000 0.00000 0.00000
2.96161 0.02053 2.92075 2.97351
5.65917 0.03226 5.61571 5.69708
3.09456 0.03523 3.05274 3.15933
5.13205 0.04260 5.07613 5.19906
2.76057 0.05143 2.67526 2.80960
2.35287 0.13264 2.21511 2.60542
2.56914 0.07416 2.42647 2.63298
6.26704 0.04970 6.21535 6.34428
3.38712 0.00242 3.38522 3.39183
5.17529 0.02347 5.13696 5.20968
3.29561 0.05245 3.23437 3.38168
2.64013 0.25483 2.30536 2.94165
3.41273 0.01208 3.39259 3.42735
3.26862 0.16448 2.94554 3.40436
2.65689 0.32404 2.00912 2.82880
2.99314 0.15665 2.82713 3.19545
2.52132 0.17813 2.32315 2.80419
3.04385 0.20394 2.76858 3.24602
3.36425 0.02237 3.33690 3.39155
3.73086 0.40376 3.01283 4.18540
6.58617 0.22788 6.16583 6.79827
2.46699 0.24895 2.26992 2.95678
