# avg	std	min	max
0.00000 0.00000 0.00000 0.00000
-1.05597 0.00730 -1.07056 -1.05232
-1.15100 0.00882 -1.15977 -1.13399
-2.06869 0.02042 -2.09011 -2.03439
-2.01758 0.00904 -2.02420 -2.00012
-2.58745 0.02879 -2.63086 -2.54933
-2.25461 0.01359 -2.26885 -2.22897
-2.09345 0.02957 -2.14758 -2.06481
2.17711 0.06146 2.08346 2.24568
-0.72865 0.00246 -0.73222 -0.72457
-0.39001 0.01168 -0.41283 -0.38155
-0.46404 0.00104 -0.46499 -0.46232
-2.02706 0.00868 -2.03744 -2.01237
-0.85269 0.03050 -0.87502 -0.79323
-1.79968 0.02567 -1.82748 -1.75105
-0.69725 0.00732 -0.70745 -0.68894
-1.20328 0.01001 -1.22062 -1.19241
-1.63452 0.01485 -1.65313 -1.60790
-1.36463 0.01154 -1.37569 -1.34388
-1.03475 0.05250 -1.06978 -0.93176
-0.73879 0.01734 -0.75662 -0.70755
-0.61001 0.01280 -0.62571 -0.59157
-2.63538 0.03616 -2.69538 -2.58265
