# avg	std	min	max
0.00000 0.00000 0.00000 0.00000
-1.14661 0.00000 -1.14661 -1.14661
-0.40757 0.01615 -0.43821 -0.39393
-2.37465 0.05237 -2.47759 -2.33490
-1.08015 0.10602 -1.15917 -0.87048
-3.09047 0.05668 -3.13665 -2.98392
-2.90050 0.05091 -2.95315 -2.81112
-2.58388 0.01709 -2.59997 -2.55360
5.29515 0.43646 4.45266 5.65054
-0.51251 0.31174 -1.01063 -0.15102
0.13839 0.11212 0.04009 0.34669
-0.56645 0.03309 -0.61663 -0.53277
-2.24559 0.06299 -2.34734 -2.18077
-1.07598 0.01019 -1.08817 -1.06019
-1.05096 0.24594 -1.28839 -0.60688
-0.57121 0.15799 -0.88663 -0.48193
-1.18208 0.05351 -1.23036 -1.08437
-0.82126 0.00774 -0.83451 -0.81220
-0.12629 0.06933 -0.21768 -0.04239
-1.30686 0.03003 -1.34881 -1.25546
0.10389 0.04181 0.04771 0.17053
2.53378 0.23640 2.30377 2.97030
-2.58809 0.26913 -2.87902 -2.11442
