# avg	std	min	max
0.00000 0.00000 0.00000 0.00000
-0.69903 0.03104 -0.74002 -0.67032
0.15034 0.04156 0.10382 0.21388
-1.02811 0.02871 -1.06256 -0.99333
-0.17613 0.03476 -0.23503 -0.14152
-1.72078 0.01783 -1.74583 -1.69240
-0.84274 0.01023 -0.85842 -0.83020
-1.55764 0.02798 -1.58314 -1.50508
4.72707 0.12219 4.57884 4.93671
-0.74194 0.02261 -0.77648 -0.71950
0.31407 0.03582 0.25810 0.36802
-0.08919 0.03965 -0.11983 -0.02250
-0.88305 0.09239 -1.06629 -0.81900
-0.30730 0.00687 -0.32046 -0.30064
-1.03263 0.02046 -1.05166 -0.99530
-0.49744 0.01517 -0.52232 -0.47931
-0.90930 0.01279 -0.93095 -0.89658
-0.88536 0.07684 -1.03631 -0.82186
-0.63533 0.02547 -0.66741 -0.59430
-0.29497 0.01380 -0.30439 -0.26764
-0.46146 0.01952 -0.48747 -0.42748
0.22862 0.12319 0.03104 0.37899
-1.17963 0.02987 -1.22750 -1.14650
