# avg	std	min	max
-0.00000 0.00000 -0.00000 0.00000
0.29578 0.00249 0.29454 0.30076
1.84407 0.25244 1.70194 2.34835
0.58471 0.02264 0.55249 0.61401
1.77843 0.26210 1.54569 2.18927
0.55278 0.02929 0.51297 0.59484
0.77937 0.08685 0.69670 0.93329
0.83621 0.01727 0.81069 0.86208
3.38008 0.04903 3.30950 3.45887
0.92602 0.00499 0.91719 0.93199
1.91294 0.56554 1.42608 2.72056
1.05267 0.00641 1.04276 1.06301
0.74869 0.04137 0.66646 0.77536
0.85144 0.21744 0.44197 1.07951
0.62361 0.03646 0.56894 0.68054
0.95028 0.01636 0.93054 0.97855
0.93646 0.04559 0.85211 0.98793
0.51716 0.01666 0.48996 0.53765
0.56783 0.02055 0.52795 0.58603
0.76270 0.04168 0.69303 0.82400
1.33410 0.04132 1.28208 1.40192
4.26113 0.66400 3.69737 5.39858
0.56689 0.02834 0.52040 0.59952
