# avg	std	min	max
0.00000 0.00000 -0.00000 0.00000
2.94878 0.00131 2.94757 2.95081
3.41272 0.00382 3.40645 3.41747
1.97223 0.02297 1.93372 2.00384
2.82635 0.00656 2.81414 2.83298
1.63279 0.01757 1.61674 1.66670
1.67500 0.10879 1.52329 1.77616
2.34154 0.14771 2.23442 2.63405
5.42863 0.00470 5.41960 5.43251
2.91105 0.00152 2.90876 2.91299
2.77722 0.00296 2.77435 2.78252
2.89328 0.00645 2.88194 2.90039
1.64665 0.01089 1.62725 1.65522
2.55764 0.00153 2.55608 2.56057
2.79739 0.02172 2.77706 2.83708
2.17273 0.00490 2.16469 2.17935
2.50890 0.21041 2.10484 2.67079
2.50368 0.03788 2.44444 2.56151
2.88061 0.04161 2.80212 2.91529
2.82112 0.02231 2.79848 2.86202
2.30363 0.20576 2.11041 2.67807
3.04697 0.28864 2.76199 3.56024
1.17813 0.08854 1.03275 1.28143
