# avg	std	min	max
0.49589 0.00783 0.48452 0.50801
-0.30020 0.00000 -0.30020 -0.30020
-0.17095 0.01258 -0.18611 -0.14816
-0.63122 0.00346 -0.63405 -0.62531
-0.75950 0.12111 -0.87425 -0.54351
-1.16221 0.04417 -1.21792 -1.09294
-0.71606 0.00363 -0.72031 -0.70981
-0.64122 0.02148 -0.65541 -0.59861
2.74976 0.03805 2.68397 2.78869
-0.12590 0.00203 -0.12841 -0.12354
0.23154 0.05784 0.20069 0.34719
0.35760 0.03938 0.27894 0.37913
-0.65652 0.00626 -0.66409 -0.64749
-0.24825 0.00179 -0.25039 -0.24555
-0.49399 0.07553 -0.63911 -0.42173
-0.04683 0.01262 -0.06620 -0.03075
-0.38693 0.01613 -0.40100 -0.35559
-0.41273 0.01186 -0.43110 -0.39401
-0.67720 0.05542 -0.76626 -0.59704
-0.00148 0.00894 -0.01006 0.01478
-0.14193 0.00804 -0.14997 -0.12692
-0.30130 0.06167 -0.38368 -0.22683
-1.01173 0.03155 -1.04566 -0.96098
