# avg	std	min	max
1.18875 0.02378 1.14251 1.20844
0.12665 0.02092 0.10458 0.15220
0.40100 0.02306 0.37139 0.44182
-0.76684 0.10855 -0.92582 -0.64590
0.04783 0.09252 -0.10478 0.12867
-0.95519 0.05628 -1.03916 -0.87696
-0.53104 0.08060 -0.62680 -0.38927
-0.27699 0.05995 -0.34652 -0.16681
4.62086 0.17278 4.36423 4.86348
0.24131 0.03901 0.17644 0.27458
0.30260 0.08451 0.16225 0.40624
0.74588 0.11498 0.62609 0.96514
-0.33562 0.10166 -0.48711 -0.24372
-0.05161 0.00787 -0.05999 -0.04013
-0.36563 0.10550 -0.47603 -0.20864
1.21716 0.08679 1.12039 1.35893
0.51802 0.04861 0.44916 0.58381
-0.31360 0.06894 -0.38678 -0.21994
-0.51266 0.11592 -0.67562 -0.33493
0.00196 0.00322 -0.00336 0.00676
1.29087 0.02010 1.26216 1.31534
1.96424 0.11671 1.84828 2.16489
-0.90461 0.10086 -1.03924 -0.79955
