# avg	std	min	max
3.78961 0.03429 3.74322 3.83590
2.26581 0.06619 2.17384 2.37865
2.33628 0.29406 1.99718 2.74566
0.14459 0.02457 0.11437 0.18943
2.16820 0.78072 1.34564 3.62736
-0.07860 0.01940 -0.10444 -0.05224
0.71513 0.13158 0.50204 0.89115
3.89990 0.25523 3.49418 4.28919
0.11040 0.03516 0.04199 0.14215
3.63258 0.02118 3.60054 3.65421
4.88532 0.21336 4.61867 5.16356
2.50970 0.03936 2.46401 2.57505
1.11980 0.32363 0.65196 1.66499
1.32459 0.00236 1.32063 1.32660
1.60739 0.57542 0.65165 2.17047
2.26050 0.05692 2.16692 2.30800
1.90320 0.09335 1.76641 2.01849
2.19806 0.10574 2.06884 2.33247
2.55781 0.17469 2.28607 2.83004
0.31882 0.02850 0.28858 0.36828
2.50653 0.15621 2.26979 2.68292
6.10844 0.48988 5.50617 6.91302
7.19915 0.45724 6.47267 7.76518
