# avg	std	min	max
1.18742 0.18640 0.85281 1.42535
0.04620 0.07554 -0.04267 0.15822
0.08575 0.24523 -0.10354 0.56567
-0.93524 0.08838 -1.08690 -0.82491
-0.89049 0.02440 -0.93137 -0.86529
-1.33718 0.07533 -1.45429 -1.23295
-1.29621 0.01331 -1.31214 -1.27199
-1.77561 0.06908 -1.87546 -1.67991
3.25261 0.16463 3.11048 3.54022
0.34028 0.05451 0.26915 0.43681
0.78138 0.01545 0.75378 0.79783
0.77866 0.24671 0.61009 1.26417
-0.69525 0.35938 -1.01095 0.00825
-0.93948 0.11376 -1.09529 -0.80915
-0.43388 0.02506 -0.47146 -0.40710
0.66201 0.03517 0.59652 0.68947
-0.21085 0.05932 -0.30408 -0.15330
-0.07307 0.03138 -0.13047 -0.04130
-0.36318 0.17177 -0.50579 -0.02533
1.18365 0.94561 0.01176 1.96459
-0.95559 0.70936 -2.04225 -0.12678
-1.31693 0.12466 -1.42700 -1.07701
-1.42313 0.20358 -1.74758 -1.15549
