# avg	std	min	max
1.60201 0.07629 1.53359 1.70607
0.70758 0.06322 0.63822 0.80895
0.68050 0.03432 0.63499 0.73891
-0.34117 0.00667 -0.34737 -0.33063
-0.00634 0.00974 -0.01971 0.00502
-0.26746 0.05315 -0.33047 -0.18654
0.01745 0.03779 -0.05212 0.05891
0.50817 0.03572 0.45495 0.56756
3.64712 0.31947 3.25375 4.02777
0.75951 0.11020 0.59005 0.85235
0.44415 0.03324 0.37919 0.46917
0.96132 0.03199 0.92824 1.01855
0.22883 0.06556 0.15222 0.34325
0.42910 0.04120 0.37564 0.49554
0.51364 0.04328 0.45315 0.56760
1.33531 0.03643 1.30501 1.40452
0.45181 0.07097 0.32793 0.53592
0.19279 0.03597 0.13966 0.24370
0.53302 0.01861 0.51141 0.55925
0.90915 0.03842 0.87475 0.96326
1.23193 0.07502 1.15678 1.33995
1.64597 0.25929 1.32551 1.96888
-0.28854 0.16350 -0.50370 -0.06020
