# avg	std	min	max
2.01235 0.07396 1.90468 2.13289
1.27921 0.05177 1.22117 1.36651
1.32975 0.08067 1.27142 1.48930
0.77148 0.08102 0.63036 0.87496
-0.03941 0.02833 -0.09050 -0.01020
0.44132 0.17916 0.23602 0.73129
1.04064 0.13544 0.88016 1.20750
1.46372 0.11888 1.23043 1.54751
4.01060 0.18934 3.83948 4.36967
2.03298 0.08969 1.89612 2.14104
2.10519 0.02475 2.07587 2.14508
1.29523 0.04891 1.19873 1.33437
1.14024 0.07274 1.06645 1.27661
0.66921 0.27635 0.36279 1.18248
1.02379 0.15306 0.90668 1.31652
2.03427 0.13242 1.94069 2.29700
1.48774 0.04789 1.43655 1.55504
0.75509 0.10643 0.64542 0.95670
1.08080 0.15919 0.90770 1.33219
1.32752 0.10538 1.22722 1.52048
2.53076 0.21423 2.25508 2.70826
3.33776 0.19746 3.10540 3.59778
0.87004 0.15702 0.70104 1.15073
