# avg	std	min	max
1.90761 0.04211 1.86225 1.98311
1.22923 0.09482 1.05440 1.31602
1.04317 0.02358 1.01318 1.08187
-0.26612 0.03630 -0.33850 -0.24321
-0.02136 0.00620 -0.03377 -0.01826
0.30381 0.04516 0.24729 0.38053
0.78016 0.10159 0.65192 0.91576
1.80303 0.08342 1.64255 1.87117
-0.24067 0.08047 -0.39471 -0.18067
1.92208 0.09102 1.75360 2.02626
1.35501 0.05396 1.27640 1.44311
1.56494 0.02832 1.51730 1.60567
0.77403 0.09757 0.61115 0.89879
1.74117 0.46932 0.80412 2.00746
0.88686 0.07455 0.81760 1.02162
2.36836 0.15235 2.16602 2.51430
1.16468 0.01772 1.14857 1.19642
0.61091 0.03039 0.56632 0.64644
0.95453 0.04037 0.88985 1.01525
1.96879 0.05131 1.91849 2.03825
2.18986 0.24040 1.89082 2.44956
2.13082 0.19257 1.89554 2.37803
0.73956 0.15000 0.59857 1.02172
