# avg	std	min	max
4.30731 0.07988 4.19422 4.41495
3.03090 0.05395 2.99220 3.13716
1.26842 0.02206 1.24875 1.31133
-0.05029 0.13937 -0.20650 0.13072
-0.00047 0.00326 -0.00296 0.00593
-0.02825 0.13521 -0.18476 0.21797
6.15983 0.49320 5.39739 6.82667
9.72206 0.60707 8.53525 10.25880
1.70326 0.11681 1.48213 1.82427
3.47377 0.06022 3.40965 3.57828
1.84578 0.01073 1.83376 1.85990
2.02482 0.02396 1.99384 2.05639
4.70162 0.62957 3.91172 5.63997
2.64827 0.10027 2.49784 2.81152
2.47951 0.12833 2.32229 2.66377
4.11555 0.02222 4.07904 4.14841
3.99060 0.10559 3.84632 4.12712
3.53051 0.32680 3.08835 3.92115
4.92765 0.21736 4.68647 5.28010
5.31514 0.52101 4.76391 6.26948
7.48339 0.12488 7.31803 7.65689
7.05377 0.04347 6.99274 7.11667
5.49580 0.74276 4.50058 6.70920
