# avg	std	min	max
2.82708 0.01240 2.81003 2.84334
1.76419 0.01905 1.72696 1.78013
1.27571 0.00877 1.26134 1.28752
-0.86410 0.01507 -0.89348 -0.85102
-0.01762 0.01922 -0.05435 0.00000
-0.91843 0.04010 -0.96366 -0.84410
-0.59138 0.01487 -0.61307 -0.57107
-1.08980 0.02384 -1.12676 -1.06553
1.56078 0.03620 1.51796 1.62191
2.49377 0.01159 2.47714 2.50663
1.59149 0.01053 1.57466 1.60691
1.53710 0.01385 1.51581 1.55285
-0.11788 0.00748 -0.12912 -0.10562
0.69083 0.02298 0.67414 0.73462
0.87211 0.01162 0.85686 0.88800
1.60528 0.04668 1.54235 1.67353
1.17545 0.02614 1.12635 1.20316
0.84662 0.01426 0.82686 0.86991
1.97741 0.06177 1.92146 2.09474
0.56523 0.05161 0.49371 0.65136
2.37712 0.01437 2.35664 2.39809
1.74357 0.04728 1.65851 1.79215
-1.56541 0.04006 -1.63361 -1.52429
