# avg	std	min	max
4.63540 0.04058 4.55483 4.66023
2.81581 0.07689 2.66218 2.85902
0.82908 0.00576 0.82034 0.83619
0.63337 0.46508 0.15892 1.40845
-0.00997 0.01142 -0.02944 0.00440
0.64710 0.73043 -0.07210 1.92308
7.20147 0.70253 6.37345 8.22628
10.58211 5.13288 6.28999 20.19860
6.51938 0.09665 6.41056 6.63272
3.37954 0.02183 3.33679 3.39854
2.09961 0.03676 2.03205 2.13976
2.75900 0.11950 2.52019 2.82604
9.06320 2.71780 5.05425 13.59830
2.48943 0.07756 2.44712 2.64445
3.77535 0.48359 3.15470 4.54107
4.90987 0.03070 4.86943 4.95541
4.67969 0.32175 4.31087 5.21697
7.18970 1.05806 5.98644 8.80934
8.67873 1.30700 6.98011 10.35360
7.08124 1.56981 4.64874 8.79967
8.93968 0.23324 8.66461 9.30614
9.13467 1.42792 7.31948 11.15090
11.50683 5.64624 6.83520 21.69220
