# avg	std	min	max
1.94846 0.01216 1.92979 1.96431
0.94043 0.00896 0.92253 0.94564
0.91551 0.00203 0.91442 0.91957
-0.23514 0.02998 -0.26424 -0.17728
0.00160 0.00626 -0.00355 0.01383
-0.09756 0.08413 -0.21316 0.00155
-0.16305 0.01294 -0.18879 -0.15498
-0.27695 0.02480 -0.32600 -0.25851
3.62177 0.09593 3.47518 3.74431
1.24017 0.01255 1.21530 1.24845
1.45419 0.00597 1.44641 1.46417
1.62370 0.01151 1.60106 1.63253
-0.05766 0.01993 -0.09601 -0.03894
1.41461 0.00442 1.40589 1.41732
0.42902 0.01910 0.41320 0.46657
1.29578 0.00203 1.29455 1.29983
0.70850 0.00729 0.69674 0.71700
0.28050 0.03179 0.22755 0.31263
0.60804 0.06006 0.52323 0.67959
0.93486 0.01607 0.92616 0.96698
1.53352 0.01954 1.50067 1.55064
1.07422 0.01405 1.05883 1.10079
-0.58678 0.10289 -0.73318 -0.47224
