# avg	std	min	max
4.07021 0.14598 3.78423 4.17586
2.65173 0.06881 2.55744 2.71468
1.26902 0.02934 1.22428 1.30994
1.11809 0.45040 0.30789 1.63325
-0.02784 0.01798 -0.05821 -0.01011
1.17984 0.11105 1.05201 1.37153
1.67842 0.03128 1.63314 1.72819
1.82713 0.08585 1.68365 1.94431
6.24689 0.19865 5.85953 6.39622
2.94941 0.04512 2.87995 3.00771
1.99477 0.09786 1.80713 2.09190
2.51463 0.08482 2.41101 2.61276
1.81157 0.01479 1.79101 1.83138
2.30219 0.02000 2.27802 2.33300
2.79192 0.05757 2.73164 2.88646
3.76356 0.04648 3.71530 3.84589
2.78468 0.04700 2.71766 2.84484
2.04745 0.01716 2.02323 2.06729
2.47525 0.05225 2.40113 2.53882
3.01770 0.02044 2.99252 3.04713
3.94239 0.08069 3.83764 4.03824
3.62635 0.06083 3.56106 3.72062
1.15738 0.08410 1.01541 1.24723
