# avg	std	min	max
2.63508 0.03265 2.60294 2.68160
1.75132 0.00196 1.74952 1.75507
0.78352 0.00517 0.77610 0.79193
-0.33049 0.01249 -0.34374 -0.31366
-0.00255 0.00152 -0.00553 -0.00136
-0.15318 0.03874 -0.18984 -0.08784
0.14959 0.03975 0.09096 0.21561
0.38707 0.03597 0.35989 0.45810
5.69835 0.12410 5.61339 5.94435
2.13343 0.00198 2.13142 2.13630
2.12363 0.01155 2.10980 2.13744
2.10888 0.00546 2.09998 2.11473
0.21355 0.03938 0.16656 0.26795
2.32576 0.01304 2.30241 2.34214
1.37081 0.08077 1.20940 1.41590
2.80845 0.00781 2.79578 2.81554
1.36302 0.01271 1.34982 1.38235
0.74145 0.04490 0.66905 0.79029
0.99536 0.06230 0.89611 1.05543
1.66407 0.01236 1.65127 1.68416
2.37525 0.13612 2.25336 2.63361
2.66868 0.08214 2.61010 2.82576
-0.24771 0.10100 -0.36943 -0.10008
