# avg	std	min	max
1.94348 0.06856 1.83858 2.03526
0.95635 0.03199 0.89762 0.98527
0.60565 0.00497 0.60033 0.61208
-0.92230 0.01472 -0.94042 -0.90851
-0.00847 0.00941 -0.02050 -0.00046
-1.01513 0.07464 -1.10009 -0.90097
-1.15444 0.03987 -1.21861 -1.10526
-0.94096 0.00141 -0.94328 -0.93907
2.76208 0.23969 2.29037 2.95207
1.00975 0.03210 0.97274 1.05731
1.11088 0.00748 1.10704 1.12585
1.25018 0.00810 1.24484 1.26603
-0.81321 0.07106 -0.90420 -0.68915
1.30382 0.02496 1.28271 1.35233
-0.09433 0.02150 -0.12379 -0.06358
1.20397 0.01039 1.19374 1.22356
0.42348 0.02637 0.38646 0.45203
-0.16678 0.02033 -0.19207 -0.14099
0.34195 0.02020 0.30485 0.36434
0.75036 0.01049 0.74157 0.76557
1.01241 0.01029 1.00024 1.02586
0.66232 0.02488 0.62407 0.69869
-1.82238 0.08507 -1.99012 -1.75823
