# avg	std	min	max
2.71393 0.02170 2.67279 2.73233
1.62961 0.00429 1.62273 1.63446
0.82944 0.00743 0.81950 0.84018
-0.48078 0.03697 -0.51843 -0.41236
-0.00983 0.00814 -0.02443 -0.00344
-0.03878 0.10283 -0.20746 0.08305
0.50003 0.02268 0.47770 0.53424
0.33966 0.02641 0.31060 0.37740
0.25728 0.07224 0.19128 0.39789
2.59821 0.00520 2.59252 2.60626
1.75955 0.00869 1.74606 1.77043
1.71919 0.01954 1.70097 1.75698
0.52148 0.18112 0.25138 0.72144
1.62215 0.12259 1.37750 1.69773
1.16757 0.06772 1.11499 1.30099
1.71445 0.26267 1.57089 2.23928
0.25821 0.01208 0.23641 0.26866
1.01651 0.02419 0.99018 1.04544
1.32685 0.04305 1.26300 1.38661
1.70312 0.26236 1.23583 1.92038
2.05239 0.41480 1.80487 2.88059
2.16152 0.04700 2.10033 2.21513
-0.07173 0.38246 -0.81751 0.27144
