# avg	std	min	max
0.62413 0.01234 0.60477 0.64093
0.07891 0.00381 0.07482 0.08525
0.43031 0.00845 0.42047 0.44108
-0.09903 0.00301 -0.10136 -0.09318
0.00165 0.00313 -0.00078 0.00783
-0.43121 0.10786 -0.53144 -0.27306
-0.27265 0.02471 -0.31192 -0.23938
-0.32339 0.07792 -0.40766 -0.19512
3.70606 0.02829 3.66114 3.74929
0.18771 0.02047 0.16111 0.22431
0.03879 0.01798 0.00748 0.06345
0.86314 0.00028 0.86278 0.86361
-0.21175 0.02610 -0.25306 -0.18154
0.08895 0.00363 0.08709 0.09621
-0.07116 0.01414 -0.09066 -0.05477
0.43877 0.01567 0.40958 0.45458
0.07641 0.02280 0.06106 0.12119
-0.02639 0.01059 -0.04285 -0.01544
-0.17752 0.15883 -0.33910 0.09913
0.12912 0.01194 0.12151 0.15263
0.59677 0.00734 0.58535 0.60629
0.31457 0.01196 0.29907 0.33441
-0.38432 0.08677 -0.50640 -0.25245
