# avg	std	min	max
1.79014 0.03929 1.74430 1.84358
0.73474 0.00183 0.73204 0.73681
0.67950 0.00558 0.67658 0.69067
-0.48564 0.00537 -0.49059 -0.47566
-0.00052 0.00013 -0.00078 -0.00046
-0.22432 0.07166 -0.30447 -0.09950
-0.56365 0.00455 -0.56961 -0.55610
0.02358 0.01755 0.00028 0.05022
2.46161 0.02506 2.42914 2.48783
1.27275 0.00245 1.27011 1.27682
1.15349 0.00114 1.15147 1.15462
1.37754 0.00122 1.37571 1.37870
-0.46139 0.00266 -0.46519 -0.45747
1.32571 0.00209 1.32368 1.32848
-0.06577 0.00811 -0.07359 -0.05111
0.85527 0.00781 0.84289 0.86368
0.23929 0.01607 0.21249 0.25732
0.11497 0.04671 0.03539 0.15567
0.46991 0.02772 0.44424 0.52046
0.74885 0.01954 0.73292 0.78461
0.95281 0.00349 0.94969 0.95835
0.59447 0.00674 0.58718 0.60509
-0.87591 0.05971 -0.98706 -0.80756
