# avg	std	min	max
1.89653 0.01332 1.87143 1.90627
0.82987 0.00721 0.82080 0.84202
0.60454 0.00008 0.60445 0.60468
-0.22301 0.01817 -0.24605 -0.19006
0.00089 0.00079 -0.00005 0.00182
-0.22589 0.04176 -0.27964 -0.16537
0.09804 0.02572 0.05825 0.13389
0.11373 0.02334 0.08349 0.15523
3.42711 0.01790 3.39563 3.44567
1.24688 0.02671 1.21142 1.28454
0.44817 0.00802 0.43311 0.45655
1.44711 0.22902 0.99055 1.57814
0.19218 0.01471 0.17313 0.21024
0.60854 0.01366 0.58812 0.62712
0.26065 0.00714 0.24930 0.26840
1.07635 0.02431 1.04002 1.10822
0.20631 0.00705 0.19963 0.21626
0.31140 0.00717 0.30438 0.32406
0.56751 0.00989 0.55750 0.58158
0.35043 0.07262 0.24999 0.43711
1.13496 0.01468 1.11203 1.15283
0.63756 0.03261 0.60588 0.69517
-0.16739 0.05975 -0.25061 -0.06613
