# avg	std	min	max
2.26863 0.09041 2.16706 2.42178
1.23676 0.04624 1.16150 1.28849
0.93235 0.03118 0.89360 0.98081
-0.63271 0.03997 -0.68020 -0.57796
-0.04937 0.05664 -0.12359 0.01848
-0.56836 0.08161 -0.65142 -0.43231
0.53651 0.08259 0.45082 0.66432
0.16057 0.06852 0.05043 0.22942
1.19771 0.04415 1.15247 1.25699
1.25031 0.08054 1.14044 1.34509
0.79268 0.05455 0.71155 0.84651
1.39438 0.11908 1.23923 1.54610
0.55612 0.06383 0.46840 0.63827
1.76415 0.06308 1.66750 1.84077
0.85668 0.10038 0.71217 1.01230
1.82493 0.03932 1.78789 1.89551
0.84649 0.07719 0.74656 0.93700
0.44801 0.07220 0.33358 0.54061
0.81222 0.07175 0.69634 0.91049
1.57579 0.04266 1.50200 1.62171
1.66391 0.05642 1.57440 1.72548
2.33988 0.07262 2.20221 2.39856
0.33723 0.07952 0.25797 0.43549
