# avg	std	min	max
4.21415 0.07668 4.10286 4.32337
2.27873 0.08638 2.16586 2.40541
0.79032 0.10998 0.57795 0.88471
0.23546 0.07362 0.16250 0.37120
-0.00135 0.00493 -0.00874 0.00611
0.74303 0.05645 0.65690 0.80377
2.93394 0.48290 2.03498 3.48268
4.71699 2.23352 2.54290 7.61874
6.47616 0.07941 6.41275 6.62307
2.84753 0.08562 2.74845 3.00527
2.12150 0.05303 2.05244 2.21058
2.30123 0.07706 2.15791 2.37194
3.58723 1.04499 2.64967 5.46304
4.13204 0.38724 3.64666 4.50640
3.66769 0.34761 3.19077 4.27406
4.38061 0.50636 3.75248 4.87499
3.80289 0.23963 3.48050 4.03560
2.97008 0.47974 2.52758 3.86610
3.62500 0.04744 3.58744 3.71787
5.39246 1.29640 3.63861 7.24585
7.75908 0.69708 6.58284 8.65990
6.61170 0.32601 6.36942 7.24157
2.82544 0.86950 1.64722 4.26168
