# avg	std	min	max
4.19205 0.02182 4.15033 4.21113
2.83311 0.10905 2.66904 2.95242
0.79219 0.01373 0.76963 0.80850
1.51477 0.08022 1.42071 1.64480
-0.01449 0.01216 -0.03018 -0.00012
0.47045 0.02094 0.43885 0.50285
1.60891 0.03944 1.53304 1.64213
1.68225 0.09218 1.60475 1.85425
3.81472 0.30070 3.38664 4.11720
2.14244 0.27344 1.59921 2.31447
1.29371 0.18525 1.01310 1.55040
2.22203 0.09511 2.06739 2.32995
1.61484 0.14514 1.33804 1.73782
2.26209 0.27999 1.86147 2.66771
1.77581 0.08120 1.67669 1.91960
3.34537 0.02878 3.31813 3.39609
2.69000 0.08619 2.51902 2.74708
1.22070 0.07311 1.07877 1.27742
1.42162 0.05055 1.32261 1.46424
2.40639 0.03173 2.36624 2.46148
3.11414 0.16084 2.85846 3.35511
2.32421 0.06242 2.24777 2.41069
1.36591 0.05380 1.27447 1.43781
