# avg	std	min	max
2.53206 0.00000 2.53206 2.53206
1.40619 0.00000 1.40619 1.40619
0.11160 0.00265 0.10642 0.11382
0.16559 0.03500 0.11950 0.21852
0.00000 0.00000 0.00000 0.00000
-1.13763 0.04956 -1.19033 -1.07021
0.36616 0.44370 0.04635 1.23859
1.23521 0.20259 0.96886 1.40190
-0.53915 0.01258 -0.55372 -0.52382
2.49248 0.00091 2.49167 2.49389
1.52714 0.00178 1.52378 1.52898
1.52864 0.00116 1.52760 1.53085
0.87835 0.32380 0.44421 1.20072
2.13860 0.06382 2.09754 2.26536
1.20829 0.19272 1.02980 1.46665
1.17761 0.64788 0.76470 2.46092
1.29944 0.05923 1.22518 1.37017
1.06609 0.04503 1.03477 1.15514
1.01920 0.15467 0.80283 1.27848
1.99576 0.01758 1.97143 2.01076
2.24937 0.02488 2.20350 2.27432
1.32654 0.01631 1.30534 1.35079
0.74585 0.39253 -0.00732 1.12820
