# avg	std	min	max
1.33141 0.04154 1.25429 1.36224
0.58446 0.01018 0.57186 0.59584
0.73278 0.01262 0.70846 0.74306
0.06012 0.00309 0.05690 0.06601
-0.00142 0.00377 -0.00890 0.00126
-0.12651 0.02207 -0.15448 -0.09416
-0.22659 0.03488 -0.26336 -0.16964
-0.32781 0.03731 -0.36099 -0.28022
4.19257 0.09236 4.07665 4.27370
0.92797 0.01954 0.90581 0.95383
1.29045 0.02075 1.26301 1.32438
1.27575 0.00872 1.26709 1.29160
-0.13960 0.05334 -0.18401 -0.06841
0.85128 0.02543 0.82993 0.89772
0.58880 0.00330 0.58337 0.59195
0.94061 0.02417 0.91058 0.98364
0.40298 0.00920 0.39145 0.41434
0.17736 0.03070 0.13648 0.21475
-0.00023 0.10330 -0.10036 0.18831
0.81587 0.01020 0.80385 0.83482
1.08573 0.00962 1.07068 1.09839
0.73877 0.01218 0.71648 0.75104
-0.92371 0.24095 -1.26878 -0.67177
