# avg	std	min	max
2.13345 0.07894 2.01188 2.21748
0.61852 0.06943 0.53130 0.74395
-0.00187 0.07436 -0.08783 0.10802
-0.86679 0.11650 -1.09096 -0.77863
-0.61106 0.08277 -0.72098 -0.51382
-1.08402 0.10791 -1.18788 -0.89243
-0.12550 0.03262 -0.15302 -0.06254
-0.23482 0.14876 -0.45738 -0.06041
3.48252 0.27848 3.00831 3.76613
1.03504 0.14332 0.85892 1.28715
0.75027 0.06872 0.67678 0.87903
0.92210 0.07943 0.81830 1.06205
0.00708 0.13672 -0.23960 0.14962
0.63613 0.05643 0.56039 0.68349
0.40105 0.04845 0.32710 0.46736
1.27809 0.08450 1.14158 1.40687
0.33226 0.14442 0.06908 0.45842
-0.00384 0.02830 -0.04261 0.04343
0.37686 0.00637 0.36878 0.38507
0.51548 0.08546 0.40973 0.61945
1.45145 0.13424 1.29708 1.67073
0.80885 0.09497 0.68891 0.94804
-0.07155 0.24935 -0.30274 0.33572
