# avg	std	min	max
2.02383 0.07845 1.89960 2.10753
0.57181 0.02672 0.53389 0.60635
-0.44766 0.01541 -0.47602 -0.43432
-1.10823 0.13435 -1.33170 -0.97535
-1.31624 0.08917 -1.48855 -1.23323
-1.43705 0.06399 -1.53176 -1.35891
0.29881 0.30925 0.08212 0.90868
0.53222 0.08790 0.41894 0.63429
4.62930 0.13830 4.46653 4.87850
1.00516 0.03027 0.97464 1.05983
1.03027 0.04513 0.98869 1.10441
0.98491 0.03025 0.92870 1.01432
0.52062 0.15510 0.35609 0.80850
1.88935 0.11436 1.77329 2.10363
0.68723 0.06485 0.56415 0.74824
2.57431 0.14187 2.33917 2.77178
0.80832 0.04774 0.75157 0.87502
-0.01405 0.01755 -0.04796 -0.00041
0.51489 0.05430 0.45777 0.58862
3.15546 0.91233 1.54900 4.03750
2.07696 0.09470 1.96618 2.22368
2.04106 0.09290 1.91417 2.19240
-0.10775 0.17662 -0.44401 0.07700
