# avg	std	min	max
0.33939 0.02004 0.30726 0.36113
0.28723 0.00912 0.26986 0.29697
1.38347 0.00938 1.37528 1.40021
-0.10036 0.00794 -0.10706 -0.08702
0.77522 0.01051 0.76643 0.79526
-0.19386 0.05140 -0.25890 -0.13118
-0.18740 0.02749 -0.23392 -0.15494
0.08943 0.01511 0.05985 0.10280
1.81887 0.19682 1.57994 2.13943
0.32415 0.25410 0.00755 0.55101
1.76338 0.08906 1.62965 1.86884
0.59783 0.04839 0.54536 0.67195
-0.04599 0.04021 -0.07602 0.02864
-0.03640 0.02841 -0.06224 0.00559
0.21199 0.11412 -0.01483 0.29242
1.33109 0.05345 1.25708 1.40704
0.72416 0.03005 0.67679 0.77004
-0.01425 0.00154 -0.01732 -0.01348
0.32815 0.00853 0.31299 0.33598
-0.16017 0.00980 -0.17224 -0.14762
1.19667 0.06945 1.09853 1.25783
2.49859 0.07237 2.41829 2.59603
0.06989 0.10546 -0.09488 0.23234
