# avg	std	min	max
1.69683 0.09090 1.63853 1.87755
0.21111 0.00057 0.21013 0.21190
1.43415 0.56122 0.72969 1.91608
-0.51258 0.02369 -0.52514 -0.46520
0.44614 0.65443 0.05018 1.75207
-0.52771 0.01228 -0.55075 -0.51627
-0.63774 0.06604 -0.69967 -0.51844
-0.30613 0.10692 -0.43455 -0.11885
2.06415 0.05125 1.98685 2.11339
0.67914 0.02038 0.66509 0.71849
0.22219 0.00729 0.21284 0.23530
0.99889 0.01465 0.97365 1.01457
-0.91096 0.04936 -0.96359 -0.82221
0.64596 0.00315 0.64101 0.64992
0.45876 0.11379 0.24303 0.57320
1.38153 0.02592 1.33457 1.41248
0.41852 0.03654 0.35208 0.46099
-0.00695 0.00315 -0.01301 -0.00377
0.01511 0.09436 -0.10505 0.15619
0.41654 0.03732 0.37044 0.45064
1.29287 0.04951 1.22461 1.37675
2.22513 0.26529 1.70258 2.42229
-0.34613 0.17338 -0.49819 -0.03065
