# avg	std	min	max
0.19053 0.04862 0.13995 0.27053
0.17732 0.10727 0.07321 0.37422
0.50562 0.11672 0.39230 0.72744
0.31952 0.09439 0.20128 0.47645
0.25435 0.07633 0.18615 0.38286
0.10532 0.05718 0.00438 0.17081
0.33169 0.11742 0.21487 0.53097
0.30181 0.06132 0.21435 0.37733
-0.33964 0.02207 -0.37732 -0.31094
0.07780 0.03610 0.03629 0.13455
0.00050 0.15429 -0.21932 0.20687
0.35368 0.09141 0.26802 0.52985
0.35442 0.04497 0.30587 0.42518
0.23783 0.11572 0.10571 0.45177
0.00975 0.08955 -0.10061 0.13526
0.57152 0.02235 0.55085 0.61062
0.46721 0.03350 0.41833 0.51735
-0.02540 0.01753 -0.03417 0.00965
-0.27354 0.14271 -0.45221 -0.06955
0.37103 0.08534 0.24343 0.46840
0.78281 0.05754 0.71527 0.87189
1.04921 0.05318 0.97746 1.12310
0.36989 0.09142 0.27924 0.52641
