# avg	std	min	max
0.40828 0.03715 0.37617 0.45376
0.15043 0.00472 0.14663 0.15915
0.71456 0.00335 0.71189 0.72118
-0.05125 0.05657 -0.12164 0.02693
0.48500 0.01101 0.46962 0.50040
-0.22760 0.04700 -0.27421 -0.15047
0.04607 0.03319 0.01658 0.11051
-0.13999 0.03839 -0.19372 -0.08304
-0.93071 0.03378 -0.98430 -0.88081
0.44253 0.00640 0.43627 0.45085
0.66119 0.00606 0.65773 0.67328
0.60982 0.02747 0.59311 0.66389
0.03277 0.01916 0.01049 0.05857
0.52690 0.02396 0.50892 0.57419
-0.33993 0.01897 -0.35613 -0.31000
0.61416 0.06579 0.56865 0.74426
0.36025 0.03634 0.29776 0.40089
-0.00478 0.00000 -0.00478 -0.00478
-0.32997 0.07195 -0.40381 -0.20064
0.84202 0.04431 0.80488 0.91655
0.75068 0.05183 0.70420 0.84654
0.84843 0.02793 0.81405 0.88732
0.19495 0.04974 0.10378 0.25036
