# avg	std	min	max
0.11775 0.01653 0.10260 0.14841
-0.00849 0.01930 -0.02679 0.02390
0.05968 0.02069 0.03145 0.09052
-0.20346 0.01096 -0.21643 -0.19000
0.16867 0.04762 0.08988 0.24014
-0.20419 0.01548 -0.21747 -0.17526
-0.23742 0.01748 -0.26841 -0.21975
-0.14528 0.01473 -0.17097 -0.12600
-0.70342 0.01851 -0.72690 -0.67322
0.08400 0.03276 0.04847 0.14119
-0.04453 0.03745 -0.08425 0.02684
0.07403 0.01887 0.05511 0.10124
-0.04135 0.01769 -0.06674 -0.02485
0.01145 0.01067 -0.00975 0.01829
-0.63597 0.01480 -0.66274 -0.62166
-0.32499 0.01400 -0.34558 -0.30910
-0.32297 0.13844 -0.44642 -0.11923
-0.01556 0.01226 -0.02983 -0.00079
0.02983 0.16107 -0.13575 0.23047
0.31437 0.02852 0.28642 0.35448
-0.10528 0.01250 -0.12314 -0.09050
-0.07453 0.01323 -0.09215 -0.05331
-0.94386 0.08777 -1.10672 -0.86186
