# avg	std	min	max
0.67331 0.04574 0.63107 0.75970
0.23379 0.05305 0.15970 0.29878
0.63642 0.06893 0.56465 0.74093
-0.19938 0.03969 -0.25371 -0.15524
0.21094 0.07973 0.08252 0.30422
-0.70135 0.06906 -0.77530 -0.59470
-0.30770 0.05743 -0.37155 -0.20977
-0.58743 0.05237 -0.67407 -0.53819
1.78487 0.02199 1.75521 1.82203
0.32013 0.01257 0.30740 0.34320
0.35193 0.06955 0.22684 0.41303
0.37658 0.01571 0.35466 0.40375
-0.36143 0.13532 -0.48881 -0.11317
0.29992 0.05082 0.24472 0.39259
-0.08653 0.00945 -0.10287 -0.07719
0.76067 0.02719 0.72877 0.80318
0.34948 0.02131 0.30983 0.36807
-0.00692 0.01088 -0.01874 0.01336
0.10289 0.11561 -0.04826 0.24043
0.07706 0.06850 -0.01331 0.18676
0.58711 0.22742 0.14582 0.79094
1.23943 0.14387 1.02908 1.40805
-0.53604 0.11945 -0.68411 -0.34072
