# avg	std	min	max
1.07488 0.04245 1.01333 1.12949
0.95060 0.01783 0.92909 0.97478
1.16650 0.18203 0.93779 1.39092
-0.23012 0.11494 -0.33091 -0.01501
0.77162 0.02396 0.74506 0.80962
-0.13651 0.02087 -0.17219 -0.11108
-0.02776 0.07102 -0.11643 0.03436
-0.01216 0.09167 -0.11365 0.13347
1.29337 0.04249 1.24294 1.34882
1.09401 0.03178 1.03216 1.11423
0.91264 0.04690 0.85078 0.97259
0.71216 0.03487 0.66342 0.77009
-0.00084 0.04830 -0.08387 0.04703
0.13223 0.08539 0.03121 0.27678
0.09556 0.02485 0.05904 0.13087
0.93933 0.06194 0.88507 1.05105
0.89026 0.04255 0.83911 0.96158
-0.01286 0.00177 -0.01640 -0.01198
0.26598 0.25611 -0.11038 0.51246
0.28701 0.05164 0.18621 0.32692
1.45869 0.01962 1.42691 1.47909
1.03892 0.07856 0.94396 1.11804
-0.18262 0.07905 -0.30195 -0.06619
