# avg	std	min	max
3.30228 0.19621 3.05127 3.50362
1.55552 0.12288 1.41955 1.76629
0.23334 0.16652 0.13017 0.56362
-0.22061 0.08528 -0.35537 -0.14861
-0.86317 0.06566 -0.99191 -0.80761
-1.52280 0.16136 -1.76429 -1.26908
5.81648 0.93639 4.95515 7.31917
1.82673 0.68632 1.21828 3.04871
3.68485 0.14045 3.49956 3.85668
2.22679 0.17707 2.05209 2.50960
1.60103 0.11763 1.40527 1.74236
1.78788 0.14535 1.56937 2.00380
8.59275 0.82656 7.89841 10.18170
3.32970 0.11149 3.17050 3.45052
1.06705 0.08374 0.96546 1.18994
4.83081 0.12348 4.63333 4.96641
2.90664 0.13415 2.73645 3.05511
-0.04881 0.03944 -0.08407 0.01837
0.68726 0.81317 -0.81844 1.44340
4.62708 0.24782 4.41191 4.97689
7.04655 0.16119 6.86525 7.32523
7.35204 0.08258 7.20324 7.45218
26.05516 1.26974 23.75970 27.52790
