# avg	std	min	max
0.59193 0.05341 0.49304 0.64701
0.48263 0.06175 0.38292 0.56683
0.62692 0.09317 0.49545 0.74262
-0.09315 0.04684 -0.16397 -0.03313
0.21852 0.07490 0.11926 0.29382
-0.49270 0.07578 -0.64149 -0.42830
-0.16825 0.06378 -0.24039 -0.04845
-0.23543 0.28362 -0.50326 0.21740
3.25587 0.06621 3.17982 3.33963
0.05155 0.04630 -0.00921 0.12451
0.51370 0.04682 0.44632 0.57409
0.39393 0.03847 0.33186 0.44890
0.12055 0.04506 0.06537 0.18469
0.03797 0.13578 -0.08258 0.29223
0.32936 0.07826 0.21077 0.44479
0.68322 0.03277 0.63555 0.72979
0.03367 0.05913 -0.02080 0.13423
-0.08957 0.05939 -0.17716 -0.03252
0.29127 0.06774 0.20020 0.37073
-0.03801 0.10816 -0.19512 0.06514
0.28964 0.17502 0.07476 0.50893
1.14401 0.09879 0.98146 1.25529
-0.52960 0.43072 -1.38433 -0.23958
