# avg	std	min	max
0.90329 0.00763 0.89086 0.91243
0.07044 0.00243 0.06677 0.07350
0.59462 0.00335 0.58956 0.59978
0.14142 0.00768 0.12621 0.14725
0.18036 0.00692 0.17284 0.19348
-0.03183 0.03132 -0.08330 -0.00196
0.34890 0.00246 0.34618 0.35297
0.02038 0.08536 -0.15032 0.06432
1.38657 0.09641 1.21633 1.47433
0.14194 0.00891 0.13093 0.15440
0.60658 0.00209 0.60481 0.60985
0.92728 0.01535 0.91097 0.95583
0.39598 0.00677 0.38780 0.40803
0.71601 0.01018 0.69743 0.72660
0.06793 0.03922 -0.01049 0.08952
0.28624 0.00298 0.28285 0.29031
-0.25213 0.00298 -0.25752 -0.24946
-0.01326 0.00000 -0.01326 -0.01326
0.42030 0.08218 0.27368 0.52041
0.82213 0.01732 0.80292 0.84573
0.34291 0.00956 0.33457 0.36048
0.36717 0.06794 0.28694 0.45467
-0.55251 0.07151 -0.64677 -0.45451
