# avg	std	min	max
0.56741 0.00440 0.56382 0.57322
0.87768 0.04136 0.80428 0.91785
0.80651 0.06839 0.69889 0.86514
0.62975 0.14749 0.43541 0.89159
0.57455 0.03189 0.52858 0.60499
0.65386 0.16667 0.42301 0.94129
0.56272 0.03040 0.51315 0.60845
0.82412 0.12232 0.71553 1.06292
2.16411 0.06078 2.05476 2.22280
1.04291 0.09228 0.95076 1.21936
0.68041 0.04390 0.63383 0.74543
1.96343 0.11045 1.87755 2.17736
0.74200 0.11682 0.57917 0.91173
0.72092 0.00615 0.71756 0.73321
0.42098 0.13508 0.34430 0.69068
1.09719 0.13358 0.95302 1.30360
0.77744 0.03129 0.73717 0.81734
-0.05835 0.06328 -0.15861 0.01596
-0.27150 0.16271 -0.53213 -0.02532
0.47987 0.07715 0.39684 0.60074
1.32552 0.06397 1.22737 1.41258
1.28220 0.14434 1.09509 1.48254
0.74887 0.09043 0.63618 0.89813
