# avg	std	min	max
1.08680 0.33067 0.67288 1.47629
0.39168 0.33324 -0.06437 0.82771
0.11342 0.26993 -0.18983 0.51238
-0.45802 0.18767 -0.78850 -0.21900
-0.31083 0.18649 -0.61578 -0.10716
-0.61700 0.37185 -1.03208 -0.04812
-0.56264 0.22561 -1.00208 -0.37800
-0.14206 0.14336 -0.30096 0.05308
-1.61668 0.26608 -1.98553 -1.31761
1.07747 0.19043 0.84994 1.37036
0.82761 0.17193 0.51514 0.99795
0.76850 0.17733 0.54234 1.00408
-0.19833 0.26881 -0.55953 0.23011
0.33097 0.43923 -0.25877 0.86192
0.07929 0.23347 -0.11969 0.52672
-0.90799 0.44843 -1.29305 -0.08273
-0.95104 0.15780 -1.13444 -0.72245
-0.06710 0.12813 -0.21939 0.14144
-0.23242 0.39656 -0.68037 0.35172
0.44562 0.15998 0.32511 0.75930
-0.65504 0.32247 -1.27310 -0.33020
-0.26494 0.16566 -0.41112 -0.03998
-0.10656 0.23758 -0.55150 0.15297
