# avg	std	min	max
3.16174 0.04121 3.11641 3.22914
2.45337 0.04591 2.36639 2.50120
1.67543 0.01221 1.65954 1.69556
-0.00806 0.01026 -0.02699 -0.00000
1.50429 0.03847 1.45972 1.57265
-0.51948 0.04433 -0.57577 -0.45417
0.23826 0.67941 -0.55164 1.24060
4.30684 2.19293 1.26982 7.71451
0.79612 0.03993 0.75811 0.85813
2.65217 0.02891 2.61481 2.70100
2.19409 0.02881 2.15757 2.23933
2.71137 0.00887 2.69873 2.72159
0.75187 0.76679 -0.15744 1.79576
3.48067 0.05953 3.39042 3.56648
2.10600 0.01315 2.08317 2.12306
3.21728 0.72376 1.77094 3.61662
2.43602 0.01479 2.41777 2.45906
0.85379 0.86949 -0.07931 2.45851
2.83033 0.17190 2.70051 3.16294
2.92230 0.23477 2.56472 3.25998
5.31980 0.60152 4.13180 5.74266
4.07735 0.94210 2.77069 5.06826
0.84737 0.27057 0.55216 1.23270
