# avg	std	min	max
2.65719 0.02033 2.63482 2.69483
2.00665 0.01578 1.99101 2.02743
0.85288 0.03636 0.80782 0.89995
-0.01217 0.01147 -0.02791 0.00792
-0.09573 0.01271 -0.10408 -0.07051
0.75637 0.12151 0.67624 0.99796
1.68296 0.03747 1.62386 1.73213
1.93153 0.03923 1.90335 2.00501
4.14330 0.19280 3.78484 4.37027
2.22256 0.02637 2.17633 2.25865
1.29614 0.01613 1.27555 1.32378
1.46439 0.01308 1.44576 1.48057
1.79935 0.04194 1.75349 1.86705
0.97082 0.08638 0.87547 1.09889
1.02279 0.25112 0.63089 1.39904
2.28648 0.02786 2.25346 2.33396
1.29877 0.02988 1.25966 1.34893
0.84085 0.06171 0.74642 0.91372
1.03274 0.09938 0.87522 1.15641
2.06685 0.03699 2.00277 2.10159
1.81211 0.02142 1.78159 1.83707
1.34794 0.01374 1.32737 1.36792
1.41226 0.06757 1.29666 1.49220
