# avg	std	min	max
3.80197 0.02697 3.77427 3.84753
2.36649 0.02937 2.32602 2.40318
1.95043 0.11597 1.74438 2.09512
-0.02479 0.05836 -0.09873 0.06771
0.89136 0.08985 0.77909 1.00909
-0.50349 0.09222 -0.67373 -0.41424
0.37053 0.09097 0.22274 0.48818
0.60158 0.09342 0.49371 0.73533
4.52336 0.07153 4.40918 4.61820
2.68790 0.03645 2.63000 2.72687
2.13962 0.07033 2.03985 2.22772
2.49014 0.09340 2.37015 2.64024
0.65170 0.04128 0.57013 0.67742
2.08454 0.09575 1.97046 2.21896
2.17023 0.08227 2.09759 2.32354
3.24967 0.08829 3.07855 3.31275
2.29093 0.02939 2.26123 2.34324
1.54235 0.09875 1.38488 1.65813
1.95244 0.18824 1.59486 2.13026
1.53132 0.08888 1.39684 1.60477
4.03064 0.03780 3.98602 4.08884
4.07538 0.06917 4.01383 4.20389
-0.03249 0.12671 -0.18487 0.13503
