# avg	std	min	max
0.91372 0.01870 0.89041 0.93969
0.13354 0.02515 0.10498 0.17955
0.63071 0.00720 0.62174 0.64344
-0.01691 0.01035 -0.03045 0.00028
0.07921 0.01275 0.06246 0.09433
-0.81820 0.02337 -0.84095 -0.77877
-0.21583 0.01086 -0.22643 -0.19748
-0.50683 0.13647 -0.72567 -0.35219
2.98382 0.14028 2.78494 3.10246
0.14263 0.00620 0.13663 0.15255
0.53508 0.00954 0.52343 0.54906
0.75115 0.08049 0.69095 0.90973
-0.18084 0.03488 -0.23281 -0.13219
0.34236 0.01151 0.32568 0.35765
0.08022 0.01792 0.05936 0.11105
0.48597 0.01340 0.46660 0.50683
0.14165 0.01194 0.12471 0.15974
-0.24349 0.04514 -0.29667 -0.16940
-0.28092 0.08114 -0.37502 -0.14690
0.50208 0.00921 0.49069 0.51724
0.57221 0.01695 0.55338 0.60294
0.62569 0.01650 0.60065 0.64937
-0.37172 0.04071 -0.44952 -0.33727
