# avg	std	min	max
4.63545 0.03719 4.57698 4.67338
2.85850 0.00853 2.84504 2.86705
2.52288 0.11228 2.41569 2.72510
-0.01081 0.01536 -0.02934 0.00808
1.60991 0.21901 1.25706 1.86850
0.16923 0.03420 0.12189 0.20366
0.09829 0.35550 -0.50431 0.44288
1.03436 0.34122 0.36006 1.28725
5.65419 0.13597 5.42984 5.84695
3.31599 0.02890 3.26619 3.35199
2.15185 0.00841 2.14102 2.16527
2.91418 0.01793 2.88346 2.93755
0.91009 0.06833 0.80330 0.98867
2.64832 0.00715 2.63934 2.65825
2.43237 0.03389 2.40887 2.49935
2.60525 0.24690 2.39189 2.90974
1.72036 0.19788 1.57258 2.08922
3.31927 0.02893 3.26734 3.35608
3.52200 0.03825 3.48145 3.57885
2.15512 0.01319 2.13482 2.17487
4.15636 0.82856 3.01275 4.95828
6.18315 0.16288 6.02323 6.39026
2.47801 1.39225 -0.24115 3.69574
