# avg	std	min	max
3.66413 0.05507 3.57307 3.71911
1.94385 0.01406 1.92578 1.96081
2.14420 0.08696 2.05054 2.25609
-0.03605 0.03228 -0.07989 0.01453
1.74526 0.63370 0.95696 2.48343
0.58967 0.02489 0.55496 0.62209
1.26264 0.49587 0.42913 1.94152
1.37982 0.49367 0.77302 2.21678
8.18002 0.69982 7.01008 9.16168
3.08309 0.12561 2.86474 3.23013
4.10613 0.46310 3.35104 4.59034
2.21565 0.12230 1.98004 2.32720
1.63947 0.23565 1.32762 1.97253
3.21459 0.05565 3.11105 3.27707
2.41986 0.43460 1.99353 3.15526
4.20102 0.12859 4.03795 4.38028
3.15603 0.22225 3.00852 3.59511
2.29682 0.21989 2.07135 2.68321
2.58661 0.15511 2.33771 2.75323
2.81744 0.15119 2.53689 2.99176
5.17232 0.17411 4.86386 5.35873
8.69823 1.48708 7.48123 11.59360
0.89278 0.42774 0.14448 1.43399
