# avg	std	min	max
2.81934 0.00704 2.81263 2.82888
1.87449 0.09369 1.70547 1.96138
1.65154 0.00899 1.63421 1.65888
0.02067 0.07137 -0.09129 0.10027
0.48447 0.02205 0.44608 0.51135
0.14797 0.03854 0.07738 0.19262
0.28356 0.01380 0.26033 0.29850
0.65238 0.06093 0.56176 0.75136
4.20192 0.04402 4.13970 4.27366
1.94772 0.05755 1.83324 1.98592
2.00569 0.02469 1.97919 2.03589
2.14796 0.03253 2.09074 2.18408
0.58721 0.04778 0.49585 0.63311
1.36564 0.03223 1.30810 1.40006
1.41629 0.04810 1.32830 1.47080
2.24852 0.04871 2.16524 2.31023
1.34360 0.03726 1.27586 1.38749
0.90037 0.03529 0.85335 0.96095
1.38133 0.04734 1.31881 1.43167
1.46343 0.14732 1.31149 1.68012
1.94450 0.04547 1.87084 1.99453
2.40193 0.05417 2.32605 2.47837
0.00096 0.12987 -0.21297 0.15140
