# avg	std	min	max
2.14998 0.03369 2.10046 2.20414
1.09836 0.03892 1.07312 1.17475
1.70536 0.29456 1.12032 1.88771
-0.00196 0.00070 -0.00260 -0.00061
0.87064 0.38712 0.50877 1.42737
-0.38220 0.10050 -0.47990 -0.20819
-0.17954 0.00146 -0.18183 -0.17779
0.52925 0.39015 -0.15888 0.99631
4.44389 0.32806 4.20909 5.09248
1.54847 0.03975 1.50874 1.62122
1.67008 0.04115 1.64025 1.75178
1.61899 0.01559 1.60536 1.63851
0.51142 0.36178 0.07903 0.92020
0.98241 0.03561 0.96005 1.05296
0.94485 0.01085 0.93528 0.96516
1.55646 0.01286 1.54860 1.58205
0.54980 0.03561 0.51048 0.60367
0.69625 0.02539 0.64563 0.71272
1.19649 0.02951 1.16871 1.25228
1.15264 0.07532 1.06436 1.24390
0.95563 0.07482 0.87721 1.04634
1.95199 0.25193 1.69378 2.36484
1.89369 1.03563 0.44317 3.47055
