# avg	std	min	max
4.76868 0.05815 4.71018 4.86889
2.97333 0.02695 2.94812 3.00856
1.12681 0.01628 1.10702 1.15300
-0.01734 0.01003 -0.03287 -0.00662
0.14619 0.06030 0.09814 0.26520
0.09540 0.07388 -0.03440 0.18528
3.03745 1.54743 1.32113 5.27850
4.76514 1.30670 3.16868 6.46405
5.73713 0.13569 5.56510 5.95012
3.46364 0.06528 3.37844 3.54412
3.21067 0.07028 3.13777 3.34506
3.18739 0.01860 3.15785 3.21546
3.90266 1.11700 2.91812 5.68709
3.30346 0.48260 2.45151 3.76313
2.53282 0.42633 2.04504 3.06605
3.48644 0.19150 3.14642 3.71290
2.73845 0.31482 2.33883 3.13806
3.12705 0.02916 3.09140 3.18060
3.46442 0.40198 2.69319 3.79818
4.96907 0.87185 4.20687 6.58137
5.69225 0.26615 5.38632 6.05374
7.15860 0.52975 6.60434 7.99436
4.39010 1.21113 2.41341 5.99235
