# avg	std	min	max
4.18250 0.09841 4.02858 4.30442
2.95809 0.14418 2.78339 3.19465
2.34521 0.02183 2.31962 2.37357
-0.01456 0.01851 -0.04901 0.00081
1.11110 0.03782 1.08068 1.18478
-0.23857 0.09257 -0.34229 -0.07071
1.98395 0.04034 1.92161 2.04894
2.37711 0.04505 2.30714 2.44050
6.26898 0.02389 6.22524 6.29062
3.24562 0.09210 3.10878 3.35344
2.98703 0.08565 2.87012 3.11919
3.06227 0.01434 3.04492 3.08360
2.08576 0.04026 2.02833 2.13641
2.59406 0.03675 2.54611 2.64145
2.32964 0.14779 2.20734 2.58382
4.33426 0.03547 4.29481 4.37767
3.23129 0.03913 3.17442 3.28710
2.24570 0.06283 2.18417 2.35595
2.60413 0.04790 2.52303 2.66277
3.47943 0.03636 3.41393 3.51933
4.73131 0.08895 4.62496 4.84107
6.35302 0.02991 6.30726 6.39325
1.71528 0.02217 1.69051 1.74777
