# avg	std	min	max
0.18147 0.00000 0.18147 0.18147
0.26981 0.00355 0.26803 0.27690
0.40697 0.00697 0.40346 0.42091
-0.00493 0.05706 -0.09399 0.08605
0.41280 0.03716 0.39002 0.48667
0.23209 0.07209 0.10643 0.30428
0.07995 0.02355 0.05740 0.11330
0.01440 0.06966 -0.07540 0.13850
-0.62770 0.00148 -0.63061 -0.62653
0.06268 0.00608 0.05879 0.07450
0.35834 0.00026 0.35801 0.35867
0.36154 0.00967 0.35634 0.38088
0.07931 0.06250 -0.01080 0.15387
-0.04104 0.03020 -0.07170 0.01023
-0.00212 0.05651 -0.03768 0.10952
-0.11779 0.00506 -0.12462 -0.11121
0.21714 0.03816 0.19453 0.29331
-0.03559 0.00759 -0.04734 -0.02607
-0.05146 0.05297 -0.12699 0.03370
0.33551 0.01211 0.31165 0.34367
0.25014 0.03422 0.22975 0.31812
0.46304 0.05547 0.43370 0.57394
-0.16841 0.04397 -0.24782 -0.12264
