# avg	std	min	max
4.64478 0.05847 4.52840 4.68242
3.11500 0.04636 3.04430 3.18706
2.39881 0.08582 2.29508 2.51021
-0.02451 0.01870 -0.04931 -0.00067
1.50061 0.14211 1.37014 1.76256
-0.16177 0.11784 -0.30730 -0.01572
0.69087 0.29642 0.51077 1.28123
0.32256 0.17471 -0.01741 0.47028
7.69487 0.08715 7.53211 7.76619
3.56456 0.08966 3.39070 3.64159
2.62385 0.04398 2.58141 2.70158
3.21112 0.03381 3.18159 3.26980
2.98720 0.17868 2.83690 3.33748
3.34252 0.30180 3.11926 3.93191
2.95623 0.06800 2.87275 3.02597
4.14900 0.03270 4.08478 4.17428
3.48118 0.01601 3.46016 3.49807
2.65976 0.02622 2.62402 2.70524
2.77793 0.05826 2.67433 2.83070
1.81078 0.03893 1.74691 1.86227
6.10719 0.01294 6.09055 6.12260
7.07976 0.45899 6.47575 7.74350
6.01058 2.20226 2.84404 9.21903
