# avg	std	min	max
2.78223 0.04686 2.72179 2.83915
1.24212 0.01999 1.20579 1.25852
0.88614 0.02591 0.86243 0.92823
-0.00954 0.01445 -0.03740 0.00298
0.04965 0.01334 0.03700 0.07230
-0.06051 0.06824 -0.14925 0.04126
0.35958 0.06233 0.29317 0.45771
0.75102 0.04331 0.71668 0.83200
4.70851 0.15296 4.53235 4.94023
2.67610 0.01639 2.66019 2.69906
1.88049 0.02231 1.85832 1.91495
2.00134 0.02849 1.95260 2.03239
0.87476 0.15299 0.61629 1.08281
1.31634 0.01381 1.30400 1.34306
1.23115 0.03174 1.19134 1.28295
1.80030 0.04558 1.74753 1.88349
0.81991 0.01103 0.80776 0.83474
0.50257 0.03141 0.46760 0.54635
1.02820 0.02851 0.99020 1.06436
1.01594 0.01198 0.99922 1.03020
1.90872 0.05551 1.84950 1.98458
1.71567 0.03575 1.67807 1.78377
0.20312 0.09735 0.04108 0.29083
