# avg	std	min	max
3.48743 0.07102 3.38895 3.55274
2.14658 0.02530 2.10907 2.18071
0.84555 0.05120 0.79190 0.91911
-0.00953 0.00737 -0.01582 0.00000
1.13776 0.26471 0.84054 1.57944
0.05749 0.08182 -0.09196 0.12615
0.70062 0.18234 0.56443 1.05324
1.04583 0.16464 0.86487 1.29586
6.07019 0.12190 5.98045 6.30794
2.51037 0.12785 2.38081 2.73740
2.42058 0.06688 2.33678 2.52572
2.30777 0.34931 2.04141 2.99376
0.92109 0.02581 0.87887 0.95500
2.08668 0.24757 1.81334 2.45166
2.29620 0.06422 2.18047 2.37391
3.39991 0.04289 3.35036 3.46456
2.59840 0.32234 2.30982 3.22700
1.72315 0.05015 1.62389 1.75748
2.02969 0.02002 1.99909 2.05667
2.68667 0.24747 2.52208 3.17972
4.26278 0.05282 4.21436 4.36329
4.97710 0.18272 4.79876 5.30891
0.20399 0.13198 -0.02861 0.34071
