# avg	std	min	max
1.94808 0.03491 1.90741 2.00655
0.82844 0.03843 0.78548 0.88144
0.97889 0.05401 0.93641 1.08321
-0.00000 0.00000 -0.00000 -0.00000
0.43237 0.01849 0.41162 0.46283
-0.50003 0.05432 -0.57520 -0.42811
0.15740 0.00216 0.15418 0.16019
0.15255 0.00269 0.14991 0.15750
3.34240 0.17499 3.14730 3.57645
1.10112 0.02916 1.06599 1.14714
1.44528 0.00773 1.43473 1.45587
1.49753 0.01660 1.46434 1.50653
0.23105 0.00554 0.22534 0.24030
1.08307 0.01846 1.05889 1.11047
0.23486 0.00475 0.22864 0.24135
1.18682 0.01799 1.16636 1.21153
0.74840 0.01881 0.72620 0.77853
0.42324 0.03032 0.37002 0.46054
0.41061 0.15400 0.18461 0.66570
1.16540 0.00609 1.15762 1.17364
1.15928 0.07248 1.07868 1.28641
0.99185 0.03755 0.94100 1.03584
-0.06489 0.03423 -0.11007 -0.02405
