# avg	std	min	max
2.10580 0.02768 2.05547 2.13851
1.20811 0.08544 1.12652 1.32026
1.11492 0.02802 1.07957 1.14607
-0.00237 0.00247 -0.00523 0.00093
0.23446 0.01422 0.21631 0.25577
-0.00690 0.16873 -0.32624 0.16747
0.54455 0.03564 0.51574 0.60552
0.12638 0.01464 0.09953 0.14118
4.26374 0.02343 4.22104 4.28411
1.22718 0.04532 1.18138 1.30429
1.46702 0.08818 1.29076 1.51663
1.72917 0.04577 1.66633 1.76844
0.59374 0.02356 0.58070 0.64079
1.41986 0.00533 1.41449 1.42767
0.81151 0.00362 0.80638 0.81602
1.53850 0.09582 1.41548 1.62154
0.87645 0.01349 0.85981 0.89617
0.67172 0.02724 0.62721 0.70207
1.00108 0.01901 0.97310 1.02155
1.25282 0.01425 1.24327 1.28116
1.44683 0.02816 1.39306 1.47507
1.65086 0.05696 1.55877 1.73798
0.24953 0.12500 0.01167 0.35912
