# avg	std	min	max
3.89864 0.08536 3.78642 3.98865
2.44109 0.05490 2.38343 2.54506
1.91683 0.03873 1.85947 1.96149
0.38379 0.07260 0.34240 0.52880
1.20389 0.03716 1.15023 1.24797
-0.04630 0.07923 -0.14029 0.09412
1.38335 0.06191 1.30716 1.48127
0.38839 0.07151 0.29729 0.51330
6.63976 0.12866 6.51143 6.86246
3.36553 0.01180 3.34731 3.38289
2.02388 0.05204 1.97749 2.10396
2.54523 0.13130 2.43956 2.80360
1.33821 0.03287 1.29622 1.38806
2.07354 0.03942 2.01606 2.13409
1.60312 0.02784 1.55448 1.62534
3.93314 0.04230 3.88977 3.99936
2.84548 0.09813 2.68563 2.93761
1.29557 0.09677 1.21518 1.48221
1.29496 0.03362 1.25513 1.33974
1.88084 0.02581 1.86203 1.93082
4.45052 0.08503 4.32590 4.52971
4.31079 0.06150 4.20559 4.36991
1.44208 0.09695 1.33160 1.59902
