# avg	std	min	max
3.20467 0.03996 3.14344 3.26623
2.37497 0.03870 2.32790 2.44242
1.97610 0.04235 1.90165 2.02371
0.44227 0.07868 0.36520 0.56491
0.87518 0.04460 0.80267 0.94218
-0.00136 0.00000 -0.00136 -0.00136
2.23821 0.13675 1.99087 2.39646
1.80358 0.04048 1.74330 1.85947
5.50178 0.04221 5.43844 5.56339
2.36659 0.02670 2.32630 2.40910
2.12519 0.02716 2.09504 2.16561
2.69836 0.02085 2.66015 2.71771
2.08508 0.06116 2.02031 2.16915
2.53854 0.03672 2.49636 2.58047
1.91975 0.02445 1.88996 1.94726
3.07598 0.03823 3.04094 3.14726
2.31621 0.03095 2.28448 2.37350
1.62974 0.03449 1.57999 1.68618
1.99106 0.05636 1.90421 2.05587
2.84163 0.08910 2.70353 2.95471
3.06117 0.04808 2.99679 3.14124
4.00059 0.03680 3.95904 4.06698
1.42761 0.28668 1.00134 1.90254
