# avg	std	min	max
3.74304 0.01804 3.72609 3.77707
2.59528 0.06139 2.54551 2.71151
0.61879 0.02903 0.59723 0.67448
0.74258 0.03893 0.69601 0.80321
0.24347 0.03754 0.21042 0.31530
-0.02984 0.04081 -0.09484 0.02405
3.66985 0.89844 2.52709 4.67004
8.41809 0.86237 7.06337 9.73204
3.02050 0.11665 2.89798 3.16516
3.36472 0.03360 3.34212 3.43112
1.72578 0.08094 1.59716 1.82532
1.89144 0.01553 1.87366 1.91813
3.78724 1.03938 2.44811 5.00276
2.70825 0.05203 2.64846 2.78593
1.73018 0.01715 1.71641 1.76329
2.91824 0.04643 2.85864 2.99383
2.99198 0.03064 2.95463 3.02835
3.34684 0.40750 2.56090 3.71015
3.16240 0.04938 3.07541 3.20635
3.33564 0.21978 3.07699 3.62556
5.36025 0.18732 5.13320 5.60646
5.17192 0.15560 4.92012 5.31997
10.30993 2.25257 6.90855 12.90980
