# avg	std	min	max
5.25426 0.02974 5.21215 5.29134
3.80326 0.08045 3.64917 3.86939
2.44407 0.02509 2.42796 2.49392
0.89717 0.22900 0.63451 1.18505
1.01469 0.06231 0.91018 1.07520
-0.02447 0.02120 -0.06052 0.00000
-0.35844 0.03640 -0.42888 -0.32613
-1.25842 0.27753 -1.67480 -0.95857
7.51796 0.04309 7.47261 7.59808
4.19939 0.03812 4.13716 4.25693
3.85834 0.04609 3.79635 3.91718
3.83136 0.03408 3.78005 3.86257
1.22616 0.22901 0.84287 1.41411
4.41699 0.03973 4.37498 4.47374
2.91157 0.35413 2.59948 3.34834
4.96531 0.01279 4.94620 4.98399
2.79431 0.13197 2.68006 3.04110
3.35344 0.22542 3.06320 3.66999
4.53407 0.38901 3.80182 4.87154
3.19387 0.03309 3.15232 3.23260
6.25153 0.16580 5.99072 6.44383
8.19755 0.12441 8.02610 8.32488
11.53628 1.01311 10.76190 13.53660
