# avg	std	min	max
2.12499 0.02964 2.09771 2.16561
1.99681 0.01552 1.97164 2.01478
2.61757 0.03160 2.57616 2.64843
1.05446 0.05284 1.01056 1.15584
2.18270 0.02546 2.15389 2.22275
-0.05420 0.02195 -0.09378 -0.03482
0.69062 0.00922 0.67794 0.70321
0.16476 0.01019 0.15032 0.17748
3.89708 0.08174 3.78726 4.01978
2.18564 0.02337 2.14905 2.21756
1.68289 0.00596 1.67619 1.69238
2.32201 0.00874 2.31142 2.33714
0.76327 0.00957 0.74967 0.77445
2.21145 0.02703 2.18445 2.24798
1.19093 0.03279 1.16360 1.25409
2.21915 0.01491 2.19959 2.23586
1.67026 0.01435 1.65438 1.69107
1.10957 0.05687 1.05238 1.18724
1.29033 0.02789 1.24565 1.31989
1.93156 0.02775 1.91291 1.98660
2.27605 0.01833 2.25638 2.30990
3.09952 0.01580 3.08199 3.12232
0.57037 0.02832 0.54710 0.62524
