# avg	std	min	max
2.58971 0.01111 2.56921 2.59880
1.26676 0.02903 1.24851 1.32470
1.58626 0.35066 1.30508 2.27533
-0.08727 0.01971 -0.12661 -0.07584
0.67534 0.04266 0.62520 0.74488
-0.00176 0.00000 -0.00176 -0.00176
0.33103 0.00255 0.32615 0.33306
0.28121 0.01815 0.25285 0.30382
4.59140 0.03761 4.54366 4.64255
1.62459 0.05200 1.55475 1.69965
2.61725 0.03808 2.57637 2.68845
1.85118 0.03349 1.82684 1.91734
0.35856 0.01351 0.33521 0.36996
1.37221 0.03505 1.34460 1.44142
1.28411 0.02494 1.24946 1.32417
2.12038 0.10683 1.98555 2.27395
1.33205 0.01321 1.30851 1.34890
0.42856 0.04049 0.35924 0.47243
0.62788 0.06428 0.57582 0.75208
1.14115 0.03409 1.10681 1.20451
1.57166 0.18547 1.30346 1.79766
4.14146 0.18622 3.86395 4.35847
0.22211 0.02115 0.18241 0.24367
