# avg	std	min	max
0.52746 0.00033 0.52712 0.52803
0.44079 0.00240 0.43959 0.44558
0.67345 0.04416 0.63900 0.76060
0.43254 0.00079 0.43150 0.43328
0.48465 0.06021 0.41469 0.56140
0.44935 0.08717 0.33890 0.54734
0.61558 0.02539 0.57824 0.64976
0.63496 0.00496 0.62999 0.64447
1.08121 0.00406 1.07621 1.08587
0.06648 0.19230 -0.11804 0.29909
1.11193 0.08119 1.00309 1.19919
0.66781 0.00194 0.66515 0.67121
0.59117 0.00472 0.58325 0.59776
0.00143 0.00294 -0.00010 0.00732
0.42201 0.05488 0.33004 0.46907
0.08658 0.00625 0.08342 0.09909
0.35449 0.04352 0.29164 0.42828
0.48093 0.02473 0.43499 0.50187
0.29548 0.05242 0.19248 0.33788
0.71068 0.02549 0.66336 0.73424
0.67799 0.28630 0.29535 0.91342
0.52442 0.07991 0.41867 0.65064
0.60453 0.01716 0.58650 0.63556
