# avg	std	min	max
-1.13411 0.01070 -1.14520 -1.12032
0.27704 0.00040 0.27669 0.27769
2.67991 0.02077 2.64157 2.70393
1.34311 0.02134 1.31870 1.37907
2.55920 0.05529 2.50634 2.66257
1.05427 0.01952 1.03645 1.08966
1.04322 0.00511 1.03830 1.05049
1.01343 0.02763 0.96482 1.04178
3.05063 0.01062 3.03567 3.06081
-0.02355 0.00030 -0.02388 -0.02298
1.93199 0.00117 1.93040 1.93345
1.31155 0.00554 1.30356 1.31729
1.11096 0.01347 1.08986 1.12462
-0.00730 0.00510 -0.01157 -0.00016
1.19513 0.03288 1.16275 1.24992
0.80493 0.02268 0.78158 0.84166
1.21296 0.02971 1.17151 1.25623
-0.20675 0.00323 -0.21106 -0.20169
-0.01951 0.02134 -0.05425 0.00344
1.30605 0.00904 1.29828 1.32356
0.44247 0.01285 0.41982 0.45582
2.24674 0.01328 2.22931 2.26514
0.99875 0.02532 0.96611 1.03577
