# avg	std	min	max
1.34234 0.06041 1.27162 1.42164
-0.30820 0.21375 -0.51109 0.04813
0.43836 0.13781 0.23777 0.59835
-2.81037 1.35240 -3.64547 -0.11771
-0.63774 0.28411 -1.00502 -0.19995
-2.92746 0.12897 -3.06737 -2.69394
7.32206 0.64855 6.32634 8.01419
12.40660 1.50522 10.92810 15.06830
2.23972 0.24523 1.80413 2.50047
0.54051 0.43721 0.14214 1.38184
-0.43201 0.16541 -0.67624 -0.19111
0.04639 0.20311 -0.19642 0.33691
10.35559 1.83837 7.73593 13.45190
-0.00180 0.00129 -0.00303 0.00055
0.63166 0.19825 0.38397 0.89725
1.06595 0.05086 1.01836 1.16407
1.05953 0.14928 0.81220 1.24049
1.79218 0.55237 1.32845 2.86999
4.71414 1.25307 3.18217 6.64972
2.65153 1.15199 0.81630 4.06472
4.37788 0.93852 3.39952 6.11921
10.66529 3.01343 6.95110 13.24070
24.31214 3.29817 19.27330 28.46260
