# avg	std	min	max
0.81275 0.01817 0.78392 0.83348
0.22050 0.00265 0.21709 0.22267
1.23134 0.27978 0.97141 1.57534
-0.10690 0.07725 -0.24885 -0.02902
1.41745 0.02197 1.38963 1.44334
-0.59801 0.20533 -0.84038 -0.35525
0.19304 0.18418 -0.16978 0.32533
0.01257 0.24521 -0.28878 0.25194
0.69378 0.09296 0.54711 0.84074
0.46889 0.00481 0.45994 0.47359
1.58239 0.00335 1.57850 1.58829
0.32664 0.03285 0.29123 0.38415
0.16392 0.23882 -0.30888 0.31893
-0.02424 0.00045 -0.02513 -0.02402
0.15949 0.06639 0.04060 0.24080
-0.31834 0.01981 -0.34002 -0.28446
0.35072 0.05243 0.26703 0.42545
-0.43146 0.01322 -0.44653 -0.40989
-0.02198 0.08404 -0.11675 0.10457
0.47932 0.12976 0.21989 0.54918
-0.15177 0.00937 -0.16137 -0.13592
1.66557 0.01284 1.65417 1.68965
0.13982 0.00437 0.13513 0.14511
