# avg	std	min	max
0.18038 0.01022 0.16970 0.19625
-0.46980 0.00491 -0.47635 -0.46380
-0.17163 0.04252 -0.20181 -0.08974
-0.65064 0.02286 -0.67376 -0.60744
-0.65659 0.07981 -0.76466 -0.52702
-0.90429 0.07540 -0.97447 -0.76060
-0.68881 0.06899 -0.77712 -0.58034
-0.59777 0.05839 -0.65796 -0.52350
-1.14548 0.01326 -1.15791 -1.12541
-0.55025 0.00151 -0.55240 -0.54773
-0.49047 0.01954 -0.52304 -0.46445
0.13898 0.01995 0.10217 0.16131
-0.56417 0.09597 -0.68505 -0.42101
-0.00851 0.01108 -0.03047 -0.00022
-0.52316 0.13967 -0.66281 -0.34203
-0.75530 0.05189 -0.79639 -0.65693
-1.78412 0.07054 -1.85586 -1.65910
-0.57708 0.01741 -0.60103 -0.54748
-0.34847 0.03669 -0.39586 -0.28253
0.11548 0.05879 0.02300 0.18587
-0.77949 0.06055 -0.84696 -0.67998
-0.64710 0.03052 -0.70410 -0.61223
-1.23588 0.14246 -1.39417 -1.01791
