# avg	std	min	max
1.12291 0.01926 1.09696 1.14623
2.48525 0.06492 2.37640 2.57294
3.87326 0.08283 3.77427 3.97925
2.01117 0.05267 1.94315 2.10415
2.93917 0.04104 2.87839 2.98738
2.34552 0.07861 2.26321 2.48634
2.92760 0.28608 2.54895 3.37798
2.91093 1.14525 1.94783 5.07858
-0.02809 0.03663 -0.09667 0.00165
2.45009 0.05835 2.34774 2.50019
3.72779 0.62414 2.93654 4.28678
2.32086 0.03729 2.27582 2.36271
2.57917 0.24242 2.13594 2.78599
2.99945 0.03345 2.94708 3.04830
2.69293 0.59295 1.92388 3.21793
3.35723 0.03314 3.31316 3.40300
2.01898 0.02811 1.98958 2.06239
2.03959 0.20226 1.87801 2.43123
2.02552 0.10635 1.82316 2.11425
3.56691 0.72334 2.23014 4.20182
3.76018 0.73010 2.35839 4.49929
3.17420 0.49156 2.74887 4.09710
1.72950 0.29127 1.33961 2.12277
