# avg	std	min	max
1.99298 0.00902 1.97509 1.99872
1.57402 0.00343 1.56942 1.57721
1.53256 0.04964 1.50037 1.63153
1.26250 0.22585 0.81260 1.39796
1.24575 0.00677 1.23581 1.25619
1.16657 0.05607 1.09305 1.25097
1.42981 0.05494 1.32004 1.46035
1.44546 0.03476 1.41150 1.49602
0.00401 0.00803 -0.00065 0.02001
1.77935 0.00594 1.77026 1.78600
1.59344 0.00199 1.58987 1.59540
1.33042 0.00812 1.31736 1.34039
1.52973 0.00794 1.52176 1.53969
1.62219 0.00325 1.61589 1.62498
1.55834 0.05241 1.46658 1.61204
1.11567 0.05735 1.04528 1.16744
1.52124 0.00679 1.51358 1.53104
1.44563 0.04730 1.35261 1.48392
1.62652 0.01381 1.60486 1.64673
1.87134 0.01053 1.85735 1.88554
1.16688 0.03140 1.11531 1.20436
1.42115 0.03715 1.37264 1.46985
0.66513 0.12126 0.51696 0.87400
