# avg	std	min	max
3.80048 0.01157 3.78223 3.81686
2.40854 0.00873 2.39420 2.41889
1.54313 0.01572 1.52858 1.57336
4.16567 0.60062 3.29036 5.07840
1.47233 0.06450 1.36504 1.55231
2.26104 0.09742 2.16227 2.41627
1.85122 0.36702 1.49744 2.32170
2.45839 0.05189 2.38498 2.53833
-0.03174 0.01659 -0.06263 -0.01652
2.93483 0.05362 2.86559 2.99792
2.86692 0.05697 2.76027 2.92811
3.18887 0.02283 3.14908 3.21233
2.21068 0.24956 1.93427 2.52979
2.41409 0.09039 2.26374 2.54061
3.13288 0.24397 2.91978 3.50598
1.97805 0.16343 1.82323 2.24920
1.82023 0.27548 1.42317 2.20968
3.20035 0.30070 2.81055 3.58723
3.44720 0.22135 3.32971 3.88967
3.52708 0.04567 3.48367 3.59069
3.74413 0.18082 3.60549 4.10159
5.45374 0.19710 5.14623 5.68881
0.63373 0.18745 0.43170 0.94795
