# avg	std	min	max
0.93445 0.00038 0.93396 0.93513
0.73474 0.00081 0.73373 0.73569
0.78075 0.00056 0.77982 0.78134
0.73688 0.00389 0.72924 0.73958
0.73490 0.02037 0.70989 0.75192
0.59645 0.01715 0.56366 0.61323
0.51881 0.00278 0.51332 0.52087
0.46729 0.01096 0.45203 0.48544
-0.00028 0.00025 -0.00063 0.00000
0.81972 0.00057 0.81927 0.82075
0.74959 0.00063 0.74878 0.75038
0.72126 0.00049 0.72048 0.72176
0.61870 0.01971 0.59265 0.64422
0.69872 0.00067 0.69771 0.69970
0.48620 0.00657 0.48161 0.49901
0.47739 0.00193 0.47536 0.48103
0.09647 0.00810 0.08803 0.11106
0.66866 0.03932 0.62313 0.72364
0.69659 0.02625 0.66442 0.72606
0.71724 0.00517 0.71075 0.72180
0.24539 0.11211 0.16926 0.46744
0.59393 0.03129 0.57633 0.65648
0.21468 0.02444 0.17253 0.24218
