# avg	std	min	max
2.64261 0.00135 2.64151 2.64429
2.15020 0.00000 2.15020 2.15020
2.29137 0.00041 2.29080 2.29186
0.97378 0.02649 0.94584 1.02354
1.71990 0.05411 1.67508 1.80356
0.99844 0.06436 0.89234 1.09074
1.93553 0.03813 1.87873 1.97901
1.59673 0.10473 1.43382 1.72049
0.00366 0.01007 -0.00236 0.02373
2.06299 0.00086 2.06173 2.06418
2.31071 0.00148 2.30898 2.31294
2.22970 0.00357 2.22524 2.23389
2.09011 0.17423 1.75762 2.25298
2.18688 0.05670 2.07700 2.23999
1.74523 0.01933 1.73286 1.78376
3.01000 0.02418 2.97066 3.04367
2.52511 0.01198 2.51586 2.54868
0.87858 0.24890 0.58370 1.20418
0.35270 0.39140 -0.15441 0.82714
2.04247 0.03978 1.97782 2.10084
3.33469 0.01506 3.31200 3.35673
3.39911 0.04571 3.32489 3.46407
2.02409 0.17935 1.72852 2.26105
