# avg	std	min	max
4.11421 0.13344 3.96833 4.32368
2.69367 0.07413 2.55299 2.75996
3.29215 0.55389 2.53336 3.78962
0.87297 0.26501 0.56632 1.24631
4.50598 0.52620 3.89724 5.24429
0.61813 0.07779 0.52019 0.71004
9.70647 0.55976 8.87240 10.33640
5.19164 0.66685 4.47312 6.03813
-0.01611 0.00880 -0.02578 -0.00095
3.83449 0.12499 3.61996 3.99515
3.95991 0.00917 3.94904 3.97472
3.16179 0.00786 3.15030 3.17082
10.52854 0.03040 10.48030 10.55610
3.87982 0.01561 3.85120 3.89477
2.74452 0.20961 2.45768 2.91986
4.07090 0.01548 4.05612 4.09920
3.03960 0.08781 2.92248 3.12446
2.56285 0.04858 2.47113 2.61070
2.69527 0.22510 2.41766 2.96410
6.42220 0.92097 4.66398 7.38782
5.48682 0.30716 5.05965 5.76119
12.95304 2.17438 11.05870 15.93680
8.90475 0.31454 8.33193 9.24043
