# avg	std	min	max
0.60239 0.05112 0.51908 0.65805
-0.06452 0.07318 -0.15013 0.03046
0.59118 0.08749 0.46233 0.70800
-0.54912 0.04199 -0.61009 -0.47897
0.37633 0.04998 0.29740 0.44219
-0.97794 0.10733 -1.09472 -0.78513
-0.60811 0.06258 -0.71384 -0.53844
-0.66884 0.06545 -0.73392 -0.54770
6.55343 0.32004 5.95404 6.83888
0.45086 0.01398 0.42950 0.47331
0.37727 0.03733 0.33507 0.43853
0.13373 0.06885 0.05275 0.25751
-0.47715 0.15941 -0.74913 -0.26893
0.06275 0.03245 0.00931 0.10973
-0.02868 0.08249 -0.11442 0.07976
0.03572 0.05906 -0.01527 0.14952
-0.26883 0.05494 -0.37321 -0.21612
-0.34355 0.05760 -0.40949 -0.27376
-0.02876 0.02690 -0.06440 0.01749
0.32927 0.04803 0.26255 0.37653
0.61402 0.03841 0.55325 0.66027
2.44030 0.48009 2.01596 3.19131
-1.32270 0.23996 -1.61034 -1.07320
