# avg	std	min	max
-0.29541 0.04876 -0.32342 -0.19811
-0.46673 0.11957 -0.61866 -0.28631
0.06340 0.14776 -0.19786 0.25569
-0.22376 0.08017 -0.30167 -0.07411
0.21120 0.26358 -0.15424 0.54089
-0.91388 0.17441 -1.05934 -0.66316
-0.10233 0.17234 -0.35565 0.16091
0.31293 0.06741 0.20562 0.41498
-1.23200 0.20953 -1.41175 -0.83983
-0.65216 0.07181 -0.73517 -0.52947
-0.88054 0.15394 -1.01832 -0.64157
0.22209 0.05030 0.17597 0.31644
-0.73738 0.10296 -0.86076 -0.59369
0.11437 0.17626 -0.21299 0.27175
0.05936 0.10769 -0.02892 0.24836
-0.03289 0.09711 -0.19264 0.05292
-0.34545 0.09536 -0.47122 -0.18464
-0.32192 0.09187 -0.44244 -0.19343
-0.72969 0.20232 -1.04128 -0.49683
0.45218 0.09806 0.32409 0.58035
0.09658 0.09550 -0.02469 0.24482
0.50867 0.16562 0.31719 0.71223
0.42572 0.07240 0.33932 0.50733
