# avg	std	min	max
0.85268 0.00242 0.84784 0.85389
0.06284 0.06648 -0.00732 0.17646
0.37924 0.07290 0.31554 0.50110
-0.97470 0.00196 -0.97719 -0.97192
-0.44067 0.12900 -0.56848 -0.26763
-0.72228 0.13828 -0.93212 -0.52911
-1.01589 0.08880 -1.09624 -0.85943
-0.01873 0.51117 -1.03171 0.29175
-0.20312 0.09586 -0.34444 -0.05879
0.06743 0.42932 -0.45343 0.49825
0.65053 0.00218 0.64619 0.65186
0.16138 0.29615 -0.25115 0.41731
-0.37785 0.06228 -0.49317 -0.32172
-0.26877 0.06683 -0.31848 -0.13830
-0.00590 0.00146 -0.00663 -0.00297
0.44689 0.16134 0.25720 0.74545
-0.43209 0.03704 -0.49102 -0.38819
-0.29610 0.02363 -0.32639 -0.25574
-0.14609 0.01446 -0.16181 -0.11903
-0.01454 0.25426 -0.24915 0.34446
-0.94203 0.19965 -1.27644 -0.67256
-0.53509 0.18406 -0.75095 -0.20624
-0.85938 0.09571 -0.97333 -0.69326
