# avg	std	min	max
1.56203 0.02238 1.52871 1.58891
0.53332 0.01500 0.50996 0.55556
-0.43782 0.00661 -0.44245 -0.42503
-0.69132 0.05516 -0.73459 -0.58542
-0.76367 0.00788 -0.77083 -0.74830
-0.77745 0.07056 -0.88025 -0.69863
-0.88920 0.02401 -0.91868 -0.86486
-0.05435 0.31838 -0.41275 0.37142
3.02560 0.11193 2.80455 3.11437
1.47772 0.01097 1.46055 1.49141
0.42883 0.02284 0.41034 0.47051
0.32481 0.00843 0.30993 0.33356
-0.46106 0.03468 -0.50272 -0.40425
0.56528 0.01597 0.54656 0.59262
-0.01637 0.00000 -0.01637 -0.01637
0.65066 0.51303 -0.07826 1.13505
0.38158 0.03060 0.35863 0.44060
-0.42918 0.03901 -0.46997 -0.36708
-0.08864 0.11967 -0.20049 0.10597
0.77087 0.02043 0.74872 0.79720
1.51789 0.05003 1.41812 1.54740
1.55044 0.04008 1.50225 1.62416
-0.71903 0.02401 -0.75276 -0.67859
