# avg	std	min	max
2.59623 0.02931 2.55954 2.64581
0.76380 0.24337 0.27834 0.91757
1.96650 0.10108 1.79869 2.09829
-1.66093 0.01287 -1.67673 -1.64180
0.69140 0.21288 0.36094 1.02035
-1.33303 0.04634 -1.37505 -1.24811
1.95867 0.31747 1.58715 2.50113
3.21265 1.92386 1.62061 6.94259
5.88485 0.23874 5.52615 6.09398
1.75955 0.19796 1.36988 1.89703
0.87513 0.12911 0.64072 1.03263
1.19218 0.19359 0.81058 1.32225
6.61678 2.25291 2.92785 9.43612
1.29576 0.02429 1.27116 1.33798
-0.05099 0.02270 -0.08225 -0.02315
1.91508 0.35177 1.41680 2.24169
1.50079 0.18803 1.14017 1.68210
0.55531 0.06579 0.48703 0.67291
0.62759 0.11909 0.43741 0.75123
2.29090 0.28420 1.90844 2.73947
3.79344 0.98639 2.91425 5.71445
4.66600 0.62995 3.42102 5.12936
25.83626 3.78400 21.55350 32.56530
