# avg	std	min	max
1.03357 0.07217 0.95140 1.13841
0.03436 0.04787 -0.03473 0.09487
0.30270 0.05616 0.24093 0.40710
-0.55357 0.06095 -0.64585 -0.46902
-0.30036 0.10401 -0.43268 -0.13901
-0.75369 0.07595 -0.81821 -0.60520
-0.42557 0.04685 -0.46995 -0.35343
-0.37539 0.06659 -0.44551 -0.28572
3.31420 0.10200 3.23381 3.50764
0.28440 0.20092 -0.09498 0.50384
0.78656 0.10746 0.68019 0.98220
0.70460 0.07045 0.63090 0.81002
-0.32471 0.05744 -0.42297 -0.25151
-0.11100 0.13371 -0.33122 0.08840
-0.18269 0.07933 -0.27030 -0.06681
0.40142 0.05014 0.34814 0.49325
-0.11883 0.03470 -0.17038 -0.07268
-0.15324 0.05590 -0.21839 -0.06385
-0.06171 0.05122 -0.13694 -0.00772
0.32117 0.03885 0.28669 0.39327
0.46953 0.04613 0.40388 0.54507
0.24729 0.07775 0.14361 0.34464
-0.82875 0.11941 -1.06356 -0.74708
