# avg	std	min	max
0.19570 0.02952 0.16198 0.23117
-0.04400 0.08946 -0.15434 0.03924
0.00226 0.01128 -0.00618 0.02410
-0.14714 0.05657 -0.21141 -0.06517
0.13858 0.08639 0.04288 0.29608
0.05769 0.03793 -0.01286 0.09332
-0.15786 0.04697 -0.23034 -0.08363
0.11850 0.01196 0.10490 0.13340
-1.03168 0.00419 -1.03703 -1.02655
0.16365 0.03915 0.09294 0.20573
0.18295 0.02292 0.15145 0.22251
-0.01295 0.01534 -0.02723 0.00833
-0.14226 0.00374 -0.14620 -0.13557
0.15127 0.01132 0.12928 0.15883
-0.14305 0.10158 -0.29437 0.02480
-0.08184 0.04860 -0.13662 0.00271
-0.70477 0.11455 -0.85693 -0.59138
-0.07759 0.01359 -0.09128 -0.05864
-0.00169 0.00345 -0.00696 0.00304
0.17514 0.00739 0.16542 0.18708
-0.30601 0.08443 -0.41557 -0.17689
0.00842 0.02505 -0.02481 0.04896
-0.68443 0.06754 -0.81107 -0.61275
