# avg	std	min	max
2.83993 0.10607 2.66216 2.97711
1.14170 0.21073 0.94655 1.46545
-0.23161 0.25779 -0.60789 0.11413
-0.33533 0.38053 -0.69240 0.30393
-1.02383 0.22201 -1.26988 -0.63581
-1.47614 0.23346 -1.78506 -1.15430
6.55613 0.84884 5.02693 7.56167
9.12878 0.77542 8.19538 10.02160
3.84674 0.10651 3.67511 3.96026
2.28023 0.25890 2.14594 2.79790
1.43050 0.18362 1.11168 1.68432
1.05091 0.05200 0.95509 1.09402
14.02044 1.30926 11.44020 14.93990
2.53328 0.21374 2.12600 2.73672
0.41784 0.19014 0.17998 0.66708
4.02144 0.17460 3.73267 4.24167
2.06157 0.18007 1.81236 2.33073
0.61737 0.10202 0.43386 0.71675
-0.00121 0.04261 -0.04750 0.07965
5.30976 0.52773 4.71016 6.00751
6.93554 0.24498 6.54199 7.21347
5.91087 0.61562 4.80124 6.68790
27.66254 7.41183 19.31360 38.01460
