# avg	std	min	max
0.29678 0.00896 0.28045 0.30324
0.38393 0.02547 0.37062 0.43484
0.60126 0.02543 0.58483 0.65195
-0.08019 0.00211 -0.08169 -0.07605
0.38409 0.06564 0.26080 0.43087
-0.43025 0.14734 -0.64124 -0.25474
-0.33670 0.00951 -0.34546 -0.31817
-0.77706 0.01192 -0.79070 -0.75599
-0.56993 0.01975 -0.57999 -0.53042
0.69516 0.01530 0.68718 0.72576
0.59774 0.01542 0.59000 0.62859
0.72695 0.00004 0.72691 0.72702
-0.28317 0.00930 -0.29405 -0.26868
0.60377 0.00052 0.60310 0.60442
0.18678 0.01120 0.16688 0.20100
0.49071 0.00997 0.47725 0.50577
-0.17585 0.06861 -0.31012 -0.11665
-0.00873 0.03831 -0.06316 0.02826
-0.07084 0.00184 -0.07176 -0.06715
0.73377 0.02327 0.71436 0.77236
0.23301 0.02588 0.21505 0.28360
0.25692 0.04203 0.18475 0.30066
-0.73655 0.03888 -0.80223 -0.69265
