# avg	std	min	max
0.20528 0.07211 0.09472 0.30159
0.14407 0.13015 0.00763 0.31200
3.01219 0.15814 2.83874 3.30258
0.52675 0.09740 0.38826 0.65770
3.76501 0.40976 3.32936 4.47461
0.58737 0.06939 0.46401 0.67081
-0.00378 0.12250 -0.23148 0.09641
0.71045 0.06004 0.62819 0.80012
3.36865 0.13148 3.14862 3.50773
0.73061 0.06115 0.63131 0.82317
1.48028 0.25567 1.00586 1.70437
1.06008 0.05679 0.98429 1.16017
0.30405 0.02887 0.25146 0.33295
-0.63640 0.05396 -0.73643 -0.57409
0.77258 0.10384 0.56985 0.85587
-0.03033 0.23115 -0.24248 0.40344
0.36170 0.20390 0.10213 0.61843
0.22740 0.25734 -0.12391 0.65284
-0.00011 0.00000 -0.00011 -0.00011
-0.12124 0.03845 -0.17496 -0.08788
1.60938 0.53744 0.54622 1.97135
4.64203 0.66326 3.39817 5.36163
0.74313 0.07178 0.61831 0.81606
