# avg	std	min	max
1.38379 0.03392 1.35563 1.44759
0.34492 0.05635 0.27904 0.41446
0.77342 0.03671 0.72118 0.83019
-0.19595 0.08953 -0.30302 -0.06038
0.19318 0.08321 0.11288 0.32231
-0.64637 0.08150 -0.75618 -0.53208
-0.12613 0.07039 -0.19230 -0.00110
-0.34798 0.04639 -0.41147 -0.29240
2.78820 0.16496 2.57208 3.00127
0.46131 0.08020 0.35498 0.58265
0.78332 0.07455 0.69080 0.85936
0.88835 0.07599 0.78568 1.00036
0.05568 0.03656 -0.00079 0.10508
0.25340 0.07314 0.16118 0.38591
0.38084 0.09680 0.20671 0.46765
0.84387 0.06144 0.74801 0.90718
-0.09078 0.03929 -0.14352 -0.03312
-0.16958 0.07400 -0.25817 -0.08779
-0.02641 0.08686 -0.15450 0.11784
0.72952 0.04856 0.66189 0.80676
0.12727 0.15028 -0.10782 0.31241
1.04991 0.06529 0.96811 1.15088
-0.86419 0.47995 -1.74059 -0.46405
