# avg	std	min	max
4.03933 0.10391 3.90352 4.16918
2.57733 0.22553 2.22875 2.85050
0.92496 0.23148 0.56314 1.23461
0.30392 0.32384 -0.28789 0.62037
-0.03416 0.33908 -0.52351 0.39412
-0.17336 0.31649 -0.56673 0.24473
0.33411 0.47117 -0.39922 1.04676
-0.32792 0.20451 -0.49850 0.05782
2.02749 0.19077 1.71720 2.29810
3.48514 0.22488 3.13838 3.84785
2.46325 0.36840 1.77205 2.85491
2.59699 0.40741 1.79478 2.91186
-0.86134 0.60915 -1.24861 0.33252
3.54242 0.24107 3.21860 3.91498
2.37526 0.22284 1.97684 2.61012
4.20165 0.20303 3.85176 4.42181
3.63495 0.21981 3.36642 3.88323
1.53770 0.37867 1.09983 2.17972
-0.30410 0.25391 -0.76583 -0.00014
3.07059 0.43392 2.56813 3.65769
5.97493 0.28512 5.56008 6.22841
5.03632 0.37035 4.62049 5.61882
6.78339 1.39788 5.19439 8.75159
