# avg	std	min	max
1.44151 0.05663 1.39557 1.52682
0.27091 0.05108 0.23428 0.36735
0.17078 0.00842 0.15691 0.18148
-0.46165 0.00683 -0.46986 -0.45288
-0.36256 0.01463 -0.38801 -0.34689
-0.69581 0.03334 -0.73460 -0.65457
-0.28804 0.02251 -0.32037 -0.26189
0.21549 0.02432 0.19511 0.26161
-1.05153 0.03963 -1.09650 -1.00433
1.02451 0.04026 0.98931 1.09641
0.88672 0.02362 0.84790 0.92211
1.00139 0.05245 0.95090 1.06741
-0.21665 0.06361 -0.26440 -0.09984
0.78236 0.03746 0.73969 0.84461
-0.29172 0.01867 -0.32402 -0.27685
0.45685 0.04070 0.40183 0.49553
-0.39776 0.02709 -0.44225 -0.35942
-0.15061 0.03167 -0.18371 -0.09786
-0.00462 0.00030 -0.00495 -0.00406
0.68507 0.01302 0.67792 0.71105
-0.38484 0.02530 -0.41379 -0.34265
-0.68568 0.02398 -0.71007 -0.65133
-0.31985 0.04548 -0.37708 -0.27827
