# avg	std	min	max
0.73858 0.03595 0.70701 0.80899
-0.06557 0.01473 -0.07678 -0.03712
0.00641 0.00355 -0.00053 0.00890
-1.28375 0.00772 -1.29491 -1.27650
-1.17928 0.00214 -1.18190 -1.17747
-2.40701 0.00787 -2.41422 -2.39198
-0.94002 0.09161 -1.03808 -0.81977
-0.89996 0.12566 -0.99853 -0.67253
2.58803 0.30507 2.08135 3.04050
-0.04305 0.02736 -0.08165 -0.00909
-0.17596 0.01391 -0.19220 -0.15468
0.44134 0.09074 0.30794 0.51576
-0.53367 0.11434 -0.74360 -0.39789
0.56043 0.05599 0.50489 0.65201
-0.03429 0.02627 -0.06753 0.00034
0.20213 0.03146 0.15120 0.23728
-0.83406 0.05902 -0.90120 -0.74637
-0.54040 0.02682 -0.58034 -0.50091
-0.01550 0.00000 -0.01550 -0.01550
0.41145 0.09024 0.27358 0.51875
-1.12638 0.08270 -1.27850 -1.03421
0.04093 0.13007 -0.14226 0.20286
-0.95556 0.35383 -1.61041 -0.59714
