# avg	std	min	max
0.96907 0.26593 0.70764 1.47266
0.07826 0.25891 -0.23775 0.47719
-0.27202 0.16268 -0.51475 -0.01357
-0.93344 0.26357 -1.25859 -0.55607
-1.18181 0.10273 -1.33523 -1.01599
-1.51780 0.16059 -1.64949 -1.20715
-0.84261 0.45082 -1.40076 -0.23407
0.72094 0.50605 -0.08136 1.44036
2.69396 0.11512 2.47949 2.81025
0.89970 0.19526 0.61632 1.21660
0.65217 0.20927 0.34682 0.91199
0.50056 0.15583 0.33034 0.77380
-0.63844 0.28985 -1.00710 -0.12884
0.19282 0.08083 0.03485 0.25848
-0.06186 0.10728 -0.22106 0.05809
1.18534 0.10736 1.06291 1.34802
0.35070 0.10452 0.19388 0.45652
-1.19340 0.28847 -1.58194 -0.76035
0.05984 0.25140 -0.07768 0.56232
1.02566 0.20855 0.72111 1.29989
2.38813 0.14824 2.21027 2.65983
1.87645 0.09991 1.72625 2.00706
-0.13555 0.47524 -0.71115 0.43546
