# avg	std	min	max
0.10548 0.00157 0.10367 0.10761
0.08548 0.00118 0.08352 0.08722
0.35863 0.01242 0.35109 0.38334
0.00996 0.08597 -0.15757 0.06444
0.05749 0.01934 0.04439 0.09451
0.11650 0.01836 0.08430 0.13172
-0.09649 0.00564 -0.10130 -0.08652
0.19481 0.00845 0.18255 0.20312
0.33431 0.27143 0.19215 0.87709
-0.00385 0.00535 -0.01445 -0.00037
0.31323 0.00103 0.31237 0.31521
0.00594 0.00120 0.00377 0.00746
-0.16598 0.02829 -0.20710 -0.13448
0.12471 0.00029 0.12426 0.12513
-0.08658 0.03869 -0.14812 -0.04183
0.10557 0.00473 0.09984 0.11298
-0.23213 0.01519 -0.25910 -0.21354
-0.05249 0.01425 -0.07691 -0.03346
0.03207 0.05781 -0.08276 0.06852
0.19734 0.01230 0.17647 0.21489
0.06221 0.00753 0.05506 0.07235
0.49041 0.05060 0.44583 0.58171
-0.05105 0.01397 -0.07366 -0.03231
