# avg	std	min	max
0.92384 0.02137 0.89840 0.94976
-0.48824 0.00697 -0.49724 -0.48200
0.63497 0.05348 0.54880 0.68098
2.26459 0.28540 1.78844 2.64184
0.59499 0.27140 0.40630 1.12781
-0.45796 0.05433 -0.53546 -0.38311
0.95471 0.92839 0.44986 2.81050
3.13952 0.15428 2.96272 3.37846
4.91239 0.29474 4.69685 5.48174
-0.00520 0.00581 -0.01228 0.00128
0.10782 0.09939 -0.02248 0.19731
0.90803 0.00408 0.90272 0.91358
2.10898 1.17114 1.20630 4.40477
2.30103 0.45637 1.72271 2.99233
2.72218 0.67669 1.72034 3.82450
4.12584 1.39120 2.72665 6.72312
2.34943 0.21930 2.01677 2.66423
1.35879 0.11336 1.21202 1.49999
2.00156 0.47722 1.04917 2.26990
3.13371 1.20368 1.66771 4.86938
5.96655 0.68661 4.68592 6.65847
6.05548 0.88065 5.13843 7.67711
-0.23171 0.17628 -0.44139 -0.02808
