# avg	std	min	max
0.08573 0.00114 0.08344 0.08632
0.28315 0.01380 0.25579 0.29164
0.54689 0.01402 0.51886 0.55419
0.07131 0.00805 0.06268 0.08117
0.35867 0.01307 0.33301 0.36804
-0.04546 0.01935 -0.06892 -0.02472
0.13722 0.02255 0.09279 0.15577
0.22332 0.05865 0.12243 0.30495
-0.91600 0.00147 -0.91843 -0.91421
-0.00697 0.01253 -0.03201 -0.00009
0.07418 0.00113 0.07244 0.07596
0.76922 0.01377 0.74181 0.77758
0.26117 0.03421 0.22895 0.31799
0.01750 0.02281 -0.02812 0.02912
-0.02385 0.04912 -0.07969 0.05361
-0.49195 0.03569 -0.53281 -0.42942
-0.53163 0.05578 -0.63469 -0.49029
0.44547 0.02187 0.42129 0.47146
0.56814 0.22359 0.13104 0.72280
0.98448 0.00867 0.97609 0.99979
-1.11571 0.03346 -1.16297 -1.08008
-0.19552 0.06489 -0.30250 -0.11009
-0.14467 0.05365 -0.21652 -0.05888
