# avg	std	min	max
0.64818 0.00036 0.64790 0.64879
0.03163 0.00046 0.03127 0.03238
0.30955 0.02549 0.25857 0.32288
-0.34341 0.00892 -0.36119 -0.33809
-0.24395 0.09564 -0.43517 -0.19327
-0.81352 0.01858 -0.83632 -0.79734
-0.28652 0.09019 -0.46688 -0.24019
-1.49761 0.94367 -2.66905 -0.54884
2.83991 0.20093 2.52283 3.08661
-0.00013 0.00085 -0.00109 0.00116
0.25304 0.00752 0.23899 0.25852
0.58547 0.00289 0.58147 0.58837
-0.16308 0.00601 -0.17473 -0.15886
-0.02123 0.00307 -0.02632 -0.01835
-0.43283 0.01860 -0.44886 -0.40259
0.15838 0.00743 0.15281 0.17247
-0.19032 0.01940 -0.22896 -0.17873
-0.14350 0.00917 -0.15294 -0.12612
0.12002 0.00736 0.10719 0.12750
0.36991 0.00203 0.36732 0.37237
0.03844 0.00397 0.03364 0.04320
0.09940 0.00232 0.09707 0.10291
-1.05842 0.27298 -1.43303 -0.78006
