# avg	std	min	max
0.54281 0.00075 0.54181 0.54353
0.05812 0.00027 0.05762 0.05838
-0.72698 0.00188 -0.73011 -0.72503
-0.64161 0.00514 -0.64761 -0.63233
-1.29146 0.00228 -1.29386 -1.28763
-1.16232 0.00656 -1.17373 -1.15333
-1.02916 0.00728 -1.04073 -1.01954
-1.24482 0.09250 -1.42476 -1.17316
1.30150 0.00449 1.29308 1.30614
-0.00008 0.00018 -0.00042 0.00012
-0.61482 0.00219 -0.61838 -0.61287
-0.18553 0.01999 -0.19824 -0.14572
-0.96169 0.01773 -0.98270 -0.93291
-0.17265 0.06497 -0.30256 -0.13775
-0.68996 0.09258 -0.74677 -0.50764
-0.09292 0.00851 -0.10264 -0.07746
-0.58679 0.00834 -0.59605 -0.57160
-0.96457 0.01007 -0.97684 -0.95291
-0.73448 0.15043 -0.92154 -0.54783
-0.00185 0.00776 -0.01488 0.00725
-0.21746 0.01279 -0.23950 -0.19965
-0.42865 0.01252 -0.44793 -0.41165
-1.63431 0.14823 -1.92516 -1.51413
