# avg	std	min	max
1.63944 0.10581 1.44654 1.74948
0.48934 0.14756 0.33320 0.73025
0.06547 0.16023 -0.13331 0.26257
0.51749 0.31462 -0.00486 0.92716
0.45564 0.46157 0.02609 1.23695
0.38077 0.36442 -0.24321 0.80468
1.76628 1.06732 0.39841 3.32589
1.52602 0.44379 0.74702 2.09827
-1.86015 0.10901 -1.98937 -1.72676
-0.02185 0.01749 -0.05079 -0.00000
-0.03139 0.30948 -0.39290 0.51312
0.92544 0.09542 0.80806 1.04887
2.44553 0.71424 1.53171 3.57684
2.05148 0.22510 1.73826 2.35860
1.60947 0.71795 0.63052 2.30144
2.23158 0.29942 1.84464 2.58063
3.04458 0.77519 2.04827 4.19879
1.75998 0.24458 1.57205 2.23476
2.13110 0.21532 1.84851 2.42588
2.59073 0.57169 2.04866 3.36136
4.69115 0.36217 4.06249 5.13828
5.80890 0.81933 4.41301 6.65955
1.09242 0.65195 0.09300 1.82508
