# avg	std	min	max
0.24666 0.00022 0.24633 0.24689
0.23822 0.00018 0.23792 0.23841
0.25242 0.00025 0.25207 0.25285
-0.32402 0.03773 -0.39730 -0.28853
-0.30002 0.02822 -0.35646 -0.28560
-0.52890 0.01527 -0.54874 -0.50890
-0.26844 0.00139 -0.27020 -0.26650
-0.56944 0.04143 -0.63494 -0.53158
-0.97634 0.00485 -0.98270 -0.96830
-0.00005 0.00009 -0.00020 0.00005
-0.17385 0.00023 -0.17419 -0.17360
0.58147 0.00565 0.57620 0.58837
-0.23510 0.03073 -0.28160 -0.20997
-0.40452 0.01662 -0.42236 -0.37638
-0.34035 0.02492 -0.35597 -0.29063
-1.78498 0.00298 -1.78699 -1.77909
-0.91111 0.01053 -0.92636 -0.89796
0.09784 0.05890 0.00173 0.16697
0.40522 0.02480 0.36100 0.43574
0.46284 0.00299 0.45985 0.46829
-0.18977 0.00743 -0.19632 -0.17574
-0.17848 0.03107 -0.22262 -0.14045
-0.65142 0.03639 -0.72054 -0.62018
