# avg	std	min	max
1.28984 0.22578 0.97540 1.50592
-0.32929 0.25942 -0.53736 0.07673
-0.28080 0.96881 -1.64831 0.74579
-1.40011 0.09632 -1.48937 -1.21926
-0.99254 1.07959 -2.71160 0.53416
-2.18315 0.71389 -2.92664 -1.12667
4.61279 2.78504 -0.44309 7.95947
2.63463 1.04329 1.12909 4.22744
4.08068 0.42082 3.53387 4.59278
0.00444 0.00172 0.00182 0.00673
-1.21993 0.12854 -1.45674 -1.09786
0.30204 0.19982 -0.07684 0.47191
2.81301 2.05767 0.66107 5.78616
1.26226 0.62898 0.23098 2.18299
1.22337 0.17999 0.99700 1.40612
3.04302 1.02709 1.27745 4.22082
1.93562 0.53702 1.10697 2.47342
2.80626 2.02795 0.58445 5.94734
2.58236 0.35461 2.03088 3.14431
1.59010 1.23541 0.50916 3.93739
4.56595 0.37069 3.93326 5.05840
4.97160 0.75540 4.03280 5.84091
8.38823 2.49183 3.73544 10.56700
