# avg	std	min	max
0.49821 0.05965 0.43323 0.57244
-0.26915 0.00005 -0.26917 -0.26906
-0.33794 0.03475 -0.37475 -0.27254
-0.67512 0.02602 -0.72710 -0.66085
-1.00781 0.08459 -1.08925 -0.86824
-1.16537 0.12685 -1.30692 -1.00265
-0.53202 0.00691 -0.54051 -0.52247
-0.83818 0.01973 -0.85882 -0.80385
1.75448 0.08955 1.61897 1.86596
0.00011 0.00021 -0.00013 0.00047
-0.20812 0.00058 -0.20847 -0.20695
0.13927 0.07736 0.07250 0.26446
-0.51965 0.01236 -0.53279 -0.50309
-0.43637 0.00337 -0.43963 -0.43189
-0.33888 0.08169 -0.50206 -0.29076
0.01084 0.00039 0.01037 0.01140
-0.39237 0.00105 -0.39390 -0.39097
-0.65403 0.07878 -0.72830 -0.50895
-0.59886 0.10619 -0.72940 -0.48531
-0.13719 0.01567 -0.16843 -0.12776
-0.04885 0.01074 -0.06296 -0.03362
-0.04065 0.01724 -0.06040 -0.01503
-0.75649 0.01729 -0.78414 -0.74163
