# avg	std	min	max
0.98910 0.31392 0.38752 1.25360
0.56330 0.28459 0.15352 0.88301
0.62812 0.35958 0.24558 1.21255
-0.62169 0.38467 -1.11091 -0.01635
-0.38808 0.45719 -0.91583 0.14058
-0.48117 0.24265 -0.79409 -0.15381
2.13251 0.94984 0.97338 3.79492
2.00226 0.38885 1.40966 2.46940
-1.09583 0.14659 -1.34819 -0.89909
-0.00371 0.00203 -0.00728 -0.00106
0.08983 0.01253 0.07821 0.11400
1.06213 0.43672 0.30240 1.41194
1.24736 0.52530 0.40397 1.94395
0.03399 0.43291 -0.68482 0.52435
0.89326 0.03400 0.84886 0.95257
-1.88273 0.26335 -2.35553 -1.66094
-1.64251 0.66424 -2.11421 -0.35214
0.77976 0.65807 0.03032 1.60234
0.20762 0.41734 -0.46002 0.71509
1.97378 0.50974 1.14322 2.56696
-0.99707 0.24332 -1.41105 -0.65367
0.16880 0.26150 -0.29219 0.45677
1.64409 0.58959 0.89417 2.47179
