# avg	std	min	max
0.85195 0.00200 0.84902 0.85526
-0.13735 0.00203 -0.13875 -0.13354
0.26586 0.00300 0.26192 0.26968
-2.40710 0.05483 -2.46274 -2.30327
-0.79838 0.03512 -0.86829 -0.77856
-2.75976 0.18950 -3.02541 -2.53461
-1.35475 0.07983 -1.48073 -1.22861
-1.72211 0.09076 -1.85537 -1.60833
4.67820 0.20174 4.47038 4.99850
-0.00038 0.00263 -0.00421 0.00387
-0.25974 0.00697 -0.26889 -0.24957
-0.10692 0.02507 -0.12551 -0.05832
-1.21937 0.03533 -1.27013 -1.17548
-0.30072 0.01500 -0.32766 -0.28914
-0.76843 0.16931 -0.98378 -0.61821
0.46334 0.00680 0.45759 0.47629
-0.54541 0.10883 -0.75009 -0.43111
-1.25630 0.04104 -1.30934 -1.18951
-0.74417 0.03274 -0.80403 -0.71131
-0.02892 0.05754 -0.08967 0.07559
0.38835 0.03021 0.33975 0.42117
0.70783 0.09229 0.52656 0.78635
-1.88881 0.10508 -2.01111 -1.76390
