# avg	std	min	max
0.20319 0.00211 0.19906 0.20449
0.03521 0.00010 0.03516 0.03540
-0.10622 0.04626 -0.13336 -0.01419
-0.58359 0.02509 -0.60453 -0.53661
-0.45209 0.03146 -0.47116 -0.38936
-0.60088 0.03481 -0.64511 -0.56751
-0.22442 0.01963 -0.25820 -0.20353
0.04188 0.08581 -0.11118 0.13826
1.50955 0.11103 1.37432 1.69421
-0.41794 0.02343 -0.45213 -0.38425
0.00004 0.00006 0.00000 0.00014
-0.45117 0.01437 -0.47989 -0.44355
-0.11576 0.02711 -0.14969 -0.08383
-0.25186 0.00405 -0.25554 -0.24490
-0.43201 0.15762 -0.55327 -0.12402
0.24463 0.00196 0.24158 0.24685
0.00147 0.04397 -0.06582 0.05592
-0.64092 0.01767 -0.67397 -0.62609
-0.33658 0.03571 -0.37217 -0.29078
-0.12393 0.01434 -0.14674 -0.10836
0.27367 0.01842 0.24585 0.30234
0.49911 0.25384 0.30585 0.99352
0.00247 0.04597 -0.04445 0.06328
