# avg	std	min	max
1.36673 0.00830 1.35726 1.37688
0.07954 0.00555 0.07059 0.08582
-0.56750 0.00183 -0.56959 -0.56452
-1.80598 0.22576 -2.20993 -1.52061
-1.39657 0.00779 -1.41091 -1.38727
-2.18855 0.01351 -2.20291 -2.16358
-1.11238 0.22365 -1.49577 -0.89669
-0.22622 0.17825 -0.50932 0.03349
1.24587 0.01096 1.22740 1.25901
0.32150 0.01689 0.30606 0.34284
-0.00202 0.00313 -0.00745 0.00170
0.26367 0.00357 0.25709 0.26779
-0.76253 0.32717 -1.10396 -0.23978
0.55615 0.03023 0.52165 0.60395
0.11545 0.05240 0.01837 0.17079
0.51738 0.01376 0.50175 0.53509
-0.22206 0.22978 -0.67346 -0.05255
-0.60649 0.04909 -0.65965 -0.53041
-0.30909 0.22846 -0.65494 -0.05672
0.10714 0.10637 -0.06999 0.26467
0.90697 0.40243 0.17412 1.26819
0.77091 0.35758 0.07854 1.11256
-0.98407 0.22731 -1.30525 -0.72903
