# avg	std	min	max
1.30226 0.01652 1.28181 1.33182
-0.27447 0.01102 -0.29045 -0.26247
-1.96478 0.17455 -2.31363 -1.86512
-3.05196 0.20898 -3.21979 -2.65193
-1.25161 0.42847 -1.75016 -0.68437
-2.51722 0.06938 -2.62590 -2.42010
0.36779 1.81005 -1.73959 3.09610
-1.14445 0.10610 -1.28158 -1.01567
2.06692 0.07351 1.95822 2.16840
0.36895 0.01581 0.34834 0.38680
-0.00389 0.00605 -0.01090 0.00498
-0.41225 0.00411 -0.41948 -0.40666
1.69829 1.29578 -0.60202 3.34274
0.51455 0.01465 0.49179 0.52752
-0.55608 0.03146 -0.59793 -0.51195
1.16591 0.01439 1.14822 1.17929
-0.44741 0.09878 -0.56905 -0.30652
-1.04844 0.05267 -1.10834 -0.98187
-0.47389 0.01411 -0.49781 -0.45437
0.65396 0.18387 0.37721 0.85216
1.66543 0.01897 1.63990 1.69360
1.30305 0.08854 1.20318 1.45778
-0.28155 2.23676 -2.17893 3.22875
