# avg	std	min	max
0.91220 0.00003 0.91215 0.91223
0.46181 0.00008 0.46164 0.46185
-0.11107 0.00019 -0.11128 -0.11081
-0.54023 0.00045 -0.54092 -0.53960
-0.46594 0.02237 -0.49985 -0.44715
-0.41654 0.00653 -0.42286 -0.40579
-0.02067 0.15278 -0.20813 0.14911
0.32857 0.04580 0.28373 0.40190
0.80138 0.12117 0.60837 0.89977
0.67552 0.00330 0.67256 0.68034
0.00006 0.00004 -0.00000 0.00012
0.10808 0.00489 0.10003 0.11248
0.11754 0.20409 -0.15272 0.43157
0.37408 0.13340 0.11938 0.48514
0.18589 0.00857 0.17474 0.19809
0.42241 0.03926 0.37421 0.46700
0.06649 0.05630 0.00200 0.13867
-0.27744 0.01301 -0.29441 -0.25487
-0.04691 0.01853 -0.07966 -0.02692
0.53807 0.03488 0.50106 0.58981
-0.03901 0.02599 -0.07806 -0.00548
0.01224 0.03374 -0.02490 0.06136
-0.08528 0.11352 -0.21191 0.07668
