# avg	std	min	max
0.29989 0.00114 0.29873 0.30141
-0.78008 0.00843 -0.79067 -0.77241
0.85857 0.20068 0.63041 1.23210
-1.30606 0.00910 -1.31545 -1.29367
0.46716 0.00260 0.46417 0.47101
-1.64600 0.01934 -1.66647 -1.60970
-0.91531 0.01462 -0.93036 -0.89111
-1.20379 0.01457 -1.23151 -1.18937
5.15431 0.05342 5.09127 5.22058
-0.48220 0.00408 -0.49018 -0.47868
-0.00060 0.00053 -0.00150 -0.00000
0.06047 0.00189 0.05877 0.06368
-0.72881 0.04301 -0.78201 -0.68045
0.40376 0.00626 0.39370 0.41034
-0.50322 0.04469 -0.54081 -0.42034
0.77004 0.00484 0.76353 0.77449
-0.45035 0.09640 -0.60418 -0.35024
-0.87934 0.03170 -0.94055 -0.84864
-1.27700 0.06325 -1.33094 -1.19697
0.15385 0.01717 0.14120 0.18730
0.20164 0.57287 -0.30292 0.95581
4.91114 0.11196 4.75681 5.10678
-1.13483 0.12240 -1.27532 -0.91709
