# avg	std	min	max
2.04887 0.05118 1.98724 2.11658
1.63568 0.14425 1.53920 1.91681
1.30423 0.11560 1.20615 1.50596
0.40146 0.19438 0.04229 0.59284
0.39854 0.09419 0.24796 0.52703
-0.13899 0.14238 -0.28448 0.11030
0.48563 0.40143 -0.22356 0.98199
1.04081 0.05916 0.94286 1.12026
2.44598 0.28413 2.16434 2.95330
0.55435 0.00331 0.55006 0.55904
-0.00765 0.00579 -0.01295 -0.00000
1.32299 0.03748 1.27346 1.36825
1.20599 0.49749 0.26952 1.67384
1.04135 0.03749 0.97126 1.07216
0.78655 0.02155 0.74704 0.80856
0.20714 0.02851 0.15071 0.22825
0.08766 0.07044 -0.02577 0.19420
1.65726 0.23228 1.27131 1.97212
2.07824 0.13454 1.89960 2.27444
1.04545 0.31129 0.76952 1.59867
0.12163 0.10232 -0.01102 0.27615
2.59362 0.07222 2.48920 2.71328
0.02522 0.67359 -0.77861 0.89082
