# avg	std	min	max
0.48773 0.15327 0.24610 0.70921
-0.06693 0.06451 -0.15174 0.02261
0.30092 0.23257 -0.13443 0.54503
-0.17112 0.17555 -0.41920 0.05154
-0.26062 0.16403 -0.46484 -0.06063
-0.40118 0.24791 -0.69328 -0.10498
-0.51070 0.12178 -0.65078 -0.35330
-0.64394 0.14036 -0.86182 -0.42288
0.43720 0.31737 -0.08719 0.90856
0.28286 0.24628 -0.09691 0.65656
-0.01724 0.04006 -0.09620 0.01519
0.61213 0.23207 0.27092 0.87508
-0.41836 0.16485 -0.54977 -0.16416
0.28719 0.11772 0.15324 0.43883
-0.48231 0.20754 -0.75125 -0.26666
-0.47717 0.11534 -0.69195 -0.37301
-1.23314 0.11324 -1.41224 -1.13206
-0.21495 0.15035 -0.45648 -0.00641
0.13969 0.23695 -0.20727 0.44904
0.25911 0.27184 -0.01209 0.65713
-0.26137 0.22083 -0.51714 -0.00956
-0.55623 0.22983 -0.80444 -0.13008
-0.73146 0.17616 -0.94571 -0.53329
