# avg	std	min	max
1.18968 0.00206 1.18577 1.19145
-0.26640 0.00132 -0.26788 -0.26480
-1.60414 0.00962 -1.61381 -1.59129
0.25446 0.82728 -0.83489 1.68982
-2.56671 0.00373 -2.56952 -2.55960
-2.78538 0.05441 -2.85869 -2.70349
11.43196 1.51692 9.32180 13.07910
16.08270 3.27106 9.82571 18.76330
5.08954 0.39820 4.57911 5.48970
0.76723 0.00460 0.75911 0.77318
0.00059 0.00040 0.00006 0.00110
0.19931 0.00578 0.19289 0.20842
21.56806 2.82057 17.52150 25.09140
1.83000 0.54305 1.47892 2.90649
0.57178 0.00641 0.56132 0.57964
3.53546 0.04212 3.45153 3.56011
1.26819 0.01406 1.24879 1.28506
1.59780 0.13205 1.46414 1.83256
1.82695 0.04401 1.77651 1.88435
9.70524 0.11646 9.55972 9.87382
5.47339 0.13472 5.32426 5.70629
4.89937 0.28926 4.52186 5.17609
27.42340 2.06434 24.52500 30.64380
