# avg	std	min	max
0.57947 0.02320 0.54456 0.61117
-0.20572 0.00138 -0.20739 -0.20424
0.19058 0.00176 0.18815 0.19274
-0.77514 0.07146 -0.85570 -0.67027
-0.86648 0.02561 -0.90163 -0.83988
-1.40329 0.05649 -1.47662 -1.34721
-0.94031 0.01504 -0.95884 -0.92641
-1.16981 0.05121 -1.26461 -1.12476
2.80820 0.08907 2.73214 2.93183
-0.20329 0.00070 -0.20413 -0.20212
0.00081 0.00138 -0.00073 0.00305
0.44373 0.00170 0.44246 0.44679
-0.90310 0.00663 -0.91228 -0.89222
-0.50786 0.04600 -0.54706 -0.41870
-0.61056 0.00466 -0.61657 -0.60300
0.01624 0.00134 0.01440 0.01768
-0.40854 0.01389 -0.42298 -0.38883
-0.60329 0.05803 -0.68856 -0.54147
-0.97516 0.03590 -1.00383 -0.90550
-0.48657 0.02587 -0.52934 -0.45071
-0.02769 0.05852 -0.10982 0.06240
-0.02291 0.03596 -0.05882 0.04624
-1.32222 0.03662 -1.39410 -1.29070
