# avg	std	min	max
0.75056 0.02406 0.72498 0.78330
-0.49355 0.03078 -0.52669 -0.45003
-0.34078 0.01659 -0.35786 -0.30922
-1.15621 0.05019 -1.22458 -1.09144
-1.09166 0.07823 -1.24252 -1.01699
-1.93623 0.09058 -2.04502 -1.78016
-0.10420 0.44123 -0.82515 0.54113
-0.30235 0.11879 -0.42468 -0.11888
3.78836 0.52096 3.14712 4.35564
-0.11145 0.11018 -0.21239 0.02621
-0.00039 0.00026 -0.00087 -0.00008
0.54234 0.00172 0.54014 0.54498
-0.36042 0.11114 -0.50122 -0.22193
0.52183 0.25677 0.00844 0.66191
-0.39853 0.22150 -0.59889 0.00833
0.10004 0.02170 0.07429 0.12982
-0.57076 0.03695 -0.59302 -0.49759
-0.61224 0.10499 -0.79141 -0.50090
-0.08011 0.02770 -0.10388 -0.02974
0.23361 0.23502 -0.14943 0.51583
-0.09525 0.02312 -0.11003 -0.04918
0.19645 0.25927 -0.17529 0.62267
-0.71307 0.28602 -1.24373 -0.48765
