# avg	std	min	max
2.38107 0.00268 2.37670 2.38380
1.27298 0.01713 1.24103 1.28755
1.21573 0.06583 1.14831 1.30110
2.17460 0.16005 2.05488 2.49015
0.92490 0.04162 0.84505 0.96634
0.55136 0.44962 0.24150 1.44482
8.81584 0.05172 8.76802 8.88025
12.25472 0.48098 11.66850 12.84040
6.06609 0.07394 5.98611 6.16642
0.80288 0.01281 0.79214 0.82177
-0.00120 0.00209 -0.00536 0.00000
1.04804 0.09090 0.93474 1.13393
13.48878 0.33733 13.10440 13.92760
2.80201 0.95848 1.46553 4.00918
2.28073 0.41282 1.56267 2.85418
2.91891 0.59309 2.29824 3.90094
1.70313 0.57263 0.96178 2.50915
3.17994 0.81913 2.15201 4.08465
2.64645 0.21146 2.35218 2.85912
6.02760 0.88088 4.29195 6.73619
4.56105 0.17136 4.25994 4.73976
5.25346 0.28546 5.00479 5.81261
15.21518 0.57948 14.59780 16.11680
