# avg	std	min	max
0.59324 0.03312 0.57305 0.65902
-0.45387 0.00944 -0.47024 -0.44085
0.20471 0.00070 0.20424 0.20607
-1.77436 0.05981 -1.86362 -1.67647
-0.73182 0.00471 -0.73714 -0.72371
-1.85045 0.01308 -1.86470 -1.82946
-1.80543 0.00685 -1.81419 -1.79731
-1.85066 0.00243 -1.85215 -1.84582
5.55986 0.15078 5.27781 5.69121
0.46023 0.00604 0.45074 0.46893
0.00149 0.00227 -0.00300 0.00309
0.00749 0.00195 0.00609 0.01132
-1.73031 0.00349 -1.73441 -1.72441
-0.00935 0.00292 -0.01411 -0.00589
-1.14245 0.06612 -1.23352 -1.06364
0.03657 0.00690 0.02550 0.04522
-0.82144 0.01037 -0.83755 -0.80638
-1.28741 0.01554 -1.31189 -1.26647
-0.93909 0.01557 -0.95512 -0.91356
-0.62660 0.01299 -0.64310 -0.60918
-0.00214 0.01200 -0.01834 0.01175
0.30373 0.02375 0.27528 0.34631
-2.04244 0.01677 -2.06708 -2.02204
