# avg	std	min	max
0.30959 0.12957 0.13718 0.50360
0.50848 0.31425 0.18699 0.95206
0.00026 0.00105 -0.00173 0.00106
-0.69058 0.55905 -1.21272 0.33407
-0.45319 0.17267 -0.63612 -0.23138
-1.96234 0.20982 -2.17199 -1.56017
-0.75104 0.73653 -1.98368 -0.11274
0.39032 0.31865 -0.07926 0.86779
0.00730 0.24232 -0.44849 0.21441
0.89128 0.16878 0.56834 1.06678
0.37220 0.18571 0.11734 0.55582
-0.20125 0.13754 -0.42332 0.00642
-0.04284 0.18135 -0.34162 0.17519
-0.26518 0.31827 -0.57470 0.26177
0.01076 0.22047 -0.34135 0.35320
0.38159 0.29728 -0.04616 0.80285
-0.33878 0.27686 -0.75724 0.11420
0.14020 0.29609 -0.31344 0.60039
0.74806 0.11800 0.58077 0.90073
-0.31218 0.20290 -0.59065 -0.06929
0.56313 0.29953 0.09370 0.93076
1.52388 0.28694 1.10960 1.94852
-1.06102 0.66043 -1.82830 -0.20968
