# avg	std	min	max
2.74717 0.00319 2.74163 2.75154
1.26109 0.00704 1.24776 1.26758
0.00371 0.00416 -0.00000 0.00891
-1.11529 0.05513 -1.20394 -1.05504
-1.23922 0.01287 -1.26223 -1.22349
-1.30298 0.01581 -1.32213 -1.28150
-0.10312 0.02295 -0.14780 -0.08567
0.01595 0.02043 -0.00105 0.05529
4.63897 0.02049 4.62023 4.67055
1.56463 0.01414 1.55314 1.59235
0.25144 0.01066 0.23138 0.26068
1.48062 0.00486 1.47164 1.48512
-0.01644 0.00486 -0.02169 -0.00733
1.78489 0.11538 1.56485 1.88478
0.99513 0.03666 0.96035 1.04314
2.40456 0.00448 2.40093 2.41316
1.15711 0.02183 1.13635 1.18911
0.32906 0.03895 0.26391 0.38441
0.71189 0.05184 0.62908 0.78626
1.31380 0.01090 1.30322 1.33464
2.59033 0.04227 2.54222 2.65079
1.95851 0.03256 1.91908 1.99415
-0.38853 0.04832 -0.45397 -0.32219
