# avg	std	min	max
1.40550 0.02006 1.38125 1.43136
0.62871 0.02782 0.60538 0.68241
-0.00550 0.01044 -0.01909 0.01105
-0.18285 0.00768 -0.19451 -0.17178
-0.60545 0.01349 -0.61737 -0.58081
-1.12398 0.07184 -1.17147 -0.98184
0.03197 0.01960 -0.00078 0.05772
0.16591 0.14064 -0.07494 0.29643
3.53585 0.10363 3.39223 3.65552
0.71179 0.02651 0.67773 0.74925
0.01120 0.00735 0.00512 0.02315
0.55452 0.01978 0.53107 0.58217
0.12482 0.03076 0.08334 0.17147
0.16964 0.06927 0.11807 0.30664
0.30974 0.06565 0.18582 0.36881
1.51238 0.05505 1.47699 1.62168
0.24407 0.08261 0.15883 0.35887
-0.41079 0.12192 -0.52158 -0.22660
-0.11815 0.06665 -0.20861 -0.03292
0.83159 0.02521 0.78220 0.85265
0.52451 0.09863 0.38639 0.66131
1.38115 0.05138 1.31998 1.46736
-0.17132 0.18811 -0.49961 0.06078
