# avg	std	min	max
1.91225 0.00826 1.89573 1.91647
0.57521 0.00006 0.57510 0.57529
-0.00003 0.00003 -0.00006 -0.00000
-0.99991 0.00143 -1.00168 -0.99846
-0.95797 0.00070 -0.95876 -0.95712
-1.01296 0.00654 -1.02422 -1.00452
-0.24536 0.05326 -0.27439 -0.13894
-0.58746 0.15518 -0.88072 -0.44854
3.99160 0.48809 3.65152 4.94024
0.63247 0.00022 0.63229 0.63290
0.74182 0.00094 0.74125 0.74370
0.92615 0.00045 0.92556 0.92663
-0.10214 0.08421 -0.18356 -0.00002
0.40103 0.01452 0.38363 0.41652
-0.36124 0.00668 -0.37185 -0.35534
1.26984 0.05400 1.23677 1.37751
0.27836 0.00715 0.26846 0.28890
-0.41360 0.01542 -0.44261 -0.39851
-0.21246 0.05480 -0.30425 -0.15550
0.50493 0.00784 0.49778 0.51931
1.10952 0.05546 1.03462 1.15992
0.82498 0.01839 0.80158 0.84616
-1.31779 0.04402 -1.36127 -1.23988
