# avg	std	min	max
3.43730 0.04382 3.40153 3.52238
2.31003 0.14378 2.11029 2.50327
-0.00117 0.00062 -0.00208 -0.00021
0.20889 0.05057 0.13448 0.28434
0.91948 0.05112 0.85738 0.98934
-0.10578 0.06403 -0.17055 -0.00012
-0.35764 0.19511 -0.56141 -0.10948
0.89173 0.06471 0.80851 0.97395
5.12475 0.06378 5.01866 5.20168
3.36109 0.36917 2.63793 3.63225
2.27352 0.01012 2.26627 2.29297
1.58740 0.05957 1.51341 1.68281
0.18968 0.06991 0.12186 0.28234
2.81561 0.05094 2.72184 2.86503
1.99721 0.06861 1.92615 2.10837
3.53220 0.02923 3.49599 3.58206
2.91569 0.07913 2.80683 3.05181
1.88071 0.11837 1.70752 2.03183
2.22652 0.04393 2.16775 2.28687
2.25321 0.03914 2.21068 2.30962
5.68284 0.33643 5.07440 6.00919
9.31620 0.42431 8.84156 10.05900
6.40824 0.52765 5.69399 7.04008
