# avg	std	min	max
3.95639 0.01011 3.94488 3.96963
2.57688 0.01102 2.56268 2.58677
-0.00979 0.01882 -0.04740 0.00037
1.58654 0.07861 1.45530 1.68212
0.09208 0.01307 0.06897 0.10937
1.60941 0.23352 1.14241 1.72871
2.07674 0.32863 1.66950 2.67700
3.11813 0.31470 2.71782 3.60960
5.05511 0.05237 4.99385 5.14688
3.18346 0.03515 3.12077 3.22775
2.16203 0.10804 1.94597 2.21764
2.06614 0.00413 2.05953 2.07063
3.08856 0.30414 2.59037 3.39020
2.61428 0.00687 2.60278 2.62399
2.90360 0.10091 2.73627 3.00802
4.38911 0.18157 4.22054 4.61131
3.30650 0.08934 3.21892 3.47827
1.70487 0.08772 1.60815 1.86137
0.98836 0.06483 0.87325 1.05644
4.68542 0.27593 4.28317 5.07831
5.84784 0.07530 5.75938 5.94145
6.61657 0.32604 6.24897 7.22941
2.89421 0.42379 2.47835 3.58591
