# avg	std	min	max
3.59972 0.00528 3.59046 3.60491
2.13427 0.00177 2.13251 2.13733
-0.00033 0.00068 -0.00168 0.00002
0.48129 0.21054 0.09411 0.72002
-0.27167 0.00175 -0.27379 -0.26883
-0.87261 0.01521 -0.88509 -0.84301
1.24071 2.32726 -1.04101 4.19344
6.50870 2.46657 4.18626 11.08020
1.88706 0.00238 1.88329 1.89054
2.91219 0.00465 2.90643 2.91820
1.47032 0.00206 1.46847 1.47416
2.01544 0.00223 2.01145 2.01774
2.13468 2.21025 -2.21655 3.85412
3.06891 0.02619 3.04503 3.10397
2.31122 0.27848 2.13452 2.86152
2.86992 0.27576 2.35611 3.18423
2.10182 0.14389 1.94863 2.34865
1.35417 0.05371 1.27636 1.40110
3.90960 0.79646 3.13059 5.29679
2.61715 0.24629 2.38886 3.06917
5.52320 0.32151 4.91505 5.85993
8.77024 0.80291 7.30063 9.62992
14.61824 2.61949 11.20030 18.57010
