# avg	std	min	max
0.73807 0.00588 0.73064 0.74404
0.01577 0.00581 0.00779 0.02528
0.00311 0.01078 -0.01106 0.01612
-1.49074 0.03902 -1.53041 -1.44004
-0.97620 0.01296 -0.99096 -0.96059
-1.45102 0.05872 -1.56047 -1.39958
-0.97168 0.02864 -1.00124 -0.92609
-1.12513 0.04531 -1.19415 -1.06389
3.61192 0.01552 3.59691 3.63683
-0.00259 0.00268 -0.00592 0.00095
-0.15901 0.02656 -0.18849 -0.11055
0.34600 0.06260 0.30325 0.47036
-0.99405 0.01411 -1.00790 -0.97106
-0.15705 0.00334 -0.15952 -0.15061
-0.51538 0.00882 -0.52421 -0.49996
0.23665 0.00971 0.21863 0.24631
-0.24023 0.00878 -0.24939 -0.22641
-0.68685 0.07605 -0.75645 -0.58375
-0.29789 0.02822 -0.34860 -0.26199
-0.11342 0.00567 -0.12166 -0.10469
0.08334 0.02783 0.06384 0.13811
0.42151 0.07485 0.36940 0.57007
-1.44902 0.46771 -2.06670 -1.02751
