# avg	std	min	max
0.52225 0.00011 0.52215 0.52246
-0.21912 0.00002 -0.21913 -0.21908
0.00060 0.00032 0.00000 0.00092
-0.62758 0.00051 -0.62804 -0.62663
-0.54274 0.00028 -0.54326 -0.54241
-1.12404 0.13853 -1.24334 -0.86961
-0.98776 0.05833 -1.03129 -0.87406
-1.33833 0.00768 -1.34865 -1.32487
3.15442 0.10259 2.95363 3.22442
-0.00801 0.00155 -0.00917 -0.00506
-0.06443 0.00419 -0.07246 -0.06036
0.51452 0.00277 0.51116 0.51839
-0.87107 0.01270 -0.87839 -0.84570
0.08157 0.00310 0.07669 0.08483
-0.55040 0.09536 -0.69331 -0.47298
-0.02441 0.00124 -0.02591 -0.02311
-0.42501 0.01601 -0.44794 -0.39837
-0.46361 0.04073 -0.51307 -0.39965
-0.52071 0.05445 -0.61489 -0.47083
0.02548 0.00679 0.01238 0.03145
0.11392 0.01562 0.10504 0.14512
-0.07127 0.04054 -0.12272 -0.03101
-1.36481 0.06030 -1.46896 -1.28665
