# avg	std	min	max
3.94057 0.05165 3.85248 3.98842
2.11889 0.01681 2.08640 2.13243
-0.00130 0.00161 -0.00368 -0.00000
-0.30607 0.19994 -0.58094 -0.13079
-1.06867 0.00898 -1.08469 -1.05783
-0.87466 0.00787 -0.88916 -0.86591
4.89537 2.92672 1.82333 10.48590
2.93399 3.95713 0.30180 10.81670
4.08671 0.03969 4.03557 4.12809
2.87457 0.02505 2.84297 2.90214
1.46489 0.01345 1.45573 1.49139
1.21648 0.00629 1.20538 1.22349
3.93222 2.14712 2.09448 8.01726
2.10518 0.04573 2.03799 2.15566
1.51548 0.01658 1.49020 1.54136
2.99565 0.01859 2.96150 3.01695
2.00727 0.27400 1.46133 2.17068
0.94465 0.05464 0.86789 1.03142
1.59021 0.29592 1.30014 2.01195
6.51520 1.62202 4.46807 8.78994
4.38006 0.02227 4.35489 4.40615
4.95046 0.16862 4.74515 5.25081
3.24578 1.03999 2.20149 4.52200
