# avg	std	min	max
1.08585 0.00925 1.07233 1.09940
0.14201 0.00286 0.13817 0.14552
-0.00549 0.00605 -0.01655 0.00000
-1.45680 0.01934 -1.48538 -1.43467
-0.76506 0.00307 -0.76699 -0.75899
-1.40615 0.01185 -1.41802 -1.38542
-1.07725 0.11514 -1.24788 -0.90181
-1.59898 0.17810 -1.70542 -1.24495
3.08614 0.14312 2.87257 3.32137
0.32906 0.01291 0.31264 0.35229
0.40566 0.03467 0.35993 0.43528
0.34450 0.00270 0.34139 0.34871
-0.62777 0.17576 -0.90873 -0.44317
-0.42423 0.00479 -0.42834 -0.41643
-0.33736 0.01715 -0.35589 -0.31015
0.47683 0.04848 0.41901 0.53823
-0.38940 0.02071 -0.41390 -0.35632
-0.84365 0.00795 -0.85308 -0.83183
-0.65618 0.02131 -0.69765 -0.64010
-0.05837 0.06974 -0.09937 0.08011
0.28641 0.08927 0.15557 0.42060
1.17555 0.03094 1.13368 1.22697
-0.32654 0.02513 -0.34920 -0.28711
