# avg	std	min	max
2.86261 0.04566 2.80375 2.92654
1.18715 0.03134 1.12932 1.22243
0.01329 0.02392 -0.00016 0.06092
-0.92414 0.03042 -0.97906 -0.89524
-0.40512 0.02543 -0.45364 -0.37849
-1.21187 0.19107 -1.50427 -0.93899
-0.87533 0.02327 -0.89490 -0.83016
-1.23071 0.03053 -1.27556 -1.18492
4.31564 0.18755 4.11548 4.54679
1.67368 0.05630 1.60386 1.73942
1.50285 0.02397 1.47754 1.54848
1.31174 0.05932 1.26516 1.42245
-0.56665 0.03151 -0.61286 -0.52030
1.28185 0.03528 1.22452 1.33433
1.23179 0.18630 0.97272 1.43617
2.06282 0.03045 2.02767 2.11406
1.27266 0.08979 1.09355 1.32708
0.81330 0.08619 0.64663 0.89190
1.07044 0.05799 0.99320 1.16155
0.42820 0.02959 0.39887 0.47086
3.27600 0.03781 3.25034 3.35054
2.78497 0.33249 2.25886 3.17983
-1.49465 0.05145 -1.55742 -1.41271
