# avg	std	min	max
0.21309 0.07336 0.11810 0.30500
0.06616 0.02083 0.03502 0.09948
-0.00029 0.00038 -0.00073 0.00038
-0.68018 0.05352 -0.75196 -0.61373
-0.31763 0.00903 -0.32422 -0.29970
-0.56251 0.03291 -0.59397 -0.50038
-0.44316 0.03474 -0.48891 -0.38137
0.04206 0.04174 -0.00924 0.09908
4.59659 0.19239 4.22891 4.78080
-0.22436 0.04662 -0.27809 -0.15803
-0.37872 0.01515 -0.40582 -0.35929
0.32084 0.03954 0.24316 0.35286
-0.41620 0.04280 -0.49253 -0.36371
-0.37852 0.04807 -0.44241 -0.33537
-0.35400 0.02371 -0.39885 -0.32836
0.57408 0.01859 0.55156 0.60528
-0.22390 0.01193 -0.23749 -0.20880
-0.71924 0.03523 -0.76473 -0.67320
-0.75586 0.15793 -1.02256 -0.59557
0.19929 0.01950 0.17105 0.22090
0.64548 0.01595 0.62918 0.67354
0.46672 0.03781 0.42615 0.51419
-0.44914 0.02676 -0.48144 -0.41925
