# avg	std	min	max
1.38818 0.03583 1.33061 1.44004
0.33147 0.03798 0.28078 0.39470
-0.00540 0.00440 -0.01100 0.00000
-0.81280 0.08003 -0.88042 -0.66287
-0.32829 0.00298 -0.33016 -0.32237
-1.11885 0.09062 -1.19869 -0.99033
-0.08105 0.09593 -0.15141 0.10464
-0.28899 0.12299 -0.46121 -0.16475
3.85828 0.52227 3.39723 4.51898
1.39958 0.00287 1.39618 1.40298
0.71526 0.00396 0.70901 0.72054
0.74315 0.02283 0.71118 0.77515
0.07196 0.06412 0.00754 0.15358
0.24999 0.02419 0.22682 0.29364
0.08036 0.14211 -0.13684 0.29463
1.10995 0.07052 1.03460 1.23588
0.30571 0.01567 0.29345 0.33669
-0.29213 0.02090 -0.32366 -0.25956
-0.01380 0.04519 -0.07099 0.04782
0.05512 0.04159 0.01271 0.13007
1.29497 0.02808 1.25065 1.32556
0.97036 0.01834 0.94283 1.00066
-0.21649 0.49995 -0.88526 0.23820
