# avg	std	min	max
4.16106 0.08805 4.04028 4.25848
3.00327 0.03938 2.93912 3.06237
0.00369 0.00713 -0.00000 0.01794
-0.63035 0.01381 -0.65104 -0.61600
-0.14139 0.01413 -0.16306 -0.12463
1.13767 0.01410 1.11196 1.15171
2.98843 0.96749 1.72616 3.98641
3.22195 0.25617 3.00859 3.72048
4.07057 0.26845 3.86284 4.60147
3.63718 0.06945 3.52973 3.70295
1.76214 0.01885 1.73698 1.78609
2.26346 0.01710 2.24343 2.28494
2.64413 0.88002 2.01027 4.37992
2.92771 0.00529 2.92072 2.93706
1.97105 0.03629 1.91717 2.02105
2.49835 0.32130 2.17819 2.94086
2.15890 0.01812 2.14197 2.19396
1.44732 0.04350 1.39825 1.50869
1.84155 0.03110 1.79976 1.87269
4.60901 0.60311 3.87320 5.56433
5.11816 0.25841 4.69074 5.49169
4.90569 0.14982 4.73744 5.16331
4.02947 1.12238 2.33017 5.40068
