# avg	std	min	max
1.71231 0.00354 1.70950 1.71915
1.15002 0.00885 1.13591 1.15949
-0.00138 0.00101 -0.00219 0.00000
0.16151 0.01968 0.13664 0.17981
-0.21737 0.06207 -0.31358 -0.11906
-0.17065 0.02339 -0.21265 -0.14877
-0.17696 0.04151 -0.21688 -0.11819
0.19257 0.03552 0.14079 0.23925
3.51601 0.06479 3.41506 3.58432
1.04564 0.01090 1.02922 1.06024
0.53460 0.05943 0.44757 0.62877
0.85493 0.05469 0.77746 0.90161
-0.42885 0.02162 -0.46126 -0.40671
0.98896 0.02034 0.96769 1.02686
0.12040 0.09756 0.00519 0.27971
0.99085 0.01453 0.96522 1.00913
0.56393 0.03193 0.52029 0.59579
0.19271 0.07235 0.07916 0.28922
0.47283 0.01039 0.46369 0.49063
0.87356 0.00943 0.85822 0.88369
0.67741 0.01579 0.64711 0.69058
0.32244 0.05390 0.25032 0.38515
-0.24276 0.00827 -0.25667 -0.23463
