# avg	std	min	max
2.04898 0.01359 2.02702 2.06254
0.91736 0.01011 0.90170 0.92713
-0.01739 0.02685 -0.06530 0.00784
0.59149 0.04640 0.50731 0.64988
-0.05318 0.02113 -0.07908 -0.01627
0.14936 0.06591 0.07348 0.26759
0.77886 0.06398 0.71969 0.87941
0.74673 0.03693 0.68766 0.80264
2.09663 0.14505 1.97631 2.27604
1.97440 0.00452 1.96818 1.97996
1.16538 0.00732 1.15095 1.17132
1.03951 0.00258 1.03622 1.04201
0.89276 0.02418 0.85994 0.91990
1.47553 0.02828 1.43098 1.51884
0.60997 0.02256 0.57454 0.64426
1.54325 0.02311 1.51554 1.57856
1.23138 0.03231 1.19648 1.28593
0.62030 0.01150 0.60513 0.63736
0.88959 0.15978 0.65381 1.08817
1.17233 0.02904 1.13782 1.21113
2.18169 0.02617 2.14928 2.22278
2.14330 0.10200 2.04012 2.32185
0.39664 0.04092 0.33702 0.44162
