# avg	std	min	max
3.02279 0.04193 2.95177 3.07678
1.51453 0.08582 1.39252 1.60166
-0.00053 0.00148 -0.00223 0.00176
1.93611 0.22498 1.59891 2.21701
0.82726 0.05201 0.73313 0.86616
1.20468 0.75917 0.06357 2.22847
7.94717 4.62388 1.84397 11.78770
12.29557 4.55024 7.87112 21.01460
4.90034 0.09846 4.79260 5.06757
1.59970 0.03506 1.53688 1.64511
1.06696 0.11756 0.94891 1.27003
1.47011 0.08574 1.33779 1.57154
11.92085 5.29827 5.49622 17.77510
3.04814 0.02069 3.01501 3.06638
3.06403 0.33953 2.85054 3.74007
5.00083 0.05682 4.89505 5.05161
5.13036 0.11565 4.94371 5.30017
6.15693 0.79499 5.06684 7.50006
11.28562 2.35282 7.02241 13.93730
8.27199 2.45442 3.39197 9.84814
11.59852 0.48835 10.92770 12.15100
11.90994 1.00956 10.89240 13.75340
30.56126 4.09832 24.29530 37.13080
