# avg	std	min	max
2.58888 0.01188 2.56558 2.59716
1.23495 0.00259 1.23088 1.23825
0.00302 0.00139 0.00216 0.00577
-1.42352 0.02122 -1.44462 -1.39738
-0.32038 0.00441 -0.32726 -0.31383
-1.07745 0.21189 -1.46971 -0.82875
-1.56059 0.01835 -1.59373 -1.53963
-0.65734 0.01803 -0.68059 -0.62770
4.32139 0.01994 4.30408 4.35541
1.54238 0.00738 1.53522 1.55254
1.48095 0.08833 1.30475 1.53398
1.25081 0.00337 1.24408 1.25270
-1.04500 0.02607 -1.08896 -1.01739
1.75349 0.00525 1.74615 1.76095
1.06473 0.04067 1.02521 1.13480
1.77280 0.00493 1.76324 1.77637
0.89937 0.01307 0.88401 0.91948
1.07670 0.17395 0.75804 1.25109
1.34714 0.13916 1.16148 1.47653
0.71877 0.02534 0.68510 0.75395
2.12633 0.00895 2.11431 2.13845
2.47430 0.14095 2.34079 2.66158
-2.23559 0.05438 -2.28459 -2.16681
