# avg	std	min	max
2.24468 0.10576 2.11996 2.39700
0.98549 0.04547 0.93820 1.07123
0.00243 0.00535 -0.00312 0.01014
-0.73703 0.12716 -0.92058 -0.52078
-0.97048 0.00342 -0.97593 -0.96607
-1.47343 0.05399 -1.55180 -1.40341
1.90850 0.26923 1.66632 2.42491
1.98387 0.76093 1.15761 3.15990
3.79411 0.48362 3.12232 4.39377
1.29136 0.00020 1.29110 1.29160
1.29435 0.10628 1.13621 1.41617
1.04294 0.00924 1.02620 1.05065
2.72117 1.06627 1.33676 4.63373
0.95742 0.07674 0.83741 1.07271
0.60075 0.10668 0.41233 0.72259
1.83534 0.10159 1.63582 1.90953
0.62582 0.08712 0.50256 0.75764
0.24386 0.04090 0.17543 0.30436
1.00577 0.06762 0.87968 1.05448
2.68058 0.30411 2.25825 2.98386
2.10663 0.13853 1.85044 2.21598
1.71136 0.03971 1.66196 1.77885
7.93620 0.29905 7.54610 8.45982
