# avg	std	min	max
3.04222 0.08144 2.96346 3.14231
2.93702 0.08125 2.86314 3.07569
3.81853 0.02901 3.77637 3.85374
1.68233 0.05080 1.61909 1.73591
4.00803 0.04562 3.95717 4.06749
1.10985 0.07730 1.04932 1.25797
0.66943 0.18725 0.40586 0.90101
0.01074 0.00717 -0.00000 0.01809
4.34689 0.50237 3.60488 4.85154
3.38001 0.40966 2.57050 3.65396
3.45067 0.14056 3.20671 3.57570
3.34510 0.09250 3.22241 3.48758
0.87764 0.56286 -0.04928 1.34332
3.02309 0.26749 2.64264 3.25572
2.43184 0.36315 1.88845 2.85991
3.62586 0.44633 2.73423 3.87527
2.78518 0.32329 2.14025 2.98121
2.62359 0.13031 2.47366 2.81947
2.00760 0.09453 1.88926 2.12897
2.94532 0.10126 2.82274 3.09727
3.38450 0.52027 2.79537 3.96891
6.07849 0.18437 5.80864 6.33832
2.40783 0.48229 1.89279 3.27368
