# avg	std	min	max
1.38007 0.02113 1.34194 1.40177
0.64483 0.02469 0.61285 0.68138
1.00434 0.01124 0.98495 1.01496
0.17904 0.00651 0.17347 0.19180
0.44175 0.02060 0.40064 0.45469
0.01967 0.01069 0.00494 0.03657
0.27903 0.00137 0.27821 0.28175
-0.00742 0.00000 -0.00742 -0.00742
0.03645 0.02970 0.00657 0.08120
0.63650 0.03928 0.56786 0.67617
0.59495 0.03349 0.54867 0.63668
1.32909 0.02034 1.30105 1.34876
0.23141 0.01191 0.22257 0.25367
1.15944 0.01894 1.12926 1.18694
0.46960 0.02887 0.43007 0.51660
0.73775 0.01730 0.71368 0.76609
0.40011 0.02218 0.35696 0.41824
0.61155 0.01787 0.58888 0.63989
0.90666 0.01913 0.87704 0.93576
1.10280 0.00876 1.09497 1.11898
0.14164 0.37414 -0.34712 0.48393
0.65314 0.20058 0.33487 0.83076
-1.55867 0.04441 -1.63060 -1.51257
