# avg	std	min	max
1.06385 0.00859 1.04859 1.07153
0.75967 0.01556 0.74466 0.78717
0.70821 0.01555 0.69241 0.72842
0.38563 0.01814 0.35220 0.40071
0.66490 0.04679 0.60704 0.73137
0.32300 0.01567 0.29894 0.34380
-0.00805 0.00844 -0.02039 0.00353
-0.00613 0.00453 -0.01278 -0.00205
-0.36606 0.01307 -0.37818 -0.34423
0.84444 0.01854 0.83243 0.88031
0.69252 0.01298 0.67522 0.71163
0.80589 0.00680 0.79817 0.81415
0.02787 0.01334 0.01698 0.05139
0.69111 0.00397 0.68778 0.69841
0.57558 0.01201 0.55917 0.59619
0.49707 0.01830 0.47235 0.52740
0.43191 0.01965 0.40405 0.45441
0.29162 0.01438 0.27740 0.31843
0.42825 0.02041 0.40167 0.45060
0.49182 0.01789 0.47003 0.50865
0.49860 0.00803 0.48515 0.50835
0.62023 0.01404 0.60192 0.64347
-0.39515 0.00749 -0.40695 -0.38564
