# avg	std	min	max
3.26680 0.45888 2.35387 3.55993
1.88507 0.19384 1.51972 2.09182
0.24968 0.39061 -0.52329 0.54668
-0.02324 0.37927 -0.25416 0.73340
-0.47014 0.01500 -0.49449 -0.44879
0.43492 0.42913 -0.06786 1.06603
0.53370 0.01298 0.52187 0.55867
0.03997 0.02989 0.00765 0.07696
3.32706 0.55184 3.00179 4.42180
1.95347 0.45910 1.50878 2.51743
2.51925 0.52803 1.49246 2.91927
1.68861 0.64470 0.76156 2.27137
1.14452 0.06838 1.05762 1.22789
3.68972 0.42268 2.84507 3.92517
2.34251 0.37666 1.83489 2.67929
2.07841 0.21152 1.78319 2.31960
1.16535 0.44895 0.82302 2.04208
3.53954 0.55380 2.75106 4.18402
4.15252 0.32500 3.86832 4.62391
2.54487 0.03125 2.48577 2.57475
2.82374 0.24781 2.64538 3.31543
4.48503 0.26494 4.18020 4.97690
7.59059 0.87426 6.69303 9.06271
