# avg	std	min	max
6.69646 0.19562 6.48696 7.04033
6.29265 0.12002 6.10167 6.47894
4.95953 0.09023 4.84534 5.11142
3.11020 0.12078 2.96072 3.27245
4.56745 0.59594 3.57471 5.15178
2.89069 0.07585 2.77515 2.96841
2.34676 0.22568 2.00690 2.68211
0.03608 0.06772 -0.00000 0.17134
7.26748 0.14800 7.09968 7.48504
6.17584 0.09240 6.04789 6.30594
4.84722 0.56714 3.85508 5.54521
5.81834 0.09584 5.71902 5.98137
3.04560 0.46454 2.16509 3.41912
5.05009 0.42382 4.34389 5.49792
4.70767 0.38644 4.31393 5.44751
5.47949 0.09923 5.34224 5.62441
4.92976 0.25663 4.54247 5.20412
4.89424 0.37377 4.43274 5.29699
6.01207 0.64288 5.28534 7.06409
4.96750 0.17488 4.81404 5.26334
6.57188 0.12818 6.35086 6.70466
8.23551 0.18592 8.05944 8.52711
12.11830 2.29588 9.05849 14.82670
