# avg	std	min	max
5.97434 0.03994 5.90854 6.01386
4.40801 0.00684 4.40047 4.41766
3.33743 0.61929 2.94180 4.57238
2.34596 0.00865 2.33150 2.35593
2.86780 0.02065 2.84231 2.89940
1.78306 0.02738 1.75018 1.82996
1.20521 0.01282 1.18353 1.21964
-0.01424 0.01303 -0.03033 0.00580
8.13396 0.23000 7.81639 8.51260
5.72815 0.00930 5.71545 5.74011
5.83901 1.23746 4.33258 7.20900
4.83518 0.04253 4.77947 4.88834
0.70226 0.01575 0.67436 0.71750
4.70981 0.05824 4.66315 4.82360
4.52172 0.14211 4.30935 4.64461
5.38900 0.00267 5.38479 5.39312
4.85214 0.04076 4.80091 4.91221
4.37162 0.27070 3.90670 4.62693
3.46951 0.10637 3.31177 3.61265
3.88280 0.08827 3.80289 4.04999
7.63704 0.12737 7.47865 7.78454
7.05718 0.73874 6.12705 8.27701
13.64896 0.14193 13.40930 13.82260
