# avg	std	min	max
5.38733 0.02373 5.34193 5.40641
3.85411 0.01076 3.83923 3.87169
2.33162 0.01111 2.31756 2.34408
1.44876 0.03286 1.40712 1.48899
2.68858 0.33379 2.02169 2.87425
1.73934 0.11994 1.61776 1.95094
0.82406 0.01848 0.80023 0.84034
1.58317 0.01819 1.55190 1.60597
7.41849 0.44878 7.01623 8.23579
5.02672 0.04091 4.98518 5.09882
3.30608 0.03387 3.24446 3.33927
4.00489 0.03910 3.93745 4.05769
-0.00666 0.02556 -0.05004 0.02423
3.22580 0.01628 3.20170 3.24313
3.23674 0.01878 3.21941 3.26991
4.61627 0.04635 4.56078 4.67871
3.52861 0.09580 3.35124 3.63496
3.51457 0.04217 3.47925 3.58879
4.23338 0.04389 4.17692 4.29401
3.07433 0.01745 3.04385 3.09697
5.60470 0.38939 5.27174 6.11558
5.32647 0.08217 5.22093 5.43020
1.72638 0.48831 1.34593 2.68023
