# avg	std	min	max
1.57391 0.00729 1.56476 1.58205
0.15605 0.01155 0.14035 0.16970
1.18871 0.01948 1.15047 1.20507
-0.56451 0.01668 -0.59767 -0.55336
0.81393 0.01775 0.80106 0.84894
-0.73646 0.03565 -0.77931 -0.68660
-0.11336 0.02701 -0.14407 -0.07876
-0.20824 0.07261 -0.27255 -0.07124
4.91915 0.03303 4.86893 4.95844
0.35843 0.00621 0.34720 0.36445
2.33357 0.01376 2.31299 2.35561
0.94343 0.02192 0.90161 0.95977
-0.03644 0.02154 -0.06769 -0.01385
1.00908 0.01591 0.99479 1.04004
-0.29290 0.01058 -0.31015 -0.28026
1.39241 0.00846 1.37696 1.40011
0.07341 0.01461 0.05282 0.09780
-0.17155 0.04672 -0.20653 -0.08123
-0.42375 0.01348 -0.43856 -0.40028
0.71399 0.11997 0.57544 0.93143
0.97379 0.01463 0.95801 0.99778
3.61037 0.27538 3.16898 3.91343
0.01671 0.02056 -0.01370 0.03668
