# avg	std	min	max
5.32190 0.09935 5.15085 5.42530
5.05511 0.15406 4.90236 5.30795
5.04593 0.11493 4.89654 5.23104
3.11071 0.03841 3.07867 3.18541
3.91725 0.22568 3.58918 4.26020
2.57102 0.36331 2.15819 3.14058
-0.12985 0.00393 -0.13576 -0.12434
3.24391 0.53839 2.59040 4.17195
6.45712 0.08667 6.31864 6.58032
4.77031 0.08394 4.65671 4.88696
4.83449 0.09146 4.70443 4.95959
4.86098 0.03882 4.79563 4.90474
-0.01125 0.00340 -0.01624 -0.00808
4.10005 0.04296 4.02638 4.15019
2.85223 0.10641 2.67836 2.98569
6.24702 0.10649 6.12549 6.43179
5.93487 0.07677 5.82938 6.03610
2.48860 0.36334 2.01948 3.12426
4.00822 0.26772 3.68549 4.40820
3.32859 0.07339 3.24776 3.46272
8.74185 0.08676 8.59055 8.84451
10.16669 0.50828 9.51421 10.88460
12.88894 2.12755 11.00490 15.58180
