# avg	std	min	max
1.47064 0.02861 1.44547 1.50768
0.79028 0.02492 0.74082 0.80692
1.10848 0.00066 1.10785 1.10964
0.28113 0.05399 0.20998 0.37298
0.54592 0.00388 0.54026 0.55149
0.03253 0.04916 -0.03509 0.10337
-0.03265 0.01431 -0.04250 -0.00438
-0.19865 0.00496 -0.20599 -0.19413
4.24194 0.02992 4.19205 4.27435
1.02859 0.00882 1.02211 1.04607
0.73481 0.02932 0.68671 0.77024
1.55365 0.00869 1.54709 1.57038
-0.00000 0.00000 -0.00000 -0.00000
0.76647 0.03447 0.72479 0.80183
0.44554 0.03031 0.39354 0.48521
1.22298 0.02721 1.18103 1.25198
0.85343 0.00598 0.84162 0.85819
0.34219 0.04386 0.28278 0.39767
0.16468 0.05286 0.08113 0.22781
0.79542 0.02916 0.76165 0.83571
1.47007 0.03229 1.42785 1.51134
1.15904 0.00183 1.15773 1.16265
-0.05126 0.04930 -0.10912 0.01371
