# avg	std	min	max
1.90172 0.06928 1.79221 2.00446
0.74824 0.10367 0.60444 0.87213
1.54200 0.05028 1.46073 1.59457
0.27425 0.11566 0.14706 0.42794
0.89846 0.04300 0.85927 0.98036
-0.49529 0.03367 -0.54380 -0.44688
0.44731 0.03391 0.40146 0.49503
-0.09835 0.26247 -0.32854 0.40387
2.95934 0.41171 2.37803 3.64216
0.90222 0.04002 0.85141 0.97075
2.10392 0.03437 2.06367 2.15916
1.54993 0.02161 1.51101 1.57605
-0.00000 0.00000 -0.00000 -0.00000
0.51328 0.21366 0.30918 0.80505
1.47613 0.00701 1.46757 1.48288
1.84316 0.03246 1.81310 1.90228
1.23556 0.07121 1.12842 1.32564
0.89973 0.10711 0.72557 1.01144
1.18827 0.04842 1.12193 1.26711
1.36668 0.10085 1.20003 1.49086
1.21727 0.30083 0.77450 1.64708
1.98282 0.04912 1.90497 2.03256
-0.48210 0.12009 -0.69690 -0.37139
