# avg	std	min	max
2.59641 0.02372 2.56557 2.62936
1.22913 0.07883 1.12345 1.34169
2.92287 0.08568 2.82406 3.08294
-0.06539 0.11446 -0.24397 0.05435
2.39706 0.30756 1.85102 2.75443
-0.09719 0.11367 -0.26039 0.04246
-0.39919 0.09913 -0.52331 -0.27749
0.14782 0.12004 -0.02891 0.26036
6.75920 0.18886 6.53669 6.99918
1.69028 0.14396 1.48421 1.85632
3.00016 0.03218 2.94455 3.02845
2.01193 0.01970 1.99349 2.04523
0.00000 0.00000 0.00000 0.00000
2.17993 0.01424 2.16355 2.20598
0.93390 0.06186 0.85639 1.02463
2.49992 0.02657 2.44938 2.52656
1.77193 0.10575 1.58676 1.88211
1.18523 0.07977 1.07220 1.29599
1.77565 0.03253 1.74343 1.83188
1.51229 0.21238 1.18922 1.71492
3.04645 0.11074 2.88577 3.21753
4.73555 0.16749 4.48716 5.00870
-0.55504 0.06552 -0.64873 -0.47618
