# avg	std	min	max
2.99468 0.18105 2.82431 3.33997
1.40658 0.15744 1.22049 1.63810
2.78007 0.22993 2.54105 3.08755
0.41613 0.48117 -0.31876 1.16821
2.18753 0.52967 1.77803 3.21901
0.20090 0.12204 0.05902 0.38063
-0.78995 0.05846 -0.88149 -0.72319
0.24864 0.01616 0.21693 0.26259
7.72376 0.24099 7.34778 7.98802
2.02258 0.18265 1.80538 2.24437
3.70577 0.55899 2.59036 4.05073
1.91567 0.24013 1.57431 2.26341
-0.02859 0.00377 -0.03169 -0.02130
1.16090 0.11967 1.01840 1.33708
1.38313 0.34468 0.81486 1.88785
3.34757 0.03598 3.29960 3.40188
2.88555 0.28349 2.38309 3.12186
1.52961 0.17564 1.24751 1.80270
1.38406 0.56430 0.64769 2.36850
2.04498 0.08414 1.98376 2.20310
6.12434 0.69069 4.75484 6.56990
7.46612 0.95713 5.86272 8.68292
0.08280 0.68937 -0.84522 1.07324
