# avg	std	min	max
2.50350 0.04108 2.46672 2.57855
1.12570 0.01630 1.10003 1.14604
0.11300 0.04441 0.05746 0.17761
-0.61905 0.17028 -0.79769 -0.31231
-0.33310 0.17653 -0.45998 0.01582
-0.74311 0.10529 -0.88361 -0.61949
-1.44860 0.01007 -1.46181 -1.43668
-0.49248 0.13892 -0.73071 -0.31735
3.38935 0.09092 3.21141 3.45800
0.77573 0.02910 0.72736 0.80599
1.04930 0.09724 0.95752 1.23423
1.15772 0.02913 1.11342 1.19182
-0.00661 0.00634 -0.01914 -0.00214
0.46321 0.02921 0.41789 0.50407
0.70008 0.31711 0.24446 1.15442
2.33448 0.32966 1.93001 2.62293
1.23712 0.03945 1.19970 1.30991
-0.18819 0.11176 -0.39978 -0.09176
-0.14739 0.17725 -0.46107 0.06972
0.00427 0.02541 -0.02110 0.04696
2.57183 0.04869 2.52452 2.64430
4.27807 0.52735 3.86442 5.25034
-0.05535 0.12898 -0.18565 0.13905
