# avg	std	min	max
1.42546 0.00716 1.41664 1.43858
0.50856 0.00646 0.49812 0.51381
0.82002 0.02393 0.77853 0.84365
0.03066 0.09813 -0.15272 0.11609
0.14419 0.02681 0.11356 0.19188
0.07169 0.07725 -0.08081 0.12953
-0.09196 0.02249 -0.11047 -0.05178
-0.58227 0.00846 -0.59362 -0.56831
4.46826 0.02295 4.44346 4.50926
0.97956 0.00545 0.97410 0.98627
1.14645 0.03236 1.10281 1.18825
1.35935 0.02948 1.30821 1.38688
0.00180 0.00360 -0.00000 0.00900
0.63947 0.01001 0.62139 0.65029
0.26946 0.03161 0.22044 0.30065
0.84641 0.00147 0.84368 0.84786
0.45921 0.08088 0.35090 0.52809
0.28846 0.02957 0.25900 0.32431
0.32937 0.12899 0.17185 0.49030
0.72226 0.02265 0.68439 0.75138
1.08349 0.04818 1.00963 1.12592
0.64815 0.03076 0.61262 0.69870
-0.43841 0.11165 -0.56537 -0.23796
