# avg	std	min	max
0.54691 0.00000 0.54691 0.54691
0.16323 0.00000 0.16323 0.16323
0.17650 0.00000 0.17650 0.17650
-0.39574 0.00000 -0.39574 -0.39574
-0.15121 0.00000 -0.15121 -0.15121
-0.40733 0.00000 -0.40733 -0.40733
-0.11778 0.00000 -0.11778 -0.11778
-0.36664 0.00000 -0.36664 -0.36664
-0.05253 0.00000 -0.05253 -0.05253
0.33559 0.00000 0.33559 0.33559
0.55957 0.00000 0.55957 0.55957
0.26926 0.00000 0.26926 0.26926
-0.22900 0.00000 -0.22900 -0.22900
0.33195 0.00000 0.33195 0.33195
0.01071 0.00000 0.01071 0.01071
0.31597 0.00000 0.31597 0.31597
-0.00260 0.00000 -0.00260 -0.00260
-0.47624 0.00000 -0.47624 -0.47624
-0.40143 0.00000 -0.40143 -0.40143
0.34412 0.00000 0.34412 0.34412
