# avg	std	min	max
-0.11474 0.00000 -0.11474 -0.11474
-0.18018 0.00000 -0.18018 -0.18018
0.22581 0.00000 0.22581 0.22581
-0.02634 0.00000 -0.02634 -0.02634
0.55772 0.00000 0.55772 0.55772
-0.21837 0.00000 -0.21837 -0.21837
0.05195 0.00000 0.05195 0.05195
-0.18357 0.00000 -0.18357 -0.18357
-1.88529 0.00000 -1.88529 -1.88529
-0.09321 0.00000 -0.09321 -0.09321
0.51600 0.00000 0.51600 0.51600
0.21596 0.00000 0.21596 0.21596
0.09834 0.00000 0.09834 0.09834
0.22521 0.00000 0.22521 0.22521
-0.11811 0.00000 -0.11811 -0.11811
0.02985 0.00000 0.02985 0.02985
-0.00439 0.00000 -0.00439 -0.00439
-0.03852 0.00000 -0.03852 -0.03852
-0.72229 0.00000 -0.72229 -0.72229
0.20844 0.00000 0.20844 0.20844
