# avg	std	min	max
0.00000 0.00000 0.00000 0.00000
3.02878 0.00000 3.02878 3.02878
4.04311 0.00000 4.04311 4.04311
1.25521 0.00000 1.25521 1.25521
3.55836 0.00000 3.55836 3.55836
1.23634 0.00000 1.23634 1.23634
1.94325 0.00000 1.94325 1.94325
1.85572 0.00000 1.85572 1.85572
5.04792 0.00000 5.04792 5.04792
3.10701 0.00000 3.10701 3.10701
3.48529 0.00000 3.48529 3.48529
2.37674 0.00000 2.37674 2.37674
1.83025 0.00000 1.83025 1.83025
1.69005 0.00000 1.69005 1.69005
2.04234 0.00000 2.04234 2.04234
2.65896 0.00000 2.65896 2.65896
2.77822 0.00000 2.77822 2.77822
2.12365 0.00000 2.12365 2.12365
1.46656 0.00000 1.46656 1.46656
2.57772 0.00000 2.57772 2.57772
