# avg	std	min	max
0.00000 0.00000 0.00000 0.00000
2.41879 0.00000 2.41879 2.41879
3.89874 0.00000 3.89874 3.89874
2.17348 0.00000 2.17348 2.17348
3.61557 0.00000 3.61557 3.61557
2.05358 0.00000 2.05358 2.05358
1.99852 0.00000 1.99852 1.99852
2.19244 0.00000 2.19244 2.19244
4.88839 0.00000 4.88839 4.88839
2.51798 0.00000 2.51798 2.51798
3.74156 0.00000 3.74156 3.74156
2.38578 0.00000 2.38578 2.38578
2.09266 0.00000 2.09266 2.09266
2.36696 0.00000 2.36696 2.36696
2.22042 0.00000 2.22042 2.22042
2.59622 0.00000 2.59622 2.59622
2.44930 0.00000 2.44930 2.44930
2.07017 0.00000 2.07017 2.07017
1.87720 0.00000 1.87720 1.87720
2.39070 0.00000 2.39070 2.39070
