# avg	std	min	max
0.00000 0.00000 0.00000 0.00000
2.73125 0.00000 2.73125 2.73125
6.00548 0.00000 6.00548 6.00548
2.35655 0.00000 2.35655 2.35655
5.79052 0.00000 5.79052 5.79052
2.09446 0.00000 2.09446 2.09446
3.76747 0.00000 3.76747 3.76747
3.73148 0.00000 3.73148 3.73148
6.22572 0.00000 6.22572 6.22572
2.92594 0.00000 2.92594 2.92594
4.35793 0.00000 4.35793 4.35793
2.80860 0.00000 2.80860 2.80860
3.78281 0.00000 3.78281 3.78281
2.39282 0.00000 2.39282 2.39282
2.35468 0.00000 2.35468 2.35468
2.81292 0.00000 2.81292 2.81292
2.51822 0.00000 2.51822 2.51822
2.47709 0.00000 2.47709 2.47709
2.08902 0.00000 2.08902 2.08902
2.35956 0.00000 2.35956 2.35956
