# avg	std	min	max
0.88830 0.00000 0.88830 0.88830
0.62912 0.00000 0.62912 0.62912
0.38437 0.00000 0.38437 0.38437
-0.21736 0.00000 -0.21736 -0.21736
0.11589 0.00000 0.11589 0.11589
-0.53368 0.00000 -0.53368 -0.53368
0.03337 0.00000 0.03337 0.03337
0.19532 0.00000 0.19532 0.19532
3.77048 0.00000 3.77048 3.77048
0.69347 0.00000 0.69347 0.69347
0.78003 0.00000 0.78003 0.78003
0.44307 0.00000 0.44307 0.44307
0.05540 0.00000 0.05540 0.05540
0.69862 0.00000 0.69862 0.69862
0.04925 0.00000 0.04925 0.04925
1.08649 0.00000 1.08649 1.08649
0.28482 0.00000 0.28482 0.28482
-0.00536 0.00000 -0.00536 -0.00536
-0.14671 0.00000 -0.14671 -0.14671
0.64924 0.00000 0.64924 0.64924
