# avg	std	min	max
1.52887 0.00000 1.52887 1.52887
0.80272 0.00000 0.80272 0.80272
0.51981 0.00000 0.51981 0.51981
-0.45923 0.00000 -0.45923 -0.45923
0.32583 0.00000 0.32583 0.32583
-0.28827 0.00000 -0.28827 -0.28827
0.71385 0.00000 0.71385 0.71385
0.29420 0.00000 0.29420 0.29420
0.69825 0.00000 0.69825 0.69825
1.16718 0.00000 1.16718 1.16718
0.57505 0.00000 0.57505 0.57505
0.69114 0.00000 0.69114 0.69114
0.60220 0.00000 0.60220 0.60220
1.04999 0.00000 1.04999 1.04999
0.48064 0.00000 0.48064 0.48064
1.09231 0.00000 1.09231 1.09231
0.60782 0.00000 0.60782 0.60782
-0.00727 0.00000 -0.00727 -0.00727
0.13792 0.00000 0.13792 0.13792
1.14487 0.00000 1.14487 1.14487
