# avg	std	min	max
5.52833 0.00000 5.52833 5.52833
3.96688 0.00000 3.96688 3.96688
1.72720 0.00000 1.72720 1.72720
-0.03790 0.00000 -0.03790 -0.03790
0.55135 0.00000 0.55135 0.55135
0.05872 0.00000 0.05872 0.05872
3.89080 0.00000 3.89080 3.89080
6.96380 0.00000 6.96380 6.96380
6.79395 0.00000 6.79395 6.79395
3.88327 0.00000 3.88327 3.88327
2.45429 0.00000 2.45429 2.45429
3.11148 0.00000 3.11148 3.11148
5.11321 0.00000 5.11321 5.11321
3.00448 0.00000 3.00448 3.00448
2.81158 0.00000 2.81158 2.81158
6.00457 0.00000 6.00457 6.00457
4.71609 0.00000 4.71609 4.71609
2.16722 0.00000 2.16722 2.16722
3.44035 0.00000 3.44035 3.44035
7.09048 0.00000 7.09048 7.09048
