# avg	std	min	max
1.06490 0.00000 1.06490 1.06490
0.70193 0.00000 0.70193 0.70193
0.45920 0.00000 0.45920 0.45920
0.51935 0.00000 0.51935 0.51935
0.21878 0.00000 0.21878 0.21878
0.15901 0.00000 0.15901 0.15901
0.20494 0.00000 0.20494 0.20494
0.97085 0.00000 0.97085 0.97085
6.25706 0.00000 6.25706 6.25706
0.25570 0.00000 0.25570 0.25570
0.40722 0.00000 0.40722 0.40722
0.07619 0.00000 0.07619 0.07619
0.36300 0.00000 0.36300 0.36300
0.97495 0.00000 0.97495 0.97495
0.44088 0.00000 0.44088 0.44088
1.45615 0.00000 1.45615 1.45615
0.85369 0.00000 0.85369 0.85369
0.13579 0.00000 0.13579 0.13579
-0.01769 0.00000 -0.01769 -0.01769
0.67729 0.00000 0.67729 0.67729
