# avg	std	min	max
0.83407 0.00000 0.83407 0.83407
-0.17152 0.00000 -0.17152 -0.17152
-0.75394 0.00000 -0.75394 -0.75394
-1.56362 0.00000 -1.56362 -1.56362
-1.64675 0.00000 -1.64675 -1.64675
-1.47066 0.00000 -1.47066 -1.47066
-0.92308 0.00000 -0.92308 -0.92308
-0.10716 0.00000 -0.10716 -0.10716
2.13908 0.00000 2.13908 2.13908
0.00000 0.00000 0.00000 0.00000
-0.23878 0.00000 -0.23878 -0.23878
-0.49578 0.00000 -0.49578 -0.49578
-1.33989 0.00000 -1.33989 -1.33989
-0.63681 0.00000 -0.63681 -0.63681
-1.17895 0.00000 -1.17895 -1.17895
-0.73859 0.00000 -0.73859 -0.73859
-0.70910 0.00000 -0.70910 -0.70910
-1.43713 0.00000 -1.43713 -1.43713
-1.63225 0.00000 -1.63225 -1.63225
-0.38124 0.00000 -0.38124 -0.38124
