# avg	std	min	max
0.38536 0.00000 0.38536 0.38536
-0.73379 0.00000 -0.73379 -0.73379
-1.68389 0.00000 -1.68389 -1.68389
-1.89360 0.00000 -1.89360 -1.89360
-2.39327 0.00000 -2.39327 -2.39327
-2.34679 0.00000 -2.34679 -2.34679
-1.91145 0.00000 -1.91145 -1.91145
-1.93948 0.00000 -1.93948 -1.93948
0.59249 0.00000 0.59249 0.59249
-0.00018 0.00000 -0.00018 -0.00018
-1.15191 0.00000 -1.15191 -1.15191
-0.62857 0.00000 -0.62857 -0.62857
-1.64009 0.00000 -1.64009 -1.64009
-0.60352 0.00000 -0.60352 -0.60352
-1.12699 0.00000 -1.12699 -1.12699
-0.11778 0.00000 -0.11778 -0.11778
-0.70199 0.00000 -0.70199 -0.70199
-1.28672 0.00000 -1.28672 -1.28672
-1.16576 0.00000 -1.16576 -1.16576
-0.96222 0.00000 -0.96222 -0.96222
