# avg	std	min	max
1.21291 0.00000 1.21291 1.21291
0.32248 0.00000 0.32248 0.32248
-0.48955 0.00000 -0.48955 -0.48955
-0.56766 0.00000 -0.56766 -0.56766
0.02876 0.00000 0.02876 0.02876
-0.73115 0.00000 -0.73115 -0.73115
0.08036 0.00000 0.08036 0.08036
-0.02436 0.00000 -0.02436 -0.02436
2.09714 0.00000 2.09714 2.09714
-0.00073 0.00000 -0.00073 -0.00073
0.18090 0.00000 0.18090 0.18090
-0.20312 0.00000 -0.20312 -0.20312
0.03660 0.00000 0.03660 0.03660
0.93209 0.00000 0.93209 0.93209
0.28248 0.00000 0.28248 0.28248
1.06785 0.00000 1.06785 1.06785
0.67165 0.00000 0.67165 0.67165
-0.04374 0.00000 -0.04374 -0.04374
-0.05578 0.00000 -0.05578 -0.05578
0.91032 0.00000 0.91032 0.91032
