# avg	std	min	max
2.44325 0.00000 2.44325 2.44325
1.61253 0.00000 1.61253 1.61253
0.35616 0.00000 0.35616 0.35616
0.49337 0.00000 0.49337 0.49337
0.03673 0.00000 0.03673 0.03673
0.61499 0.00000 0.61499 0.61499
0.14229 0.00000 0.14229 0.14229
0.94294 0.00000 0.94294 0.94294
1.74826 0.00000 1.74826 1.74826
0.96870 0.00000 0.96870 0.96870
-0.00019 0.00000 -0.00019 -0.00019
1.09133 0.00000 1.09133 1.09133
0.37068 0.00000 0.37068 0.37068
0.50056 0.00000 0.50056 0.50056
0.86838 0.00000 0.86838 0.86838
0.13033 0.00000 0.13033 0.13033
0.78018 0.00000 0.78018 0.78018
0.87176 0.00000 0.87176 0.87176
0.62573 0.00000 0.62573 0.62573
0.43758 0.00000 0.43758 0.43758
