# avg	std	min	max
2.29642 0.00000 2.29642 2.29642
1.39135 0.00000 1.39135 1.39135
0.00070 0.00000 0.00070 0.00070
0.09514 0.00000 0.09514 0.09514
-0.27679 0.00000 -0.27679 -0.27679
0.18304 0.00000 0.18304 0.18304
0.10466 0.00000 0.10466 0.10466
1.02962 0.00000 1.02962 1.02962
6.50239 0.00000 6.50239 6.50239
1.80468 0.00000 1.80468 1.80468
0.94062 0.00000 0.94062 0.94062
1.14542 0.00000 1.14542 1.14542
0.36598 0.00000 0.36598 0.36598
1.95159 0.00000 1.95159 1.95159
1.23249 0.00000 1.23249 1.23249
2.16966 0.00000 2.16966 2.16966
1.26740 0.00000 1.26740 1.26740
0.67398 0.00000 0.67398 0.67398
1.16194 0.00000 1.16194 1.16194
1.47042 0.00000 1.47042 1.47042
