# avg	std	min	max
8.07155 0.00000 8.07155 8.07155
6.43468 0.00000 6.43468 6.43468
4.26510 0.00000 4.26510 4.26510
4.01045 0.00000 4.01045 4.01045
3.52726 0.00000 3.52726 3.52726
2.80769 0.00000 2.80769 2.80769
1.97392 0.00000 1.97392 1.97392
-0.08685 0.00000 -0.08685 -0.08685
8.76149 0.00000 8.76149 8.76149
7.52965 0.00000 7.52965 7.52965
6.09643 0.00000 6.09643 6.09643
6.21124 0.00000 6.21124 6.21124
2.63728 0.00000 2.63728 2.63728
6.69056 0.00000 6.69056 6.69056
5.94643 0.00000 5.94643 5.94643
7.62708 0.00000 7.62708 7.62708
6.98581 0.00000 6.98581 6.98581
5.42184 0.00000 5.42184 5.42184
5.85669 0.00000 5.85669 5.85669
5.67992 0.00000 5.67992 5.67992
