# avg	std	min	max
0.79089 0.00000 0.79089 0.79089
0.00000 0.00000 0.00000 0.00000
1.04543 0.00000 1.04543 1.04543
-0.06653 0.00000 -0.06653 -0.06653
0.46384 0.00000 0.46384 0.46384
-0.14885 0.00000 -0.14885 -0.14885
-0.05815 0.00000 -0.05815 -0.05815
0.34502 0.00000 0.34502 0.34502
0.97678 0.00000 0.97678 0.97678
0.80307 0.00000 0.80307 0.80307
1.45473 0.00000 1.45473 1.45473
0.55567 0.00000 0.55567 0.55567
0.06271 0.00000 0.06271 0.06271
0.35331 0.00000 0.35331 0.35331
0.10815 0.00000 0.10815 0.10815
0.93917 0.00000 0.93917 0.93917
0.53516 0.00000 0.53516 0.53516
-0.06866 0.00000 -0.06866 -0.06866
-0.14165 0.00000 -0.14165 -0.14165
0.41976 0.00000 0.41976 0.41976
0.96933 0.00000 0.96933 0.96933
1.89917 0.00000 1.89917 1.89917
-0.46739 0.00000 -0.46739 -0.46739
