# avg	std	min	max
1.71441 0.00000 1.71441 1.71441
1.15527 0.00000 1.15527 1.15527
0.94091 0.00000 0.94091 0.94091
0.12970 0.00000 0.12970 0.12970
0.22044 0.00000 0.22044 0.22044
0.43316 0.00000 0.43316 0.43316
0.43743 0.00000 0.43743 0.43743
0.69634 0.00000 0.69634 0.69634
1.81971 0.00000 1.81971 1.81971
1.78784 0.00000 1.78784 1.78784
1.59979 0.00000 1.59979 1.59979
1.19944 0.00000 1.19944 1.19944
0.62971 0.00000 0.62971 0.62971
1.05993 0.00000 1.05993 1.05993
0.79872 0.00000 0.79872 0.79872
-0.00516 0.00000 -0.00516 -0.00516
0.59283 0.00000 0.59283 0.59283
-0.05607 0.00000 -0.05607 -0.05607
1.01392 0.00000 1.01392 1.01392
1.29461 0.00000 1.29461 1.29461
0.45862 0.00000 0.45862 0.45862
0.23322 0.00000 0.23322 0.23322
0.14553 0.00000 0.14553 0.14553
