# avg	std	min	max
1.97451 0.00000 1.97451 1.97451
1.11424 0.00000 1.11424 1.11424
0.80343 0.00000 0.80343 0.80343
-0.00083 0.00000 -0.00083 -0.00083
0.03947 0.00000 0.03947 0.03947
0.02437 0.00000 0.02437 0.02437
-0.14767 0.00000 -0.14767 -0.14767
-0.39038 0.00000 -0.39038 -0.39038
-0.94946 0.00000 -0.94946 -0.94946
1.63772 0.00000 1.63772 1.63772
1.10117 0.00000 1.10117 1.10117
1.12028 0.00000 1.12028 1.12028
0.11179 0.00000 0.11179 0.11179
0.75691 0.00000 0.75691 0.75691
0.56661 0.00000 0.56661 0.56661
-0.00298 0.00000 -0.00298 -0.00298
0.93954 0.00000 0.93954 0.93954
0.34177 0.00000 0.34177 0.34177
0.54728 0.00000 0.54728 0.54728
0.95764 0.00000 0.95764 0.95764
0.82217 0.00000 0.82217 0.82217
0.81307 0.00000 0.81307 0.81307
-0.04365 0.00000 -0.04365 -0.04365
