# avg	std	min	max
1.20254 0.00000 1.20254 1.20254
1.23560 0.00000 1.23560 1.23560
0.60386 0.00000 0.60386 0.60386
0.17781 0.00000 0.17781 0.17781
0.50657 0.00000 0.50657 0.50657
0.31036 0.00000 0.31036 0.31036
-0.80503 0.00000 -0.80503 -0.80503
0.57285 0.00000 0.57285 0.57285
2.41343 0.00000 2.41343 2.41343
1.03927 0.00000 1.03927 1.03927
1.01105 0.00000 1.01105 1.01105
0.70049 0.00000 0.70049 0.70049
-0.65236 0.00000 -0.65236 -0.65236
0.65619 0.00000 0.65619 0.65619
0.62134 0.00000 0.62134 0.62134
-0.06827 0.00000 -0.06827 -0.06827
0.72624 0.00000 0.72624 0.72624
0.47904 0.00000 0.47904 0.47904
0.85692 0.00000 0.85692 0.85692
0.93330 0.00000 0.93330 0.93330
0.10413 0.00000 0.10413 0.10413
0.90452 0.00000 0.90452 0.90452
0.05863 0.00000 0.05863 0.05863
