# avg	std	min	max
0.46015 0.00000 0.46015 0.46015
0.06722 0.00000 0.06722 0.06722
0.12927 0.00000 0.12927 0.12927
-0.39715 0.00000 -0.39715 -0.39715
-0.15313 0.00000 -0.15313 -0.15313
-0.37504 0.00000 -0.37504 -0.37504
-0.27389 0.00000 -0.27389 -0.27389
-0.47976 0.00000 -0.47976 -0.47976
-0.19656 0.00000 -0.19656 -0.19656
0.26703 0.00000 0.26703 0.26703
0.47469 0.00000 0.47469 0.47469
0.21263 0.00000 0.21263 0.21263
-0.36710 0.00000 -0.36710 -0.36710
0.25023 0.00000 0.25023 0.25023
-0.05064 0.00000 -0.05064 -0.05064
0.28448 0.00000 0.28448 0.28448
-0.00989 0.00000 -0.00989 -0.00989
-0.59624 0.00000 -0.59624 -0.59624
-0.55609 0.00000 -0.55609 -0.55609
0.25838 0.00000 0.25838 0.25838
0.40969 0.00000 0.40969 0.40969
0.55414 0.00000 0.55414 0.55414
-0.22596 0.00000 -0.22596 -0.22596
