# avg	std	min	max
-0.00000 0.00000 -0.00000 -0.00000
1.32275 0.00000 1.32275 1.32275
2.14799 0.00000 2.14799 2.14799
3.23757 0.00000 3.23757 3.23757
5.17128 0.00000 5.17128 5.17128
5.94122 0.00000 5.94122 5.94122
11.64722 0.00000 11.64722 11.64722
14.09970 0.00000 14.09970 14.09970
3.61738 0.00000 3.61738 3.61738
3.66107 0.00000 3.66107 3.66107
9.25227 0.00000 9.25227 9.25227
3.50143 0.00000 3.50143 3.50143
12.23222 0.00000 12.23222 12.23222
4.55355 0.00000 4.55355 4.55355
7.30745 0.00000 7.30745 7.30745
8.98930 0.00000 8.98930 8.98930
10.79936 0.00000 10.79936 10.79936
8.15690 0.00000 8.15690 8.15690
9.39147 0.00000 9.39147 9.39147
15.59654 0.00000 15.59654 15.59654
13.98918 0.00000 13.98918 13.98918
8.69785 0.00000 8.69785 8.69785
30.32576 0.00000 30.32576 30.32576
