# avg	std	min	max
0.00000 0.00000 0.00000 0.00000
2.74432 0.00000 2.74432 2.74432
5.95836 0.00000 5.95836 5.95836
2.38152 0.00000 2.38152 2.38152
5.60318 0.00000 5.60318 5.60318
2.07929 0.00000 2.07929 2.07929
3.74273 0.00000 3.74273 3.74273
3.69785 0.00000 3.69785 3.69785
6.26741 0.00000 6.26741 6.26741
2.93622 0.00000 2.93622 2.93622
4.34996 0.00000 4.34996 4.34996
2.82221 0.00000 2.82221 2.82221
3.75579 0.00000 3.75579 3.75579
2.37435 0.00000 2.37435 2.37435
2.47058 0.00000 2.47058 2.47058
2.84509 0.00000 2.84509 2.84509
2.53375 0.00000 2.53375 2.53375
2.48757 0.00000 2.48757 2.48757
2.15755 0.00000 2.15755 2.15755
2.37348 0.00000 2.37348 2.37348
2.92837 0.00000 2.92837 2.92837
5.09762 0.00000 5.09762 5.09762
3.37686 0.00000 3.37686 3.37686
