# avg	std	min	max
2.58318 0.00000 2.58318 2.58318
2.20143 0.00000 2.20143 2.20143
1.75756 0.00000 1.75756 1.75756
1.75812 0.00000 1.75812 1.75812
1.25402 0.00000 1.25402 1.25402
1.42044 0.00000 1.42044 1.42044
1.30205 0.00000 1.30205 1.30205
1.71796 0.00000 1.71796 1.71796
-0.00390 0.00000 -0.00390 -0.00390
2.52827 0.00000 2.52827 2.52827
2.01292 0.00000 2.01292 2.01292
2.22171 0.00000 2.22171 2.22171
1.21743 0.00000 1.21743 1.21743
2.95537 0.00000 2.95537 2.95537
1.92498 0.00000 1.92498 1.92498
2.68322 0.00000 2.68322 2.68322
2.41199 0.00000 2.41199 2.41199
1.80213 0.00000 1.80213 1.80213
1.83108 0.00000 1.83108 1.83108
1.94470 0.00000 1.94470 1.94470
2.12909 0.00000 2.12909 2.12909
2.44655 0.00000 2.44655 2.44655
0.81064 0.00000 0.81064 0.81064
