# avg	std	min	max
1.76146 0.00000 1.76146 1.76146
1.57473 0.00000 1.57473 1.57473
0.81821 0.00000 0.81821 0.81821
0.98323 0.00000 0.98323 0.98323
0.63616 0.00000 0.63616 0.63616
0.38010 0.00000 0.38010 0.38010
1.32607 0.00000 1.32607 1.32607
1.44442 0.00000 1.44442 1.44442
5.85011 0.00000 5.85011 5.85011
1.23610 0.00000 1.23610 1.23610
0.91433 0.00000 0.91433 0.91433
0.67107 0.00000 0.67107 0.67107
1.25907 0.00000 1.25907 1.25907
1.42958 0.00000 1.42958 1.42958
0.44649 0.00000 0.44649 0.44649
1.82369 0.00000 1.82369 1.82369
1.50194 0.00000 1.50194 1.50194
0.11221 0.00000 0.11221 0.11221
-0.01795 0.00000 -0.01795 -0.01795
1.24917 0.00000 1.24917 1.24917
2.03575 0.00000 2.03575 2.03575
1.48963 0.00000 1.48963 1.48963
1.43248 0.00000 1.43248 1.43248
