# avg	std	min	max
1.79497 0.00000 1.79497 1.79497
0.81016 0.00000 0.81016 0.81016
0.27430 0.00000 0.27430 0.27430
-0.66163 0.00000 -0.66163 -0.66163
-0.38881 0.00000 -0.38881 -0.38881
-1.19676 0.00000 -1.19676 -1.19676
0.28322 0.00000 0.28322 0.28322
-0.18766 0.00000 -0.18766 -0.18766
3.03836 0.00000 3.03836 3.03836
1.22191 0.00000 1.22191 1.22191
1.55376 0.00000 1.55376 1.55376
0.94410 0.00000 0.94410 0.94410
0.27471 0.00000 0.27471 0.27471
1.47079 0.00000 1.47079 1.47079
0.59399 0.00000 0.59399 0.59399
1.63537 0.00000 1.63537 1.63537
0.83389 0.00000 0.83389 0.83389
-0.04132 0.00000 -0.04132 -0.04132
-0.00079 0.00000 -0.00079 -0.00079
1.38776 0.00000 1.38776 1.38776
1.54917 0.00000 1.54917 1.54917
2.20210 0.00000 2.20210 2.20210
0.30633 0.00000 0.30633 0.30633
