# avg	std	min	max
1.31633 0.00000 1.31633 1.31633
0.60487 0.00000 0.60487 0.60487
0.09389 0.00000 0.09389 0.09389
-0.58016 0.00000 -0.58016 -0.58016
-0.85132 0.00000 -0.85132 -0.85132
-0.73590 0.00000 -0.73590 -0.73590
0.08911 0.00000 0.08911 0.08911
0.10779 0.00000 0.10779 0.10779
2.52018 0.00000 2.52018 2.52018
0.88465 0.00000 0.88465 0.88465
0.47112 0.00000 0.47112 0.47112
0.46000 0.00000 0.46000 0.46000
0.11875 0.00000 0.11875 0.11875
0.67888 0.00000 0.67888 0.67888
0.25516 0.00000 0.25516 0.25516
0.72402 0.00000 0.72402 0.72402
0.12769 0.00000 0.12769 0.12769
-0.08783 0.00000 -0.08783 -0.08783
-0.04595 0.00000 -0.04595 -0.04595
0.56309 0.00000 0.56309 0.56309
0.50696 0.00000 0.50696 0.50696
0.34660 0.00000 0.34660 0.34660
-0.06635 0.00000 -0.06635 -0.06635
