# avg	std	min	max
1.69322 0.00000 1.69322 1.69322
0.86508 0.00000 0.86508 0.86508
0.09320 0.00000 0.09320 0.09320
-0.88166 0.00000 -0.88166 -0.88166
-0.50711 0.00000 -0.50711 -0.50711
-0.77637 0.00000 -0.77637 -0.77637
-0.88123 0.00000 -0.88123 -0.88123
-0.60088 0.00000 -0.60088 -0.60088
5.73350 0.00000 5.73350 5.73350
0.99387 0.00000 0.99387 0.99387
0.58325 0.00000 0.58325 0.58325
0.64206 0.00000 0.64206 0.64206
-0.80273 0.00000 -0.80273 -0.80273
0.57335 0.00000 0.57335 0.57335
0.44090 0.00000 0.44090 0.44090
2.46474 0.00000 2.46474 2.46474
1.42160 0.00000 1.42160 1.42160
-0.37234 0.00000 -0.37234 -0.37234
-0.01100 0.00000 -0.01100 -0.01100
0.03245 0.00000 0.03245 0.03245
0.99179 0.00000 0.99179 0.99179
0.38503 0.00000 0.38503 0.38503
-0.72590 0.00000 -0.72590 -0.72590
