# avg	std	min	max
1.25950 0.00000 1.25950 1.25950
0.27445 0.00000 0.27445 0.27445
-0.44608 0.00000 -0.44608 -0.44608
-1.17125 0.00000 -1.17125 -1.17125
-0.68462 0.00000 -0.68462 -0.68462
-1.17089 0.00000 -1.17089 -1.17089
-1.68162 0.00000 -1.68162 -1.68162
0.02760 0.00000 0.02760 0.02760
2.17897 0.00000 2.17897 2.17897
0.00252 0.00000 0.00252 0.00252
0.22128 0.00000 0.22128 0.22128
-0.04547 0.00000 -0.04547 -0.04547
-1.98366 0.00000 -1.98366 -1.98366
-0.65583 0.00000 -0.65583 -0.65583
-0.24186 0.00000 -0.24186 -0.24186
-0.88589 0.00000 -0.88589 -0.88589
-0.45646 0.00000 -0.45646 -0.45646
-0.86341 0.00000 -0.86341 -0.86341
-0.29651 0.00000 -0.29651 -0.29651
0.46600 0.00000 0.46600 0.46600
0.29345 0.00000 0.29345 0.29345
1.71590 0.00000 1.71590 1.71590
-0.01103 0.00000 -0.01103 -0.01103
