# avg	std	min	max
1.01193 0.00000 1.01193 1.01193
0.41307 0.00000 0.41307 0.41307
1.03694 0.00000 1.03694 1.03694
-0.02058 0.00000 -0.02058 -0.02058
0.13976 0.00000 0.13976 0.13976
-0.55883 0.00000 -0.55883 -0.55883
0.04410 0.00000 0.04410 0.04410
0.21239 0.00000 0.21239 0.21239
0.35655 0.00000 0.35655 0.35655
-0.00038 0.00000 -0.00038 -0.00038
0.03665 0.00000 0.03665 0.03665
0.25908 0.00000 0.25908 0.25908
0.02955 0.00000 0.02955 0.02955
0.81610 0.00000 0.81610 0.81610
-0.00041 0.00000 -0.00041 -0.00041
1.16197 0.00000 1.16197 1.16197
0.61339 0.00000 0.61339 0.61339
-0.16383 0.00000 -0.16383 -0.16383
-0.05443 0.00000 -0.05443 -0.05443
0.76465 0.00000 0.76465 0.76465
1.15500 0.00000 1.15500 1.15500
1.64612 0.00000 1.64612 1.64612
0.04470 0.00000 0.04470 0.04470
