# avg	std	min	max
0.14905 0.00000 0.14905 0.14905
-0.12281 0.00000 -0.12281 -0.12281
-0.30244 0.00000 -0.30244 -0.30244
-0.73897 0.00000 -0.73897 -0.73897
-0.62373 0.00000 -0.62373 -0.62373
-1.01332 0.00000 -1.01332 -1.01332
-0.69107 0.00000 -0.69107 -0.69107
-0.53290 0.00000 -0.53290 -0.53290
2.61131 0.00000 2.61131 2.61131
-0.00003 0.00000 -0.00003 -0.00003
-0.25001 0.00000 -0.25001 -0.25001
-0.19933 0.00000 -0.19933 -0.19933
-0.50493 0.00000 -0.50493 -0.50493
0.21067 0.00000 0.21067 0.21067
-0.36228 0.00000 -0.36228 -0.36228
0.23515 0.00000 0.23515 0.23515
-0.11065 0.00000 -0.11065 -0.11065
-0.55885 0.00000 -0.55885 -0.55885
-0.47318 0.00000 -0.47318 -0.47318
0.06426 0.00000 0.06426 0.06426
-0.00996 0.00000 -0.00996 -0.00996
-0.31430 0.00000 -0.31430 -0.31430
-0.91977 0.00000 -0.91977 -0.91977
