# avg	std	min	max
4.56479 0.00000 4.56479 4.56479
2.77302 0.00000 2.77302 2.77302
-0.00276 0.00000 -0.00276 -0.00276
2.40097 0.00000 2.40097 2.40097
0.69753 0.00000 0.69753 0.69753
3.22725 0.00000 3.22725 3.22725
7.10131 0.00000 7.10131 7.10131
13.87302 0.00000 13.87302 13.87302
7.08496 0.00000 7.08496 7.08496
3.73146 0.00000 3.73146 3.73146
2.02429 0.00000 2.02429 2.02429
1.96020 0.00000 1.96020 1.96020
8.26451 0.00000 8.26451 8.26451
3.17096 0.00000 3.17096 3.17096
5.35205 0.00000 5.35205 5.35205
3.96601 0.00000 3.96601 3.96601
5.74902 0.00000 5.74902 5.74902
6.49942 0.00000 6.49942 6.49942
5.42326 0.00000 5.42326 5.42326
7.97812 0.00000 7.97812 7.97812
10.66146 0.00000 10.66146 10.66146
13.59341 0.00000 13.59341 13.59341
13.91778 0.00000 13.91778 13.91778
