# avg	std	min	max
4.55246 0.00000 4.55246 4.55246
2.35151 0.00000 2.35151 2.35151
0.00050 0.00000 0.00050 0.00050
1.58528 0.00000 1.58528 1.58528
1.29963 0.00000 1.29963 1.29963
-0.38470 0.00000 -0.38470 -0.38470
6.59075 0.00000 6.59075 6.59075
11.34326 0.00000 11.34326 11.34326
5.49450 0.00000 5.49450 5.49450
3.61844 0.00000 3.61844 3.61844
2.15006 0.00000 2.15006 2.15006
1.89823 0.00000 1.89823 1.89823
7.47271 0.00000 7.47271 7.47271
2.83715 0.00000 2.83715 2.83715
3.55858 0.00000 3.55858 3.55858
3.49737 0.00000 3.49737 3.49737
2.91241 0.00000 2.91241 2.91241
4.54321 0.00000 4.54321 4.54321
8.40805 0.00000 8.40805 8.40805
8.61522 0.00000 8.61522 8.61522
8.02822 0.00000 8.02822 8.02822
9.35245 0.00000 9.35245 9.35245
10.49002 0.00000 10.49002 10.49002
