# avg	std	min	max
4.81202 0.00000 4.81202 4.81202
2.97733 0.00000 2.97733 2.97733
0.00799 0.00000 0.00799 0.00799
-0.24196 0.00000 -0.24196 -0.24196
-0.18298 0.00000 -0.18298 -0.18298
1.13364 0.00000 1.13364 1.13364
8.57733 0.00000 8.57733 8.57733
17.46184 0.00000 17.46184 17.46184
5.09041 0.00000 5.09041 5.09041
3.31718 0.00000 3.31718 3.31718
1.33484 0.00000 1.33484 1.33484
2.14311 0.00000 2.14311 2.14311
14.28450 0.00000 14.28450 14.28450
2.58231 0.00000 2.58231 2.58231
3.25928 0.00000 3.25928 3.25928
5.11632 0.00000 5.11632 5.11632
4.99320 0.00000 4.99320 4.99320
5.70385 0.00000 5.70385 5.70385
10.13623 0.00000 10.13623 10.13623
5.41820 0.00000 5.41820 5.41820
12.66640 0.00000 12.66640 12.66640
10.93434 0.00000 10.93434 10.93434
25.60490 0.00000 25.60490 25.60490
