# avg	std	min	max
0.23427 0.00000 0.23427 0.23427
-0.01948 0.00000 -0.01948 -0.01948
-0.00028 0.00000 -0.00028 -0.00028
-0.09565 0.00000 -0.09565 -0.09565
0.17685 0.00000 0.17685 0.17685
-0.25948 0.00000 -0.25948 -0.25948
-0.22394 0.00000 -0.22394 -0.22394
-0.29079 0.00000 -0.29079 -0.29079
0.11731 0.00000 0.11731 0.11731
0.09617 0.00000 0.09617 0.09617
-0.03746 0.00000 -0.03746 -0.03746
0.12332 0.00000 0.12332 0.12332
-0.08027 0.00000 -0.08027 -0.08027
0.15432 0.00000 0.15432 0.15432
-0.29398 0.00000 -0.29398 -0.29398
-0.08076 0.00000 -0.08076 -0.08076
0.01647 0.00000 0.01647 0.01647
-0.49582 0.00000 -0.49582 -0.49582
-0.64252 0.00000 -0.64252 -0.64252
0.11792 0.00000 0.11792 0.11792
0.10873 0.00000 0.10873 0.10873
0.02422 0.00000 0.02422 0.02422
-0.02765 0.00000 -0.02765 -0.02765
