# avg	std	min	max
0.10294 0.00000 0.10294 0.10294
0.00000 0.00000 0.00000 0.00000
0.05951 0.02530 0.02851 0.08069
-0.15152 0.00046 -0.15228 -0.15109
0.18836 0.00134 0.18662 0.19071
-0.06369 0.00309 -0.06978 -0.06122
-0.06534 0.00955 -0.07186 -0.04632
-0.27102 0.02299 -0.28488 -0.22520
-0.65007 0.00078 -0.65074 -0.64870
0.04025 0.00002 0.04021 0.04027
-0.06300 0.04543 -0.11985 -0.02158
0.00982 0.00122 0.00795 0.01081
-0.11571 0.00485 -0.12126 -0.10860
-0.08810 0.00432 -0.09630 -0.08342
-0.35098 0.00892 -0.36247 -0.33962
-0.06457 0.00863 -0.07488 -0.05576
-0.51474 0.02697 -0.55687 -0.49296
-0.18809 0.00117 -0.19031 -0.18689
-0.11260 0.01280 -0.12520 -0.09636
0.03612 0.00902 0.02704 0.04737
0.25746 0.00268 0.25587 0.26281
0.28145 0.00659 0.26830 0.28561
-0.15844 0.01827 -0.17082 -0.12233
