# avg	std	min	max
0.84565 0.00834 0.83738 0.86023
0.32619 0.01144 0.30414 0.33480
-0.00922 0.02100 -0.03795 0.02565
-0.74561 0.02689 -0.79937 -0.73082
-0.41664 0.05165 -0.48461 -0.33550
-0.96532 0.21159 -1.23362 -0.64064
-1.06122 0.02514 -1.07812 -1.01119
0.33583 0.10587 0.20439 0.43101
1.99859 0.03755 1.94489 2.05812
0.64978 0.02391 0.63404 0.69739
0.40036 0.03184 0.36104 0.42637
-0.00246 0.00492 -0.01230 0.00000
-1.17927 0.01580 -1.19140 -1.15006
0.80900 0.04997 0.71107 0.84373
-0.04235 0.00785 -0.05174 -0.03323
0.96628 0.07127 0.86459 1.02972
0.10566 0.00877 0.09397 0.11966
-0.50938 0.04809 -0.59029 -0.44711
-0.54390 0.15632 -0.69819 -0.25524
-0.02218 0.03592 -0.09132 0.01058
0.63748 0.02674 0.61545 0.68895
0.43901 0.06553 0.31715 0.51130
-1.06046 0.07540 -1.19335 -0.97045
