# avg	std	min	max
1.71441 0.08960 1.62772 1.84925
1.15527 0.02603 1.11362 1.18093
0.94091 0.12988 0.75758 1.13775
0.12970 0.10205 0.00150 0.27536
0.22044 0.03451 0.17007 0.27387
0.43316 0.15244 0.29564 0.72647
0.43743 0.05756 0.38316 0.54581
0.69634 0.34396 0.04574 0.96692
1.81971 0.07146 1.70210 1.92733
1.78784 0.08348 1.68124 1.93840
1.59979 0.11735 1.44963 1.79047
1.19944 0.05283 1.12061 1.26987
0.62971 0.08626 0.55189 0.79805
1.05993 0.13140 0.79951 1.14165
0.79872 0.26637 0.56581 1.31963
-0.00516 0.00684 -0.01706 0.00000
0.59283 0.07804 0.49550 0.69883
-0.05607 0.11519 -0.25423 0.07409
1.01392 0.15384 0.84021 1.23378
1.29461 0.05855 1.23198 1.39050
0.45862 0.11127 0.33295 0.66523
0.23322 0.14450 0.07352 0.48972
0.14553 0.06780 0.01323 0.20612
