# avg	std	min	max
1.20254 0.15007 0.99579 1.34384
1.23560 0.11662 1.00327 1.31307
0.60386 0.11061 0.38399 0.68202
0.17781 0.10073 -0.01624 0.25494
0.50657 0.05451 0.39824 0.54487
0.31036 0.14376 0.03813 0.43932
-0.80503 0.13599 -0.98750 -0.65553
0.57285 0.13860 0.40699 0.73514
2.41343 0.04687 2.36040 2.47737
1.03927 0.12611 0.87514 1.17099
1.01105 0.02648 0.96314 1.03158
0.70049 0.11050 0.56986 0.84610
-0.65236 0.12138 -0.80108 -0.50569
0.65619 0.12332 0.47861 0.77901
0.62134 0.09683 0.44858 0.71059
-0.06827 0.12386 -0.31148 0.02072
0.72624 0.13742 0.51015 0.94142
0.47904 0.10955 0.32186 0.61778
0.85692 0.10947 0.63834 0.92313
0.93330 0.11793 0.78591 1.07812
0.10413 0.06290 0.05005 0.19765
0.90452 0.10025 0.71164 0.98506
0.05863 0.19554 -0.21443 0.37975
