# avg	std	min	max
0.17976 0.01038 0.16461 0.19149
0.28129 0.00951 0.26871 0.29289
1.75716 0.00648 1.74612 1.76614
0.26886 0.02039 0.22810 0.27992
3.00229 0.01082 2.99257 3.02286
0.26610 0.05072 0.19467 0.31470
0.09164 0.00649 0.08305 0.10054
0.22488 0.06703 0.13011 0.30710
4.39701 0.16750 4.06619 4.51166
0.65106 0.02527 0.62320 0.69361
1.02271 0.04916 0.93822 1.07368
0.14139 0.00188 0.13940 0.14442
0.17524 0.00514 0.16987 0.18424
0.12044 0.00226 0.11744 0.12376
0.02356 0.00123 0.02225 0.02565
0.16391 0.01524 0.14370 0.18291
-0.00351 0.00202 -0.00725 -0.00140
-0.06019 0.00975 -0.07232 -0.04422
0.28170 0.01552 0.26519 0.30537
0.15113 0.00271 0.14843 0.15597
0.69755 0.00184 0.69517 0.70073
0.72246 0.03547 0.68150 0.77862
-0.15652 0.02884 -0.20015 -0.12808
