# avg	std	min	max
0.40078 0.01949 0.38389 0.43547
-0.10976 0.00000 -0.10976 -0.10976
0.34607 0.00017 0.34592 0.34636
-0.10423 0.00016 -0.10438 -0.10394
0.35227 0.01909 0.31551 0.36831
-0.03712 0.01110 -0.04779 -0.01749
0.11571 0.09006 0.03194 0.27750
0.23450 0.00369 0.22722 0.23726
0.11123 0.37862 -0.26669 0.80627
0.12618 0.15434 -0.18250 0.20342
0.25458 0.00284 0.25228 0.25936
0.25544 0.00079 0.25501 0.25701
0.10916 0.05050 0.04942 0.17820
0.15963 0.00053 0.15885 0.16026
-0.06493 0.00830 -0.08148 -0.06029
0.23698 0.00237 0.23576 0.24173
-0.00125 0.00072 -0.00170 0.00016
-0.21104 0.04328 -0.25685 -0.14008
-0.31557 0.16284 -0.62826 -0.15480
0.42214 0.00262 0.41986 0.42706
0.42436 0.01406 0.40392 0.44024
0.73808 0.05785 0.67721 0.83680
0.06286 0.00729 0.05131 0.07134
