# avg	std	min	max
0.00000 0.00000 0.00000 0.00000
4.35337 0.03075 4.32781 4.39103
10.54402 0.10152 10.46990 10.73640
6.83644 0.30369 6.43380 7.12417
13.06028 0.17960 12.87090 13.36160
6.45395 0.01085 6.43610 6.46729
6.89484 0.03336 6.87047 6.96079
6.75011 0.01062 6.73997 6.76986
9.30728 0.06239 9.25619 9.42920
6.00304 0.01978 5.98515 6.03964
9.92778 0.18382 9.76532 10.24930
6.11516 0.00384 6.11156 6.12212
6.83710 0.03048 6.80963 6.89565
5.61857 0.02789 5.59747 5.67346
5.82923 0.02419 5.80302 5.87260
7.18273 0.01221 7.16209 7.19886
8.26863 0.03490 8.20409 8.30796
6.32683 0.01069 6.31546 6.34530
6.57033 0.06098 6.47504 6.65384
7.31560 0.00943 7.30075 7.32941
9.31339 0.06072 9.24758 9.42777
17.60262 0.60914 16.66090 18.36360
5.50200 0.01060 5.49006 5.51503
