# avg	std	min	max
0.69402 0.10059 0.55762 0.83118
0.35578 0.04864 0.29470 0.42517
-0.06096 0.04907 -0.13159 0.01439
-0.07893 0.23120 -0.42534 0.11485
-0.17137 0.05180 -0.21145 -0.07084
-0.81431 0.20232 -1.20781 -0.66320
-0.72052 0.07646 -0.80583 -0.57906
0.38253 0.08010 0.26190 0.49800
3.04001 0.14172 2.85760 3.21075
0.19445 0.16650 -0.03639 0.43970
0.07438 0.04281 0.00412 0.13442
-0.01397 0.02607 -0.03968 0.03060
-0.28348 0.40463 -0.93991 0.18490
0.56394 0.01263 0.55228 0.58007
0.14812 0.01974 0.11711 0.17882
0.75340 0.02332 0.73363 0.79892
0.47869 0.00608 0.46851 0.48705
-0.00152 0.00000 -0.00152 -0.00152
0.07627 0.01829 0.05489 0.10522
0.39533 0.01221 0.38062 0.41042
0.56450 0.00866 0.55115 0.57826
0.51599 0.09959 0.35435 0.61377
0.05550 0.04870 0.01139 0.15024
