# avg	std	min	max
2.28487 0.00566 2.28201 2.29619
0.97767 0.00557 0.97412 0.98849
0.27255 0.00214 0.27032 0.27626
0.10770 0.01259 0.09094 0.11824
-0.25622 0.00792 -0.26754 -0.24803
-0.24576 0.04689 -0.32831 -0.20106
-0.10798 0.08145 -0.26782 -0.03801
-0.04469 0.01381 -0.05669 -0.02507
2.43855 0.00144 2.43709 2.44130
1.22997 0.00363 1.22785 1.23723
0.81642 0.00008 0.81632 0.81652
0.82400 0.02554 0.77472 0.84929
0.04791 0.00492 0.04385 0.05463
0.66085 0.01064 0.64947 0.67443
0.24331 0.05548 0.13968 0.28639
1.12333 0.03021 1.09696 1.17959
0.45346 0.01229 0.44501 0.47682
-0.02533 0.00521 -0.03574 -0.02273
-0.04834 0.03057 -0.07973 0.00750
0.65822 0.01392 0.64088 0.67321
1.26241 0.04786 1.19232 1.32163
0.84750 0.01087 0.82874 0.86246
0.20615 0.00610 0.19895 0.21463
