# avg	std	min	max
0.38006 0.00006 0.37993 0.38009
0.12284 0.02629 0.09011 0.14430
0.42114 0.04675 0.38043 0.49957
0.15607 0.02281 0.11058 0.17081
0.36647 0.02479 0.34324 0.40134
-0.10844 0.01930 -0.13008 -0.08293
-0.12554 0.01154 -0.13977 -0.10736
-0.26630 0.03647 -0.30367 -0.20504
-1.30667 0.02320 -1.34065 -1.28651
-0.10552 0.02351 -0.13847 -0.08580
0.31670 0.00131 0.31549 0.31874
0.27623 0.00046 0.27581 0.27687
-0.01053 0.03130 -0.07173 0.01254
-0.10783 0.01849 -0.14418 -0.09276
-0.00491 0.01768 -0.02002 0.02815
0.35658 0.02826 0.31923 0.38427
-0.34714 0.04529 -0.43131 -0.30913
-0.00000 0.00000 -0.00000 -0.00000
-0.28630 0.13576 -0.42856 -0.11206
-0.21625 0.02640 -0.25384 -0.18446
0.55515 0.01757 0.53321 0.57693
0.59784 0.02263 0.56512 0.63597
0.08211 0.04400 0.03406 0.15017
