# avg	std	min	max
2.99747 0.02172 2.97157 3.02237
2.42808 0.00442 2.42193 2.43507
1.81528 0.03100 1.75742 1.84472
-0.01774 0.02507 -0.06676 -0.00092
0.37234 0.07500 0.28201 0.49402
-0.22820 0.04213 -0.26938 -0.17267
1.08405 0.01650 1.05965 1.10844
2.36533 0.11334 2.16861 2.52042
6.08392 0.14466 5.84578 6.26328
3.19108 0.08290 3.07355 3.26841
2.61809 0.02513 2.57194 2.64599
2.22428 0.01377 2.20871 2.24003
1.29818 0.04844 1.24755 1.37939
2.90090 0.09806 2.76760 3.04937
2.63100 0.13380 2.46543 2.76404
3.36518 0.02126 3.33974 3.40038
2.72633 0.18437 2.56188 3.08124
1.71288 0.27799 1.21486 2.02580
1.27606 0.16818 1.16569 1.60887
2.32438 0.02831 2.28802 2.35752
4.19542 0.07251 4.09089 4.28607
5.34393 0.01594 5.31947 5.35975
0.92412 0.16835 0.72626 1.12601
