# avg	std	min	max
4.32320 0.00451 4.31539 4.32759
3.19588 0.00503 3.18986 3.20214
3.23588 0.08526 3.10499 3.35625
2.34873 0.28173 2.07119 2.81677
2.67073 0.20586 2.47151 3.04437
2.21735 0.20876 1.94067 2.50583
1.66764 0.13598 1.51606 1.88376
2.90842 0.40914 2.10132 3.15969
-0.04383 0.01111 -0.06058 -0.02998
3.82566 0.01821 3.80544 3.85829
4.41610 0.70279 3.82531 5.79439
3.35694 0.10972 3.28209 3.57473
1.95993 0.06662 1.83326 2.02585
3.13357 0.36909 2.78654 3.58575
3.54454 0.01904 3.52324 3.57237
4.02768 0.19738 3.77259 4.31340
3.45202 0.03031 3.39932 3.49309
3.10302 0.13709 2.90370 3.31053
3.38017 0.10426 3.28669 3.58130
3.16766 0.18675 2.98345 3.51468
4.49754 0.32689 4.08764 4.85980
5.08526 0.21647 4.78922 5.45107
2.04355 0.05113 1.98768 2.11356
