# avg	std	min	max
1.19525 0.00679 1.19185 1.20883
0.91014 0.00667 0.90680 0.92349
1.03022 0.00733 1.02641 1.04487
1.06564 0.00953 1.05477 1.08337
1.21367 0.00854 1.20743 1.22919
1.08222 0.01281 1.06297 1.10307
1.01252 0.00742 1.00658 1.02386
0.97541 0.01307 0.95295 0.99035
0.00228 0.00738 -0.00187 0.01697
1.07410 0.00820 1.06744 1.08572
1.01165 0.00577 1.00579 1.02275
1.15164 0.00855 1.14461 1.16292
1.02501 0.00842 1.01471 1.03304
1.19099 0.00881 1.17732 1.20513
1.13873 0.01785 1.11620 1.16631
1.06408 0.01074 1.05224 1.08289
0.52932 0.02385 0.49469 0.56859
1.04191 0.00722 1.03131 1.05213
1.07130 0.02938 1.03538 1.09918
1.08258 0.01899 1.06682 1.11741
1.04261 0.01471 1.02809 1.06866
1.13079 0.01385 1.10540 1.14420
0.88242 0.01408 0.85728 0.90090
