# avg	std	min	max
1.19285 0.06634 1.07263 1.25089
0.92571 0.03644 0.85812 0.95716
1.30346 0.00021 1.30330 1.30387
0.72685 0.06040 0.67777 0.84357
1.05705 0.03433 1.00535 1.09622
0.97516 0.06251 0.91441 1.08654
1.23353 0.01698 1.21063 1.25629
1.23841 0.03098 1.18559 1.27402
-0.00021 0.00021 -0.00058 -0.00000
1.19288 0.03713 1.13023 1.23984
1.17370 0.01435 1.15468 1.18652
1.18224 0.04372 1.13627 1.23827
1.23080 0.01595 1.20117 1.24737
1.22556 0.01371 1.20011 1.24122
0.91185 0.02088 0.88638 0.93468
1.36748 0.00083 1.36634 1.36871
0.83874 0.08560 0.75552 0.99052
0.82096 0.07149 0.74878 0.91553
0.88718 0.02573 0.85753 0.92183
1.39607 0.00286 1.39117 1.39932
1.45594 0.00634 1.44352 1.46045
1.49614 0.06792 1.37583 1.58679
1.09272 0.05268 1.06493 1.19808
