# avg	std	min	max
1.31633 0.01458 1.29128 1.33140
0.60487 0.01338 0.59080 0.62849
0.09389 0.08938 0.02278 0.26617
-0.58016 0.12647 -0.73970 -0.38725
-0.85132 0.03434 -0.88765 -0.79401
-0.73590 0.15189 -0.91139 -0.45271
0.08911 0.01740 0.06976 0.12148
0.10779 0.07726 -0.02950 0.18405
2.52018 0.29763 2.19146 2.95263
0.88465 0.12262 0.77100 1.10891
0.47112 0.02861 0.44087 0.51665
0.46000 0.02355 0.43177 0.49952
0.11875 0.20924 -0.29861 0.25212
0.67888 0.03225 0.63457 0.72149
0.25516 0.06014 0.17449 0.36005
0.72402 0.03656 0.68927 0.78218
0.12769 0.14293 -0.14269 0.26525
-0.08783 0.07789 -0.16081 0.06345
-0.04595 0.02342 -0.07678 -0.01515
0.56309 0.11299 0.40903 0.71835
0.50696 0.26947 -0.02974 0.66953
0.34660 0.03149 0.30853 0.39709
-0.06635 0.15025 -0.19815 0.22741
