# avg	std	min	max
0.95939 0.01029 0.94597 0.97772
0.41099 0.00922 0.39564 0.42165
0.15206 0.01918 0.12906 0.17552
-0.24228 0.09164 -0.38803 -0.11338
-0.60757 0.02643 -0.63375 -0.55885
-1.10803 0.05021 -1.16772 -1.01829
-0.24025 0.00515 -0.24628 -0.23115
0.19419 0.01439 0.17624 0.21209
4.14356 0.00501 4.13790 4.15257
0.36198 0.00772 0.35400 0.37228
-0.02470 0.00423 -0.03218 -0.02056
0.28219 0.00913 0.27189 0.29585
-0.11105 0.03830 -0.18630 -0.08287
0.42058 0.00724 0.40814 0.42910
0.24431 0.00583 0.23765 0.25413
0.52745 0.00700 0.51645 0.53430
0.31879 0.00770 0.30923 0.33205
-0.18465 0.03731 -0.22373 -0.13734
-0.38614 0.23825 -0.76951 -0.14183
0.32668 0.00838 0.32066 0.34333
0.50863 0.00797 0.49802 0.51858
0.38355 0.01923 0.36504 0.40727
-0.61166 0.10065 -0.69635 -0.42407
