# avg	std	min	max
1.51208 0.05991 1.46293 1.62776
0.67217 0.05068 0.63366 0.77082
-0.52821 0.00316 -0.53217 -0.52374
-0.83370 0.06907 -0.92007 -0.73411
-1.17781 0.10676 -1.34684 -1.06696
-0.44867 0.12314 -0.59286 -0.23493
0.98935 0.44906 0.10983 1.38023
2.03265 0.93128 1.06426 3.17267
3.56616 0.03706 3.52223 3.61988
0.63457 0.03844 0.59459 0.68512
0.00124 0.00134 -0.00013 0.00380
0.16689 0.07001 0.06951 0.23645
1.09189 0.42707 0.52801 1.50914
-0.54192 0.16298 -0.84653 -0.37112
-0.03519 0.25574 -0.50172 0.26031
2.15625 0.53642 1.60162 2.82702
1.08140 0.05606 1.02551 1.17877
-0.60208 0.07802 -0.72668 -0.51282
-1.47126 0.24171 -1.88284 -1.26889
0.48979 0.07547 0.37155 0.59239
1.57871 0.39372 0.91211 2.06220
1.22714 0.19310 1.06761 1.59244
1.92780 0.31016 1.71877 2.52783
