# avg	std	min	max
0.17229 0.00069 0.17140 0.17308
-0.24444 0.04721 -0.26805 -0.15002
0.04963 0.04317 -0.00940 0.11300
-0.78325 0.17395 -0.92879 -0.46425
-0.46703 0.06782 -0.54423 -0.37512
-1.47851 0.03606 -1.53510 -1.42458
-1.07876 0.03381 -1.11756 -1.03471
-1.50432 0.28455 -1.75245 -1.08923
-0.99880 0.00266 -1.00369 -0.99628
-0.08119 0.04084 -0.15385 -0.03033
-0.03027 0.06043 -0.15113 0.00004
-0.38197 0.05670 -0.42818 -0.30264
-0.91410 0.06565 -0.97896 -0.82625
-0.44573 0.05263 -0.53008 -0.39232
-0.57319 0.04866 -0.61714 -0.51244
0.01438 0.06406 -0.06048 0.08508
-0.58491 0.01636 -0.61286 -0.57020
-0.65338 0.05114 -0.70306 -0.58718
-0.82733 0.14756 -1.06779 -0.62065
-0.53566 0.01879 -0.57054 -0.51859
0.02406 0.04157 -0.04652 0.07692
-0.10878 0.03802 -0.16320 -0.06435
-1.37972 0.07554 -1.47052 -1.27607
