# avg	std	min	max
1.29405 0.00175 1.29292 1.29751
0.43363 0.00180 0.43261 0.43720
-0.38689 0.13202 -0.45584 -0.12290
-1.17243 0.14008 -1.44701 -1.05230
-1.02961 0.15474 -1.16876 -0.81027
-0.83459 0.12588 -0.91843 -0.58511
-0.99249 0.08561 -1.13730 -0.87661
-1.49423 0.12840 -1.64606 -1.28840
1.82320 0.00885 1.80736 1.83323
0.80770 0.32819 0.34129 1.16351
0.01995 0.01030 0.00000 0.02939
0.00285 0.02876 -0.01464 0.06027
-0.80235 0.13276 -1.03554 -0.69141
0.25647 0.14737 0.09914 0.43438
-0.22620 0.09226 -0.34921 -0.08488
0.14823 0.03922 0.08075 0.19067
-1.20235 0.04776 -1.25601 -1.14509
-0.47264 0.04951 -0.54909 -0.40889
-0.25336 0.10450 -0.42286 -0.10315
0.47940 0.06135 0.43904 0.60069
-0.65360 0.13041 -0.77672 -0.48322
-0.35595 0.21653 -0.66161 -0.07543
-0.54614 0.10737 -0.72588 -0.44247
