# avg	std	min	max
1.26537 0.02718 1.23213 1.29166
1.47633 0.14338 1.32066 1.66305
2.53141 0.18173 2.33837 2.83313
1.10776 0.10025 1.02908 1.30563
2.44383 0.09911 2.31658 2.61451
1.41301 0.18813 1.18029 1.73001
1.34150 0.11939 1.21212 1.55630
0.71808 0.15936 0.58845 1.03032
2.87580 0.12180 2.70512 3.08438
-0.64234 0.08575 -0.77621 -0.55106
-0.00051 0.00389 -0.00790 0.00298
1.80514 0.05229 1.75094 1.90381
1.55210 0.24237 1.26357 1.98386
1.22344 0.13829 0.96171 1.36684
1.37817 0.11343 1.31068 1.60438
1.20942 0.05710 1.11264 1.27676
1.45035 0.11191 1.35875 1.62923
1.32056 0.12426 1.17160 1.45970
1.53243 0.23365 1.34949 1.97681
2.28671 0.18953 2.04143 2.52650
1.42914 0.09338 1.31395 1.58962
2.65932 0.30361 2.25669 3.02862
0.03071 0.28999 -0.45036 0.42614
