# avg	std	min	max
4.81202 0.02125 4.77997 4.83790
2.97733 0.02098 2.95072 2.99555
0.00799 0.04240 -0.06398 0.04535
-0.24196 0.03107 -0.28061 -0.20113
-0.18298 0.07139 -0.26862 -0.10922
1.13364 0.66106 0.20945 1.86548
8.57733 0.41741 7.92256 9.03225
17.46184 3.11811 13.80360 21.97590
5.09041 0.03690 5.02884 5.13677
3.31718 0.01924 3.29915 3.34069
1.33484 0.02715 1.30540 1.38164
2.14311 0.02340 2.11026 2.17023
14.28450 0.30196 13.98550 14.72470
2.58231 0.01383 2.55739 2.59742
3.25928 1.00770 2.35804 5.05818
5.11632 0.04275 5.06318 5.16260
4.99320 0.14944 4.83052 5.21615
5.70385 0.26854 5.19744 5.96673
10.13623 1.93441 6.61377 11.99770
5.41820 1.17901 4.50775 7.67068
12.66640 1.09190 11.09190 13.92000
10.93434 0.78241 9.56499 11.83960
25.60490 2.67195 22.11820 30.28050
