# avg	std	min	max
0.23427 0.00156 0.23283 0.23674
-0.01948 0.00185 -0.02071 -0.01595
-0.00028 0.00033 -0.00088 -0.00000
-0.09565 0.00619 -0.10119 -0.08426
0.17685 0.02797 0.12147 0.19518
-0.25948 0.05747 -0.30980 -0.15342
-0.22394 0.02783 -0.26659 -0.19313
-0.29079 0.02129 -0.32305 -0.26031
0.11731 0.16202 -0.12896 0.25010
0.09617 0.00237 0.09164 0.09828
-0.03746 0.00047 -0.03792 -0.03664
0.12332 0.00115 0.12161 0.12430
-0.08027 0.00785 -0.08770 -0.06570
0.15432 0.00177 0.15119 0.15613
-0.29398 0.19556 -0.44519 0.07998
-0.08076 0.00566 -0.08807 -0.07419
0.01647 0.00484 0.01240 0.02503
-0.49582 0.06817 -0.56303 -0.38941
-0.64252 0.04040 -0.68620 -0.57728
0.11792 0.00670 0.10808 0.12406
0.10873 0.01085 0.09381 0.12196
0.02422 0.00519 0.01953 0.03209
-0.02765 0.01547 -0.05764 -0.01585
