# avg	std	min	max
-0.00890 0.00000 -0.00890 -0.00890
-0.00438 0.00000 -0.00438 -0.00438
-0.00278 0.00000 -0.00278 -0.00278
-0.00584 0.00000 -0.00584 -0.00584
-0.00444 0.00000 -0.00444 -0.00444
0.00106 0.00000 0.00106 0.00106
-0.00456 0.00000 -0.00456 -0.00456
-0.00304 0.00000 -0.00304 -0.00304
-0.01354 0.00000 -0.01354 -0.01354
-0.00352 0.00000 -0.00352 -0.00352
-0.00288 0.00000 -0.00288 -0.00288
-0.03870 0.00000 -0.03870 -0.03870
0.00014 0.00000 0.00014 0.00014
-0.00742 0.00000 -0.00742 -0.00742
