# avg	std	min	max
-0.02612 0.00000 -0.02612 -0.02612
-0.02634 0.00000 -0.02634 -0.02634
-0.01026 0.00000 -0.01026 -0.01026
-0.02610 0.00000 -0.02610 -0.02610
-0.02610 0.00000 -0.02610 -0.02610
-0.02610 0.00000 -0.02610 -0.02610
-0.02614 0.00000 -0.02614 -0.02614
-0.02624 0.00000 -0.02624 -0.02624
-0.04284 0.00000 -0.04284 -0.04284
-0.02620 0.00000 -0.02620 -0.02620
-0.02736 0.00000 -0.02736 -0.02736
-0.01734 0.00000 -0.01734 -0.01734
-0.02636 0.00000 -0.02636 -0.02636
-0.02624 0.00000 -0.02624 -0.02624
