SA3W	0.608	0.097	0.497	0.753	13
RA16G	3.779	0.101	3.635	3.918	9
DA19Y	-0.713	0.100	-0.834	-0.579	4
RA21G	1.496	0.006	1.491	1.506	14
RA21Q	0.147	0.008	0.139	0.157	2
PA28L	1.133	0.025	1.094	1.171	11
TA29A	-0.530	0.000	-0.530	-0.529	11
PA32Q	3.019	0.302	2.656	3.495	2
IA35V	1.272	0.005	1.265	1.279	2
RA37Q	-0.554	0.261	-0.915	-0.228	6
YA38H	1.426	0.027	1.383	1.447	4
KA39R	-0.077	0.037	-0.146	-0.046	7
KA49N	-0.636	0.050	-0.685	-0.570	1
DA56N	0.933	0.212	0.580	1.138	11
MA60I	0.007	0.042	-0.066	0.062	2
MA60V	1.005	0.046	0.933	1.059	7
KA65E	-0.132	0.049	-0.176	-0.064	4
RA70H	0.689	0.290	0.452	1.248	8
LA82F	6.537	1.465	4.048	7.889	12
VA89F	-2.491	0.031	-2.520	-2.438	1
VA91I	-1.352	0.342	-1.821	-0.772	12
VA98A	-0.182	0.012	-0.196	-0.168	3
YA113C	2.584	0.111	2.422	2.745	7
GA120R	-0.071	0.221	-0.367	0.277	4
GA120V	0.100	0.007	0.086	0.106	10
