# avg	std	min	max
-0.99361 0.03090 -1.04412 -0.95653
-0.20845 0.01636 -0.22631 -0.18841
-1.21171 0.07826 -1.29613 -1.11003
-0.65916 0.05258 -0.71789 -0.56459
-1.19729 0.05857 -1.25005 -1.08802
-0.26114 0.00034 -0.26178 -0.26076
-0.40934 0.02995 -0.44068 -0.35781
-0.30308 0.06610 -0.39673 -0.20968
-1.01675 0.04041 -1.09275 -0.97290
-1.08049 0.03786 -1.14152 -1.02284
-0.80032 0.01019 -0.81747 -0.78782
-0.63164 0.02029 -0.65585 -0.59852
-1.21414 0.05855 -1.25273 -1.09780
-0.26575 0.02560 -0.31625 -0.24638
