# avg	std	min	max
-0.09700 0.01004 -0.10886 -0.07877
-0.19321 0.00475 -0.20046 -0.18750
0.41852 0.01217 0.40387 0.43335
-0.28449 0.05167 -0.33357 -0.20710
0.45204 0.06676 0.34601 0.55092
-0.35505 0.06640 -0.43353 -0.27518
0.06894 0.05330 0.00232 0.12641
0.10432 0.01537 0.08988 0.13277
-1.78041 0.01668 -1.80755 -1.76101
-0.13203 0.01113 -0.14805 -0.11706
0.35244 0.01270 0.32739 0.36176
0.04823 0.01874 0.01339 0.06540
-0.02020 0.19300 -0.20354 0.23110
0.16798 0.00539 0.16186 0.17620
-0.24154 0.07830 -0.32230 -0.11163
0.11226 0.01121 0.09888 0.13053
-0.02197 0.00589 -0.03036 -0.01405
-0.33863 0.03220 -0.39602 -0.29704
-0.75499 0.25686 -1.01910 -0.35142
0.27875 0.01372 0.26112 0.29803
0.05277 0.00883 0.03969 0.06515
0.65883 0.00959 0.64999 0.67712
0.12538 0.12224 -0.11152 0.22340
