# avg	std	min	max
1.25217 0.02152 1.23221 1.29115
0.32846 0.01355 0.30463 0.34211
-0.61542 0.00961 -0.62144 -0.59642
-0.62244 0.20417 -0.87825 -0.41898
-0.67055 0.00907 -0.68639 -0.66163
-1.39286 0.06851 -1.48918 -1.30517
-0.66916 0.02691 -0.71265 -0.63352
-1.24882 0.00943 -1.25630 -1.23127
1.91393 0.05907 1.79599 1.95025
-0.07810 0.01153 -0.08787 -0.06329
-0.28688 0.01324 -0.30334 -0.26624
-0.06025 0.00787 -0.06539 -0.04466
-0.51441 0.08439 -0.64536 -0.43391
1.20324 0.01440 1.18700 1.22624
0.17492 0.01867 0.15492 0.20306
1.79358 0.00877 1.77978 1.80171
-0.00749 0.00720 -0.02189 -0.00389
-0.47517 0.06817 -0.58085 -0.40734
-0.07428 0.01512 -0.09780 -0.05259
0.57500 0.02221 0.54692 0.60340
0.52352 0.02661 0.49156 0.55976
1.65755 0.04037 1.62842 1.73505
-0.95527 0.10236 -1.15589 -0.86651
