# avg	std	min	max
0.67281 0.00027 0.67268 0.67335
0.25931 0.02470 0.24696 0.30872
-0.02859 0.00173 -0.03001 -0.02644
-0.60373 0.05989 -0.72302 -0.56718
-0.47303 0.01095 -0.48301 -0.45166
-0.43118 0.14475 -0.60105 -0.22506
-0.41035 0.00792 -0.41864 -0.39767
-0.22938 0.03010 -0.26975 -0.19308
3.46260 0.03186 3.43520 3.52076
0.34311 0.00011 0.34301 0.34327
0.02982 0.00010 0.02975 0.03002
0.22807 0.01440 0.21417 0.24620
-0.36893 0.00690 -0.37675 -0.35921
0.46324 0.01371 0.43584 0.47090
-0.03226 0.01174 -0.05374 -0.01838
0.42969 0.00507 0.41997 0.43315
-0.01028 0.00367 -0.01211 -0.00294
-0.21601 0.02600 -0.25164 -0.17809
-0.10719 0.02136 -0.13415 -0.07330
0.26836 0.00287 0.26615 0.27386
0.13847 0.04145 0.06480 0.18167
-0.07670 0.02019 -0.09726 -0.03951
-0.69242 0.01127 -0.71470 -0.68500
