# avg	std	min	max
-0.00000 0.00000 -0.00000 0.00000
1.32275 0.08404 1.22209 1.45815
2.14799 0.17246 1.89060 2.38130
3.23757 0.52275 2.41128 3.84527
5.17128 1.55667 2.42055 7.25970
5.94122 6.64522 0.88531 18.81710
11.64722 2.16424 9.29881 15.55650
14.09970 1.84116 11.64200 16.36570
3.61738 0.17550 3.38015 3.83253
3.66107 0.47484 3.29260 4.58294
9.25227 0.58726 8.69622 10.20820
3.50143 0.27832 2.99170 3.73366
12.23222 1.56725 10.75290 14.49380
4.55355 0.08489 4.39752 4.65415
7.30745 4.65854 4.30442 16.44150
8.98930 4.67580 6.04894 18.27250
10.79936 5.70651 7.53184 22.20370
8.15690 0.40988 7.52871 8.80467
9.39147 1.42013 7.75331 11.79250
15.59654 11.88618 6.18309 38.55150
13.98918 6.64693 9.00859 27.10700
8.69785 0.64448 7.62728 9.38320
30.32576 1.72765 27.63780 32.34980
