# avg	std	min	max
0.00000 0.00000 0.00000 0.00000
0.31574 0.00000 0.31574 0.31574
0.72681 0.00970 0.70741 0.73184
-0.19403 0.04853 -0.27035 -0.12546
0.35279 0.04973 0.28688 0.40378
-1.05061 0.02552 -1.08532 -1.01636
-0.05886 0.04746 -0.13559 0.00455
-0.02462 0.10271 -0.17614 0.09009
0.72398 0.00049 0.72359 0.72495
0.39953 0.03879 0.35051 0.43608
0.55466 0.00577 0.54751 0.55966
0.37021 0.01717 0.33756 0.38180
0.52451 0.04855 0.46578 0.58483
0.49790 0.08544 0.35819 0.58631
0.45351 0.05329 0.38554 0.52703
0.52751 0.01840 0.51513 0.56415
0.38500 0.06176 0.28911 0.45094
0.37446 0.17420 0.07572 0.61818
0.66221 0.00278 0.65776 0.66606
0.42882 0.03753 0.38979 0.47661
0.57186 0.03766 0.51136 0.62515
0.77029 0.14545 0.53381 0.91000
0.53608 0.00569 0.52966 0.54452
