# avg	std	min	max
7.14613 0.02233 7.10386 7.17060
5.44422 0.02641 5.40618 5.47286
1.53495 0.02588 1.50562 1.57673
1.49942 0.20206 1.22428 1.73860
-0.00779 0.00488 -0.01419 0.00039
0.89897 0.14911 0.71810 1.07242
6.27431 0.39592 5.68590 6.75728
11.83998 0.28682 11.34930 12.18880
6.40008 0.02412 6.36972 6.43049
6.27148 0.01415 6.25359 6.29559
3.96722 0.09550 3.77989 4.03402
4.41989 0.01869 4.39388 4.43689
5.44911 2.11000 4.03316 9.61823
4.81262 0.00499 4.80713 4.82143
4.46823 0.08832 4.31689 4.56939
6.02120 0.01572 6.00369 6.03959
5.18526 0.06312 5.06235 5.23811
5.38724 0.14104 5.24368 5.57797
7.74566 1.07153 5.95789 8.61569
5.57524 0.18603 5.30078 5.84104
8.17358 0.56740 7.51609 8.92052
6.73060 0.51670 6.05322 7.40948
24.40086 7.29467 15.29360 31.03650
