# avg	std	min	max
2.07683 0.00399 2.07062 2.08292
1.46146 0.02554 1.44595 1.51241
0.77653 0.02334 0.73293 0.80266
-0.47325 0.02549 -0.49394 -0.42344
-0.00588 0.00468 -0.01037 0.00267
-0.41222 0.05670 -0.47447 -0.30564
1.65411 0.04716 1.59991 1.73655
1.59101 0.07662 1.49886 1.69932
2.49884 0.02974 2.47200 2.55254
1.73032 0.03011 1.70328 1.78903
1.12960 0.00900 1.12172 1.14447
0.97478 0.04368 0.94327 1.05731
1.54766 0.07118 1.44795 1.66687
1.75828 0.04204 1.72371 1.82477
0.22575 0.05002 0.15871 0.30479
1.61989 0.01904 1.59478 1.64391
0.13426 0.01264 0.11943 0.15046
0.41319 0.03158 0.37116 0.44798
0.72997 0.02333 0.70216 0.76290
1.98944 0.01318 1.97019 2.00738
1.27458 0.07400 1.18428 1.41004
0.74839 0.01466 0.72451 0.77079
1.44916 0.00405 1.44319 1.45491
