# avg	std	min	max
1.51227 0.04569 1.45580 1.58130
0.73383 0.02165 0.70945 0.77245
0.49301 0.01563 0.47212 0.51591
-0.17626 0.05724 -0.23627 -0.08198
0.42371 0.12450 0.19056 0.54696
-0.15876 0.07188 -0.26216 -0.06771
0.61582 0.05135 0.52661 0.66272
0.26452 0.05245 0.19645 0.35762
0.67699 0.01707 0.65941 0.70773
1.15243 0.01554 1.12642 1.16978
0.60376 0.05620 0.54361 0.69078
0.63031 0.06643 0.54507 0.69330
0.59521 0.06101 0.51630 0.65829
0.98064 0.02201 0.94859 1.00536
0.41235 0.02651 0.37887 0.44977
1.02235 0.00962 1.00807 1.03437
0.70498 0.06555 0.59308 0.77889
-0.00250 0.00000 -0.00250 -0.00250
0.12952 0.06678 0.05114 0.23161
1.11026 0.04379 1.03212 1.14550
1.11568 0.02961 1.07817 1.16857
0.66839 0.05557 0.57343 0.73967
0.47697 0.05451 0.38281 0.53397
