# avg	std	min	max
5.25432 0.01206 5.23286 5.26517
3.24881 0.01075 3.24004 3.26944
0.39696 0.05261 0.33576 0.48342
-0.03651 0.02834 -0.08084 0.00481
1.08247 0.03572 1.05328 1.14796
-0.55198 0.04141 -0.61581 -0.49325
1.14718 0.02359 1.11640 1.18852
3.69079 0.25996 3.40543 4.04658
5.82033 0.02926 5.76657 5.84761
3.40282 0.04404 3.32834 3.46156
1.64424 0.04898 1.57688 1.71342
2.73783 0.02560 2.68943 2.76046
1.57487 0.09905 1.40881 1.69300
2.74293 0.12616 2.62410 2.97426
2.12887 0.03609 2.05936 2.16181
2.63486 0.04376 2.55095 2.67512
1.78111 0.04776 1.70827 1.83173
3.22038 0.19725 2.92456 3.39648
3.38966 0.50903 2.57799 3.93187
1.55763 0.01250 1.53550 1.57109
3.86806 0.01706 3.85151 3.89098
4.69445 0.13445 4.54674 4.89597
4.00150 0.41141 3.50808 4.50582
