# avg	std	min	max
5.46294 0.06309 5.34581 5.53362
4.41179 0.02770 4.37635 4.45908
1.75274 0.02175 1.72998 1.79335
-0.05273 0.02912 -0.09732 -0.02301
0.47721 0.02485 0.44099 0.51627
0.45176 0.05722 0.39416 0.55479
3.46510 0.69057 2.62520 4.33722
6.87231 1.17483 5.14784 7.88979
7.41411 0.16811 7.07943 7.52125
3.86356 0.06366 3.76324 3.95217
2.47896 0.03909 2.43892 2.54525
3.16070 0.02138 3.12862 3.19460
5.86767 1.44921 3.91280 8.00402
3.07320 0.01824 3.04805 3.09604
2.86230 0.01803 2.83882 2.89022
5.97243 0.14767 5.68542 6.08134
4.72858 0.04776 4.66218 4.77712
2.42028 0.25762 1.95722 2.67097
3.86706 0.05272 3.79898 3.94652
7.73842 0.42618 7.30262 8.54646
7.29079 0.04047 7.24394 7.34509
6.10615 0.03893 6.07528 6.17804
6.87198 1.02370 5.80350 8.54968
