# avg	std	min	max
6.72503 0.10706 6.53120 6.85375
4.53095 0.12307 4.30122 4.64070
3.47518 0.12964 3.35957 3.72805
-0.03927 0.10390 -0.19706 0.08378
2.91239 0.06470 2.82289 2.99218
0.21850 0.07840 0.12438 0.31490
2.43000 1.28413 1.08085 4.74264
1.21836 0.36315 0.76710 1.80593
9.00750 0.22448 8.81379 9.43268
5.72623 0.05222 5.63588 5.77674
4.52702 0.06338 4.45886 4.62206
3.83580 0.05287 3.76869 3.91836
1.15904 0.25678 0.82096 1.55326
4.45049 0.05166 4.38875 4.53760
3.65803 0.08393 3.57717 3.78559
5.68640 0.06701 5.60154 5.77652
4.97941 0.06935 4.89612 5.08334
3.20244 0.23923 2.91377 3.43936
2.56793 0.44202 2.17357 3.40208
3.79190 0.40863 3.36642 4.47878
8.09045 0.14935 7.87418 8.27272
9.31923 0.04006 9.25838 9.38234
2.78382 1.39729 1.65990 5.42164
