# avg	std	min	max
1.78582 0.02094 1.76542 1.82526
1.42326 0.01257 1.40908 1.43886
1.88020 0.07630 1.84166 2.03280
1.00417 0.00309 1.00115 1.00986
0.83440 0.03806 0.77350 0.87608
0.56866 0.05073 0.50098 0.62437
0.80324 0.08119 0.65410 0.89744
0.78553 0.03416 0.74733 0.84862
-0.00300 0.00076 -0.00440 -0.00209
1.77969 0.00964 1.76706 1.79509
1.60586 0.00050 1.60504 1.60641
1.76471 0.00319 1.76147 1.76995
1.01408 0.07703 0.90579 1.10464
1.70998 0.03575 1.67119 1.76663
1.04184 0.01838 1.02639 1.07643
1.94854 0.01721 1.91837 1.96754
1.53939 0.02407 1.52223 1.58675
1.04582 0.01747 1.02538 1.06932
1.20614 0.02354 1.17254 1.23528
1.57537 0.01496 1.54845 1.59048
1.91651 0.04646 1.87511 1.98806
1.93085 0.01846 1.90117 1.95790
0.96504 0.15456 0.80971 1.17491
