# avg	std	min	max
2.10362 0.00438 2.09680 2.10938
1.43861 0.00882 1.42396 1.44974
2.00244 0.01172 1.98933 2.02264
0.75310 0.03349 0.70384 0.79040
1.67140 0.01819 1.64288 1.69384
1.39056 0.14443 1.20144 1.59875
1.67235 0.00181 1.66916 1.67401
1.83360 0.01412 1.81923 1.85890
-0.02122 0.01487 -0.04154 -0.00631
2.15237 0.00809 2.13863 2.16293
2.12412 0.01268 2.10561 2.13875
1.93961 0.04639 1.89938 2.00283
1.68318 0.01162 1.66366 1.69880
2.23557 0.08640 2.09416 2.34125
1.51590 0.09603 1.36173 1.61547
2.76115 0.01163 2.75145 2.78343
1.59429 0.01699 1.57225 1.61183
1.02611 0.14660 0.75196 1.15839
1.31098 0.27473 1.02647 1.65237
2.40068 0.01099 2.38049 2.41039
2.23681 0.01498 2.21458 2.25348
3.31980 0.01448 3.30537 3.34463
1.69185 0.04710 1.64198 1.76543
