# avg	std	min	max
1.43461 0.00000 1.43461 1.43461
0.93870 0.00477 0.93632 0.94824
0.07642 0.05228 0.04644 0.18080
-0.84056 0.02651 -0.86476 -0.79110
-0.54268 0.00213 -0.54523 -0.53892
-0.99178 0.14083 -1.16402 -0.78554
0.71011 0.02693 0.67960 0.76050
0.71590 0.08366 0.59384 0.84872
2.25525 0.02686 2.21317 2.29800
0.96604 0.02476 0.94944 1.01533
0.53500 0.00827 0.52839 0.54819
0.13434 0.00530 0.13116 0.14485
0.69807 0.05673 0.64096 0.77262
0.85435 0.02066 0.83063 0.88147
-0.02016 0.03863 -0.09743 -0.00084
0.97274 0.25732 0.83669 1.48716
0.39530 0.08923 0.29452 0.52877
-0.49162 0.07547 -0.61447 -0.38957
-0.28219 0.05859 -0.38335 -0.23585
0.90433 0.03606 0.87594 0.97541
1.24221 0.00984 1.23350 1.25895
0.39206 0.01842 0.37370 0.42277
0.59585 0.12766 0.41356 0.73981
