# avg	std	min	max
1.25950 0.03082 1.21051 1.29322
0.27445 0.03100 0.23489 0.32778
-0.44608 0.10891 -0.56189 -0.31399
-1.17125 0.17292 -1.34478 -0.87258
-0.68462 0.47552 -1.21183 0.03835
-1.17089 0.16701 -1.39787 -0.93431
-1.68162 0.44857 -2.14751 -0.99069
0.02760 0.56662 -1.07659 0.43661
2.17897 0.25060 1.75667 2.40870
0.00252 0.00076 0.00110 0.00334
0.22128 0.26487 -0.30358 0.40913
-0.04547 0.13197 -0.16042 0.20855
-1.98366 0.29098 -2.32378 -1.59395
-0.65583 0.39535 -1.07023 -0.13123
-0.24186 0.08178 -0.38643 -0.14940
-0.88589 0.25334 -1.21143 -0.52245
-0.45646 0.07539 -0.57651 -0.36384
-0.86341 0.10134 -0.99088 -0.71481
-0.29651 0.31482 -0.77580 0.10865
0.46600 1.64768 -0.73472 3.67410
0.29345 0.26275 -0.02396 0.65019
1.71590 0.28818 1.20777 2.09431
-0.01103 1.61005 -1.42604 3.09912
