# avg	std	min	max
1.01193 0.00054 1.01160 1.01298
0.41307 0.00091 0.41236 0.41453
1.03694 0.00324 1.03314 1.04220
-0.02058 0.14398 -0.14722 0.21032
0.13976 0.15520 -0.04824 0.32991
-0.55883 0.11015 -0.75293 -0.44609
0.04410 0.02408 0.00856 0.08445
0.21239 0.16867 0.07645 0.50948
0.35655 0.00523 0.34771 0.36243
-0.00038 0.00088 -0.00211 0.00031
0.03665 0.00109 0.03539 0.03859
0.25908 0.00081 0.25830 0.26060
0.02955 0.00841 0.01791 0.03762
0.81610 0.03399 0.75849 0.85790
-0.00041 0.25238 -0.48456 0.18005
1.16197 0.06313 1.08710 1.23382
0.61339 0.02251 0.58513 0.64047
-0.16383 0.10512 -0.32737 -0.05216
-0.05443 0.05670 -0.15102 -0.00102
0.76465 0.02280 0.74140 0.79820
1.15500 0.01024 1.13927 1.17161
1.64612 0.06733 1.54421 1.73387
0.04470 0.02495 0.00673 0.08357
