# avg	std	min	max
1.04807 0.03489 0.97839 1.06745
0.16490 0.00271 0.16266 0.16963
-0.00359 0.38536 -0.34640 0.47118
-1.16136 0.03908 -1.22247 -1.10494
0.16674 0.27209 -0.19267 0.42178
-0.86148 0.14868 -0.99478 -0.58503
-0.62822 0.03298 -0.67040 -0.57239
-0.45153 0.04463 -0.52150 -0.39468
2.30271 0.17967 2.13524 2.57543
-0.00112 0.00177 -0.00456 0.00000
0.00325 0.00482 -0.00447 0.00763
-0.83439 0.46938 -1.07769 0.10430
-0.58653 0.02661 -0.63896 -0.56845
0.10348 0.03871 0.06015 0.17450
0.52760 0.20296 0.29817 0.85604
0.06661 0.21692 -0.15598 0.45749
0.33730 0.32978 -0.04399 0.73314
-0.18217 0.08593 -0.27505 -0.04492
0.11237 0.10332 -0.03179 0.29169
0.60013 0.06325 0.47540 0.64621
0.79889 0.11474 0.72121 1.02609
2.30309 1.08080 1.15445 4.23200
-0.98200 0.03253 -1.04253 -0.94664
