# avg	std	min	max
1.96994 0.00871 1.95973 1.98041
0.72959 0.00184 0.72867 0.73326
-1.70136 0.01111 -1.71503 -1.68764
0.65290 0.82769 -0.71444 1.84939
-2.10067 0.02677 -2.14238 -2.05785
-1.42987 0.69970 -1.91421 -0.05804
-0.36170 0.03701 -0.39417 -0.29024
-0.66749 0.22594 -1.00816 -0.42848
1.63367 0.04836 1.55743 1.70268
1.48591 0.03684 1.45443 1.55660
0.00056 0.00111 -0.00000 0.00278
-0.07852 0.01857 -0.11516 -0.06445
-0.36557 0.10664 -0.55858 -0.25703
0.82135 0.16943 0.49650 0.96622
-0.15640 0.20809 -0.41515 0.04455
1.74161 0.27316 1.44343 2.09705
0.96706 0.04258 0.90346 1.01073
-0.06105 0.49898 -1.01765 0.37465
-0.21005 0.81313 -1.55498 0.56402
0.64943 0.02537 0.60697 0.67785
3.88755 0.08555 3.80545 4.04224
2.68271 0.53985 2.19076 3.72948
-0.38222 0.05552 -0.46824 -0.29566
