# avg	std	min	max
0.82818 0.00967 0.81904 0.84239
0.25851 0.01996 0.24230 0.28910
0.92634 0.20806 0.51117 1.05471
0.56762 0.01618 0.54069 0.59031
0.32745 0.38777 -0.01423 0.91886
0.27760 0.22285 -0.11907 0.48556
0.43847 0.01854 0.40416 0.45368
0.45913 0.31537 -0.13425 0.68873
0.05484 0.05208 -0.01973 0.14305
-0.29362 0.01477 -0.31064 -0.27111
-0.00041 0.00081 -0.00182 0.00066
0.36963 0.04428 0.31232 0.41623
0.58412 0.07803 0.51258 0.68146
0.12664 0.06963 0.03984 0.18749
-0.18608 0.03127 -0.21229 -0.13964
0.77705 0.01327 0.76763 0.80338
0.57842 0.14449 0.40877 0.74634
-0.14461 0.10913 -0.33919 -0.00360
-0.51951 0.06514 -0.57597 -0.39429
0.33587 0.00641 0.32806 0.34707
0.92831 0.02489 0.90254 0.96000
0.71619 0.07073 0.63594 0.81205
0.57756 0.02185 0.54744 0.60821
