# avg	std	min	max
4.56479 0.03041 4.52220 4.61424
2.77302 0.00718 2.76132 2.78300
-0.00276 0.00554 -0.01384 0.00013
2.40097 0.01947 2.37833 2.42354
0.69753 0.02045 0.67688 0.73479
3.22725 0.25150 2.74188 3.47307
7.10131 0.72216 6.23034 8.09878
13.87302 3.54751 10.69130 20.59080
7.08496 0.01961 7.05851 7.11641
3.73146 0.05701 3.67223 3.82843
2.02429 0.02693 1.99831 2.06508
1.96020 0.00565 1.95704 1.97149
8.26451 1.53232 6.38778 9.72491
3.17096 0.03988 3.13860 3.24655
5.35205 0.74832 4.29974 6.39063
3.96601 0.04394 3.91739 4.04687
5.74902 0.43080 5.39889 6.53212
6.49942 0.99835 5.15489 8.14147
5.42326 1.37396 3.41619 7.38171
7.97812 2.95625 4.05354 11.17000
10.66146 0.53484 9.97048 11.31930
13.59341 4.47084 9.73917 21.16160
13.91778 4.64189 8.57357 20.77690
