# avg	std	min	max
5.86250 0.02293 5.84135 5.90649
3.77419 0.02216 3.74054 3.80019
-0.00025 0.00156 -0.00194 0.00258
-0.26270 0.28344 -0.72930 0.04999
0.00657 0.09427 -0.07723 0.17471
1.83612 0.51194 0.95347 2.54413
6.37587 1.84434 3.10148 8.75826
8.27704 2.57767 5.82297 12.80570
2.39337 0.17345 2.25163 2.72756
4.96996 0.02496 4.92243 4.98889
2.63168 0.00090 2.63004 2.63252
2.55948 0.01551 2.54188 2.58635
8.88730 0.73249 7.69249 9.61318
3.39605 0.01474 3.38103 3.41398
4.93869 0.28315 4.69208 5.42433
4.56454 0.01194 4.55744 4.58824
5.83936 0.17323 5.68018 6.07205
5.68847 0.26718 5.30559 6.08774
7.20161 2.96538 3.50220 11.10550
5.16801 0.52208 4.27204 5.68381
11.66516 0.86672 10.61590 13.10580
9.05182 1.53885 6.68703 11.43090
13.31010 3.08811 9.08442 16.51760
