# avg	std	min	max
3.82296 0.03988 3.77871 3.88880
2.61160 0.01606 2.57983 2.62165
-0.00515 0.02750 -0.05535 0.02916
-0.12129 0.09084 -0.24703 0.01113
-0.43486 0.08813 -0.48854 -0.25900
0.28000 0.52422 -0.27627 1.07155
3.89107 0.83208 2.87088 5.01216
5.51496 0.85223 4.50938 6.93417
4.05105 0.48814 3.28867 4.54417
2.33809 0.00572 2.33319 2.34925
1.42633 0.03098 1.39174 1.46409
1.45771 0.02783 1.43417 1.49187
4.08950 1.17509 1.90901 5.12377
2.43191 0.11273 2.28978 2.57173
2.50950 0.26471 1.98383 2.66948
4.49735 0.02207 4.45346 4.51175
3.61713 0.03873 3.58267 3.68857
3.37824 0.36510 2.81962 3.78641
2.58827 0.32230 2.19140 2.96944
5.25964 0.27090 4.88530 5.60062
6.70394 0.20228 6.30314 6.83489
8.09042 1.08525 7.09589 10.17630
4.26082 0.85180 3.42531 5.75681
