# avg	std	min	max
2.14352 0.03712 2.08315 2.18160
1.07282 0.11164 1.01696 1.29610
1.34600 0.00466 1.33686 1.34982
0.10143 0.01617 0.08506 0.12462
0.80402 0.01060 0.78627 0.81585
0.50848 0.01678 0.48036 0.52912
-0.19257 0.00934 -0.20736 -0.18119
-0.01962 0.00166 -0.02190 -0.01721
2.83702 0.02676 2.78414 2.85827
1.48151 0.00002 1.48149 1.48156
1.40309 0.10674 1.21831 1.54797
0.95165 0.07446 0.84983 1.05106
0.00156 0.00270 -0.00000 0.00692
1.60750 0.18926 1.24282 1.78939
0.82756 0.00712 0.82247 0.84164
2.09939 0.09253 1.98746 2.22243
1.08438 0.01973 1.05219 1.11354
0.23391 0.00871 0.21988 0.24200
0.53159 0.05080 0.46957 0.62159
1.01692 0.12060 0.94513 1.25782
1.40758 0.21270 1.27965 1.82751
1.46657 0.04161 1.38610 1.50019
-0.02087 0.08883 -0.18988 0.05915
