# avg	std	min	max
-1.11424 0.00000 -1.11424 -1.11424
-0.52527 0.00000 -0.52527 -0.52527
-1.28424 0.00000 -1.28424 -1.28424
-0.95065 0.00000 -0.95065 -0.95065
-0.88812 0.00000 -0.88812 -0.88812
-0.52971 0.00000 -0.52971 -0.52971
-0.11083 0.00000 -0.11083 -0.11083
-0.70669 0.00000 -0.70669 -0.70669
-1.34262 0.00000 -1.34262 -1.34262
-0.82991 0.00000 -0.82991 -0.82991
-0.47090 0.00000 -0.47090 -0.47090
-0.69678 0.00000 -0.69678 -0.69678
-1.38830 0.00000 -1.38830 -1.38830
-0.53753 0.00000 -0.53753 -0.53753
