# avg	std	min	max
1.00561 0.00000 1.00561 1.00561
-0.00000 0.00000 -0.00000 -0.00000
-0.04621 0.00000 -0.04621 -0.04621
-1.28715 0.00000 -1.28715 -1.28715
-0.89004 0.00000 -0.89004 -0.89004
-1.46947 0.00000 -1.46947 -1.46947
-1.12033 0.00000 -1.12033 -1.12033
-0.99300 0.00000 -0.99300 -0.99300
2.41871 0.00000 2.41871 2.41871
0.04909 0.00000 0.04909 0.04909
0.33643 0.00000 0.33643 0.33643
0.32697 0.00000 0.32697 0.32697
-0.89912 0.00000 -0.89912 -0.89912
-0.48972 0.00000 -0.48972 -0.48972
-0.34854 0.00000 -0.34854 -0.34854
0.37776 0.00000 0.37776 0.37776
-0.41978 0.00000 -0.41978 -0.41978
-0.89245 0.00000 -0.89245 -0.89245
-0.58862 0.00000 -0.58862 -0.58862
-0.11992 0.00000 -0.11992 -0.11992
0.16754 0.00000 0.16754 0.16754
0.65374 0.00000 0.65374 0.65374
-0.66239 0.00000 -0.66239 -0.66239
