# avg	std	min	max
1.27906 0.00000 1.27906 1.27906
0.00000 0.00000 0.00000 0.00000
0.26342 0.00000 0.26342 0.26342
-1.04726 0.00000 -1.04726 -1.04726
-0.42767 0.00000 -0.42767 -0.42767
-2.10743 0.00000 -2.10743 -2.10743
-1.60617 0.00000 -1.60617 -1.60617
-2.04925 0.00000 -2.04925 -2.04925
4.03557 0.00000 4.03557 4.03557
0.10726 0.00000 0.10726 0.10726
0.02952 0.00000 0.02952 0.02952
0.62188 0.00000 0.62188 0.62188
-1.45928 0.00000 -1.45928 -1.45928
-0.16774 0.00000 -0.16774 -0.16774
-0.19490 0.00000 -0.19490 -0.19490
0.57250 0.00000 0.57250 0.57250
-0.22456 0.00000 -0.22456 -0.22456
-0.93135 0.00000 -0.93135 -0.93135
-0.89058 0.00000 -0.89058 -0.89058
-0.00889 0.00000 -0.00889 -0.00889
0.43275 0.00000 0.43275 0.43275
0.62236 0.00000 0.62236 0.62236
-2.06704 0.00000 -2.06704 -2.06704
