# avg	std	min	max
1.28467 0.00000 1.28467 1.28467
0.00000 0.00000 0.00000 0.00000
-0.39933 0.00000 -0.39933 -0.39933
-0.62369 0.00000 -0.62369 -0.62369
-0.12548 0.00000 -0.12548 -0.12548
-0.74908 0.00000 -0.74908 -0.74908
-0.52784 0.00000 -0.52784 -0.52784
0.05476 0.00000 0.05476 0.05476
0.55612 0.00000 0.55612 0.55612
0.86876 0.00000 0.86876 0.86876
0.73833 0.00000 0.73833 0.73833
0.48960 0.00000 0.48960 0.48960
-0.33732 0.00000 -0.33732 -0.33732
0.74943 0.00000 0.74943 0.74943
0.31051 0.00000 0.31051 0.31051
0.89733 0.00000 0.89733 0.89733
0.03002 0.00000 0.03002 0.03002
-0.44115 0.00000 -0.44115 -0.44115
-0.43584 0.00000 -0.43584 -0.43584
0.15746 0.00000 0.15746 0.15746
0.42198 0.00000 0.42198 0.42198
1.95356 0.00000 1.95356 1.95356
-0.53008 0.00000 -0.53008 -0.53008
