# avg	std	min	max
1.07726 0.00000 1.07726 1.07726
0.00000 0.00000 0.00000 0.00000
0.29892 0.00000 0.29892 0.29892
-0.70943 0.00000 -0.70943 -0.70943
-0.48231 0.00000 -0.48231 -0.48231
-1.43254 0.00000 -1.43254 -1.43254
-0.34826 0.00000 -0.34826 -0.34826
-0.69639 0.00000 -0.69639 -0.69639
3.45715 0.00000 3.45715 3.45715
0.08181 0.00000 0.08181 0.08181
0.83566 0.00000 0.83566 0.83566
0.74122 0.00000 0.74122 0.74122
-0.33189 0.00000 -0.33189 -0.33189
-0.01590 0.00000 -0.01590 -0.01590
-0.38206 0.00000 -0.38206 -0.38206
0.42361 0.00000 0.42361 0.42361
-0.10787 0.00000 -0.10787 -0.10787
-0.41079 0.00000 -0.41079 -0.41079
-0.07417 0.00000 -0.07417 -0.07417
0.02105 0.00000 0.02105 0.02105
0.36223 0.00000 0.36223 0.36223
0.27242 0.00000 0.27242 0.27242
-0.50024 0.00000 -0.50024 -0.50024
