# avg	std	min	max
1.06842 0.00000 1.06842 1.06842
-0.00000 0.00000 -0.00000 -0.00000
0.32594 0.00000 0.32594 0.32594
3.10384 0.00000 3.10384 3.10384
0.89471 0.00000 0.89471 0.89471
1.30290 0.00000 1.30290 1.30290
11.34478 0.00000 11.34478 11.34478
6.54276 0.00000 6.54276 6.54276
3.23493 0.00000 3.23493 3.23493
0.34893 0.00000 0.34893 0.34893
2.60886 0.00000 2.60886 2.60886
-0.01473 0.00000 -0.01473 -0.01473
12.99306 0.00000 12.99306 12.99306
5.32887 0.00000 5.32887 5.32887
6.37121 0.00000 6.37121 6.37121
7.38302 0.00000 7.38302 7.38302
7.68337 0.00000 7.68337 7.68337
7.10692 0.00000 7.10692 7.10692
4.70925 0.00000 4.70925 4.70925
11.18420 0.00000 11.18420 11.18420
11.43544 0.00000 11.43544 11.43544
12.30646 0.00000 12.30646 12.30646
10.83933 0.00000 10.83933 10.83933
