# avg	std	min	max
0.35034 0.00000 0.35034 0.35034
-0.00000 0.00000 -0.00000 -0.00000
0.52868 0.00000 0.52868 0.52868
-0.56867 0.00000 -0.56867 -0.56867
0.08416 0.00000 0.08416 0.08416
-0.77671 0.00000 -0.77671 -0.77671
-0.25721 0.00000 -0.25721 -0.25721
0.20906 0.00000 0.20906 0.20906
4.68775 0.00000 4.68775 4.68775
-0.06130 0.00000 -0.06130 -0.06130
0.84490 0.00000 0.84490 0.84490
0.52307 0.00000 0.52307 0.52307
-0.16076 0.00000 -0.16076 -0.16076
0.55409 0.00000 0.55409 0.55409
-0.37989 0.00000 -0.37989 -0.37989
0.85437 0.00000 0.85437 0.85437
0.27376 0.00000 0.27376 0.27376
-0.56334 0.00000 -0.56334 -0.56334
-0.71264 0.00000 -0.71264 -0.71264
0.50675 0.00000 0.50675 0.50675
1.07101 0.00000 1.07101 1.07101
2.16952 0.00000 2.16952 2.16952
-0.57053 0.00000 -0.57053 -0.57053
