# avg	std	min	max
0.32398 0.00000 0.32398 0.32398
0.00000 0.00000 0.00000 0.00000
0.47395 0.00000 0.47395 0.47395
-0.09589 0.00000 -0.09589 -0.09589
0.13922 0.00000 0.13922 0.13922
0.14213 0.00000 0.14213 0.14213
0.12088 0.00000 0.12088 0.12088
0.34595 0.00000 0.34595 0.34595
-0.28873 0.00000 -0.28873 -0.28873
0.65925 0.00000 0.65925 0.65925
0.46259 0.00000 0.46259 0.46259
0.60286 0.00000 0.60286 0.60286
0.19550 0.00000 0.19550 0.19550
-0.08475 0.00000 -0.08475 -0.08475
-0.18597 0.00000 -0.18597 -0.18597
0.40490 0.00000 0.40490 0.40490
0.06581 0.00000 0.06581 0.06581
-0.05878 0.00000 -0.05878 -0.05878
0.01960 0.00000 0.01960 0.01960
0.01111 0.00000 0.01111 0.01111
0.68489 0.00000 0.68489 0.68489
0.57554 0.00000 0.57554 0.57554
0.06095 0.00000 0.06095 0.06095
