# avg	std	min	max
1.23631 0.00000 1.23631 1.23631
-0.00000 0.00000 -0.00000 -0.00000
-0.47102 0.00000 -0.47102 -0.47102
-1.64020 0.00000 -1.64020 -1.64020
-1.31356 0.00000 -1.31356 -1.31356
-1.71012 0.00000 -1.71012 -1.71012
-2.19495 0.00000 -2.19495 -2.19495
-2.43679 0.00000 -2.43679 -2.43679
4.74934 0.00000 4.74934 4.74934
0.25555 0.00000 0.25555 0.25555
0.67001 0.00000 0.67001 0.67001
0.31137 0.00000 0.31137 0.31137
-2.49626 0.00000 -2.49626 -2.49626
0.01508 0.00000 0.01508 0.01508
-0.85791 0.00000 -0.85791 -0.85791
0.42157 0.00000 0.42157 0.42157
-0.56113 0.00000 -0.56113 -0.56113
-0.96480 0.00000 -0.96480 -0.96480
-1.01931 0.00000 -1.01931 -1.01931
-0.16641 0.00000 -0.16641 -0.16641
0.29820 0.00000 0.29820 0.29820
1.05515 0.00000 1.05515 1.05515
-1.16262 0.00000 -1.16262 -1.16262
