# avg	std	min	max
1.28074 0.00000 1.28074 1.28074
0.00000 0.00000 0.00000 0.00000
1.07177 0.00000 1.07177 1.07177
-1.02644 0.00000 -1.02644 -1.02644
0.21768 0.00000 0.21768 0.21768
-1.63547 0.00000 -1.63547 -1.63547
-1.14489 0.00000 -1.14489 -1.14489
-1.33783 0.00000 -1.33783 -1.33783
1.12694 0.00000 1.12694 1.12694
0.21348 0.00000 0.21348 0.21348
1.11796 0.00000 1.11796 1.11796
0.52254 0.00000 0.52254 0.52254
-0.99649 0.00000 -0.99649 -0.99649
0.67696 0.00000 0.67696 0.67696
-0.44812 0.00000 -0.44812 -0.44812
0.37740 0.00000 0.37740 0.37740
-0.07116 0.00000 -0.07116 -0.07116
0.07265 0.00000 0.07265 0.07265
0.19768 0.00000 0.19768 0.19768
0.26200 0.00000 0.26200 0.26200
2.03863 0.00000 2.03863 2.03863
2.70868 0.00000 2.70868 2.70868
-1.31463 0.00000 -1.31463 -1.31463
