# avg	std	min	max
0.80066 0.00000 0.80066 0.80066
0.00000 0.00000 0.00000 0.00000
0.19022 0.00000 0.19022 0.19022
-0.61076 0.00000 -0.61076 -0.61076
-0.43290 0.00000 -0.43290 -0.43290
-1.12796 0.00000 -1.12796 -1.12796
-0.98788 0.00000 -0.98788 -0.98788
-0.86284 0.00000 -0.86284 -0.86284
2.37714 0.00000 2.37714 2.37714
-0.03564 0.00000 -0.03564 -0.03564
0.54917 0.00000 0.54917 0.54917
0.64275 0.00000 0.64275 0.64275
-0.40861 0.00000 -0.40861 -0.40861
-0.02170 0.00000 -0.02170 -0.02170
-0.46586 0.00000 -0.46586 -0.46586
0.09089 0.00000 0.09089 0.09089
-0.40175 0.00000 -0.40175 -0.40175
-0.17127 0.00000 -0.17127 -0.17127
0.06241 0.00000 0.06241 0.06241
0.03498 0.00000 0.03498 0.03498
-0.07894 0.00000 -0.07894 -0.07894
-0.00567 0.00000 -0.00567 -0.00567
-0.89485 0.00000 -0.89485 -0.89485
