# avg	std	min	max
1.12001 0.00000 1.12001 1.12001
0.00000 0.00000 0.00000 0.00000
0.26410 0.00000 0.26410 0.26410
-0.70608 0.00000 -0.70608 -0.70608
-0.32368 0.00000 -0.32368 -0.32368
-0.95898 0.00000 -0.95898 -0.95898
-0.20041 0.00000 -0.20041 -0.20041
-0.38687 0.00000 -0.38687 -0.38687
3.45555 0.00000 3.45555 3.45555
0.17534 0.00000 0.17534 0.17534
0.78058 0.00000 0.78058 0.78058
0.78575 0.00000 0.78575 0.78575
-0.18827 0.00000 -0.18827 -0.18827
0.01484 0.00000 0.01484 0.01484
0.12799 0.00000 0.12799 0.12799
0.61096 0.00000 0.61096 0.61096
-0.05966 0.00000 -0.05966 -0.05966
-0.25121 0.00000 -0.25121 -0.25121
-0.14774 0.00000 -0.14774 -0.14774
0.31958 0.00000 0.31958 0.31958
0.45901 0.00000 0.45901 0.45901
0.27723 0.00000 0.27723 0.27723
-0.72500 0.00000 -0.72500 -0.72500
