# avg	std	min	max
6.05520 0.00000 6.05520 6.05520
5.97400 0.00000 5.97400 5.97400
8.40298 0.00000 8.40298 8.40298
11.18528 0.00000 11.18528 11.18528
8.04782 0.00000 8.04782 8.04782
8.37531 0.00000 8.37531 8.37531
14.63238 0.00000 14.63238 14.63238
25.35292 0.00000 25.35292 25.35292
9.76865 0.00000 9.76865 9.76865
8.47916 0.00000 8.47916 8.47916
9.08264 0.00000 9.08264 9.08264
-0.01773 0.00000 -0.01773 -0.01773
21.61746 0.00000 21.61746 21.61746
8.49104 0.00000 8.49104 8.49104
10.40615 0.00000 10.40615 10.40615
9.95353 0.00000 9.95353 9.95353
8.94461 0.00000 8.94461 8.94461
14.82410 0.00000 14.82410 14.82410
14.92458 0.00000 14.92458 14.92458
17.87892 0.00000 17.87892 17.87892
11.36684 0.00000 11.36684 11.36684
13.35204 0.00000 13.35204 13.35204
27.36252 0.00000 27.36252 27.36252
