# avg	std	min	max
6.10810 0.00000 6.10810 6.10810
4.19372 0.00000 4.19372 4.19372
6.77484 0.00000 6.77484 6.77484
9.22612 0.00000 9.22612 9.22612
8.32214 0.00000 8.32214 8.32214
9.44105 0.00000 9.44105 9.44105
18.71322 0.00000 18.71322 18.71322
39.51200 0.00000 39.51200 39.51200
9.32871 0.00000 9.32871 9.32871
5.52796 0.00000 5.52796 5.52796
7.71979 0.00000 7.71979 7.71979
-0.01295 0.00000 -0.01295 -0.01295
31.05346 0.00000 31.05346 31.05346
10.13213 0.00000 10.13213 10.13213
14.67356 0.00000 14.67356 14.67356
14.29500 0.00000 14.29500 14.29500
15.13128 0.00000 15.13128 15.13128
16.01342 0.00000 16.01342 16.01342
18.31084 0.00000 18.31084 18.31084
26.55730 0.00000 26.55730 26.55730
21.39418 0.00000 21.39418 21.39418
19.07816 0.00000 19.07816 19.07816
46.73286 0.00000 46.73286 46.73286
