# avg	std	min	max
6.98073 0.00000 6.98073 6.98073
5.31674 0.00000 5.31674 5.31674
6.61799 0.00000 6.61799 6.61799
6.49458 0.00000 6.49458 6.49458
7.08436 0.00000 7.08436 7.08436
8.95105 0.00000 8.95105 8.95105
15.96286 0.00000 15.96286 15.96286
26.66690 0.00000 26.66690 26.66690
9.55750 0.00000 9.55750 9.55750
7.57857 0.00000 7.57857 7.57857
7.60094 0.00000 7.60094 7.60094
-0.00784 0.00000 -0.00784 -0.00784
21.77188 0.00000 21.77188 21.77188
9.15014 0.00000 9.15014 9.15014
12.11196 0.00000 12.11196 12.11196
10.61046 0.00000 10.61046 10.61046
12.87920 0.00000 12.87920 12.87920
14.73310 0.00000 14.73310 14.73310
20.00856 0.00000 20.00856 20.00856
20.81100 0.00000 20.81100 20.81100
18.26888 0.00000 18.26888 18.26888
19.02520 0.00000 19.02520 19.02520
42.50846 0.00000 42.50846 42.50846
