# avg	std	min	max
1.45657 0.00000 1.45657 1.45657
-0.10398 0.00000 -0.10398 -0.10398
0.08337 0.00000 0.08337 0.08337
-2.26053 0.00000 -2.26053 -2.26053
-0.05970 0.00000 -0.05970 -0.05970
-1.70589 0.00000 -1.70589 -1.70589
4.37711 0.00000 4.37711 4.37711
15.41624 0.00000 15.41624 15.41624
3.80101 0.00000 3.80101 3.80101
-1.15043 0.00000 -1.15043 -1.15043
1.13282 0.00000 1.13282 1.13282
-0.00015 0.00000 -0.00015 -0.00015
9.73175 0.00000 9.73175 9.73175
-0.23261 0.00000 -0.23261 -0.23261
0.58925 0.00000 0.58925 0.58925
1.62828 0.00000 1.62828 1.62828
1.72684 0.00000 1.72684 1.72684
2.83920 0.00000 2.83920 2.83920
8.08204 0.00000 8.08204 8.08204
1.76063 0.00000 1.76063 1.76063
4.70008 0.00000 4.70008 4.70008
3.50447 0.00000 3.50447 3.50447
25.65364 0.00000 25.65364 25.65364
