# avg	std	min	max
0.21818 0.00000 0.21818 0.21818
-0.45908 0.00000 -0.45908 -0.45908
-0.29209 0.00000 -0.29209 -0.29209
-1.01361 0.00000 -1.01361 -1.01361
-1.11565 0.00000 -1.11565 -1.11565
-1.41590 0.00000 -1.41590 -1.41590
-1.74083 0.00000 -1.74083 -1.74083
-1.78155 0.00000 -1.78155 -1.78155
1.98130 0.00000 1.98130 1.98130
-0.56724 0.00000 -0.56724 -0.56724
-0.59432 0.00000 -0.59432 -0.59432
0.00007 0.00000 0.00007 0.00007
-1.54581 0.00000 -1.54581 -1.54581
-0.62041 0.00000 -0.62041 -0.62041
-0.74793 0.00000 -0.74793 -0.74793
-0.31943 0.00000 -0.31943 -0.31943
-0.71482 0.00000 -0.71482 -0.71482
-0.96432 0.00000 -0.96432 -0.96432
-1.24508 0.00000 -1.24508 -1.24508
-0.61299 0.00000 -0.61299 -0.61299
-0.37700 0.00000 -0.37700 -0.37700
-0.27521 0.00000 -0.27521 -0.27521
-1.95940 0.00000 -1.95940 -1.95940
