# avg	std	min	max
0.11270 0.00000 0.11270 0.11270
-0.70973 0.00000 -0.70973 -0.70973
-0.37428 0.00000 -0.37428 -0.37428
-1.40981 0.00000 -1.40981 -1.40981
-1.11601 0.00000 -1.11601 -1.11601
-1.80655 0.00000 -1.80655 -1.80655
-1.10797 0.00000 -1.10797 -1.10797
-1.55554 0.00000 -1.55554 -1.55554
2.96938 0.00000 2.96938 2.96938
-0.55631 0.00000 -0.55631 -0.55631
-0.41219 0.00000 -0.41219 -0.41219
-0.00072 0.00000 -0.00072 -0.00072
-1.09164 0.00000 -1.09164 -1.09164
-0.86202 0.00000 -0.86202 -0.86202
-1.18656 0.00000 -1.18656 -1.18656
-0.36950 0.00000 -0.36950 -0.36950
-0.77088 0.00000 -0.77088 -0.77088
-1.10914 0.00000 -1.10914 -1.10914
-0.83502 0.00000 -0.83502 -0.83502
-0.65779 0.00000 -0.65779 -0.65779
-0.42528 0.00000 -0.42528 -0.42528
-0.26831 0.00000 -0.26831 -0.26831
-1.30206 0.00000 -1.30206 -1.30206
