# avg	std	min	max
7.05626 0.00000 7.05626 7.05626
5.16231 0.00000 5.16231 5.16231
4.42667 0.00000 4.42667 4.42667
7.80113 0.00000 7.80113 7.80113
7.21461 0.00000 7.21461 7.21461
7.08486 0.00000 7.08486 7.08486
13.18472 0.00000 13.18472 13.18472
19.90928 0.00000 19.90928 19.90928
4.04891 0.00000 4.04891 4.04891
6.69940 0.00000 6.69940 6.69940
6.27488 0.00000 6.27488 6.27488
0.01911 0.00000 0.01911 0.01911
14.58862 0.00000 14.58862 14.58862
8.89245 0.00000 8.89245 8.89245
10.51406 0.00000 10.51406 10.51406
8.46390 0.00000 8.46390 8.46390
9.10333 0.00000 9.10333 9.10333
8.11083 0.00000 8.11083 8.11083
11.43084 0.00000 11.43084 11.43084
13.56596 0.00000 13.56596 13.56596
13.13116 0.00000 13.13116 13.13116
16.00558 0.00000 16.00558 16.00558
12.85332 0.00000 12.85332 12.85332
