# avg	std	min	max
5.79526 0.00000 5.79526 5.79526
5.56992 0.00000 5.56992 5.56992
7.85694 0.00000 7.85694 7.85694
9.50095 0.00000 9.50095 9.50095
9.06886 0.00000 9.06886 9.06886
10.25556 0.00000 10.25556 10.25556
20.51842 0.00000 20.51842 20.51842
24.48602 0.00000 24.48602 24.48602
7.95673 0.00000 7.95673 7.95673
6.58578 0.00000 6.58578 6.58578
7.62801 0.00000 7.62801 7.62801
-0.00189 0.00000 -0.00189 -0.00189
21.43666 0.00000 21.43666 21.43666
10.91687 0.00000 10.91687 10.91687
12.39018 0.00000 12.39018 12.39018
10.51316 0.00000 10.51316 10.51316
12.43372 0.00000 12.43372 12.43372
13.74766 0.00000 13.74766 13.74766
17.91520 0.00000 17.91520 17.91520
18.38024 0.00000 18.38024 18.38024
18.29098 0.00000 18.29098 18.29098
20.33158 0.00000 20.33158 20.33158
23.28138 0.00000 23.28138 23.28138
