# avg	std	min	max
5.72446 0.00000 5.72446 5.72446
5.12966 0.00000 5.12966 5.12966
8.55546 0.00000 8.55546 8.55546
11.54844 0.00000 11.54844 11.54844
11.46700 0.00000 11.46700 11.46700
10.41626 0.00000 10.41626 10.41626
26.43164 0.00000 26.43164 26.43164
33.04992 0.00000 33.04992 33.04992
9.76403 0.00000 9.76403 9.76403
5.75737 0.00000 5.75737 5.75737
9.67160 0.00000 9.67160 9.67160
-0.00008 0.00000 -0.00008 -0.00008
26.73878 0.00000 26.73878 26.73878
10.62035 0.00000 10.62035 10.62035
13.46764 0.00000 13.46764 13.46764
12.44436 0.00000 12.44436 12.44436
14.17758 0.00000 14.17758 14.17758
17.84548 0.00000 17.84548 17.84548
23.78860 0.00000 23.78860 23.78860
23.76202 0.00000 23.76202 23.76202
22.74498 0.00000 22.74498 22.74498
24.27052 0.00000 24.27052 24.27052
54.36610 0.00000 54.36610 54.36610
