# avg	std	min	max
0.51984 0.00000 0.51984 0.51984
0.30906 0.00000 0.30906 0.30906
0.46870 0.00000 0.46870 0.46870
0.32807 0.00000 0.32807 0.32807
0.04726 0.00000 0.04726 0.04726
-0.32915 0.00000 -0.32915 -0.32915
0.05102 0.00000 0.05102 0.05102
0.34671 0.00000 0.34671 0.34671
1.91098 0.00000 1.91098 1.91098
0.38667 0.00000 0.38667 0.38667
0.26615 0.00000 0.26615 0.26615
0.45679 0.00000 0.45679 0.45679
0.06040 0.00000 0.06040 0.06040
0.62327 0.00000 0.62327 0.62327
0.55981 0.00000 0.55981 0.55981
-0.01202 0.00000 -0.01202 -0.01202
0.35537 0.00000 0.35537 0.35537
-0.31685 0.00000 -0.31685 -0.31685
0.10883 0.00000 0.10883 0.10883
0.22601 0.00000 0.22601 0.22601
0.28529 0.00000 0.28529 0.28529
0.55635 0.00000 0.55635 0.55635
-0.09835 0.00000 -0.09835 -0.09835
