# avg	std	min	max
-0.38152 0.00000 -0.38152 -0.38152
-0.26452 0.00000 -0.26452 -0.26452
0.59155 0.00000 0.59155 0.59155
-0.16907 0.00000 -0.16907 -0.16907
1.84861 0.00000 1.84861 1.84861
-0.41695 0.00000 -0.41695 -0.41695
-0.60695 0.00000 -0.60695 -0.60695
0.53743 0.00000 0.53743 0.53743
3.18457 0.00000 3.18457 3.18457
-0.61263 0.00000 -0.61263 -0.61263
0.09726 0.00000 0.09726 0.09726
-0.49185 0.00000 -0.49185 -0.49185
-0.54183 0.00000 -0.54183 -0.54183
-0.63140 0.00000 -0.63140 -0.63140
-0.64129 0.00000 -0.64129 -0.64129
-0.00049 0.00000 -0.00049 -0.00049
0.02694 0.00000 0.02694 0.02694
-1.96617 0.00000 -1.96617 -1.96617
-1.82991 0.00000 -1.82991 -1.82991
-1.34892 0.00000 -1.34892 -1.34892
0.41289 0.00000 0.41289 0.41289
0.81526 0.00000 0.81526 0.81526
-0.14581 0.00000 -0.14581 -0.14581
