# avg	std	min	max
1.18890 0.00000 1.18890 1.18890
0.10636 0.00000 0.10636 0.10636
-0.41842 0.00000 -0.41842 -0.41842
-1.38910 0.00000 -1.38910 -1.38910
-0.86141 0.00000 -0.86141 -0.86141
-1.32986 0.00000 -1.32986 -1.32986
-0.56858 0.00000 -0.56858 -0.56858
-0.33526 0.00000 -0.33526 -0.33526
-0.63029 0.00000 -0.63029 -0.63029
0.80032 0.00000 0.80032 0.80032
0.05083 0.00000 0.05083 0.05083
-0.15408 0.00000 -0.15408 -0.15408
-0.54128 0.00000 -0.54128 -0.54128
-0.01289 0.00000 -0.01289 -0.01289
-0.47234 0.00000 -0.47234 -0.47234
-0.00001 0.00000 -0.00001 -0.00001
-0.56405 0.00000 -0.56405 -0.56405
-0.88992 0.00000 -0.88992 -0.88992
-0.31394 0.00000 -0.31394 -0.31394
0.14227 0.00000 0.14227 0.14227
0.13443 0.00000 0.13443 0.13443
-0.28291 0.00000 -0.28291 -0.28291
-0.93274 0.00000 -0.93274 -0.93274
