# avg	std	min	max
0.46726 0.00000 0.46726 0.46726
0.61275 0.00000 0.61275 0.61275
1.26363 0.00000 1.26363 1.26363
-0.10594 0.00000 -0.10594 -0.10594
0.62537 0.00000 0.62537 0.62537
0.15451 0.00000 0.15451 0.15451
-0.19249 0.00000 -0.19249 -0.19249
0.09258 0.00000 0.09258 0.09258
0.95771 0.00000 0.95771 0.95771
0.83975 0.00000 0.83975 0.83975
1.09026 0.00000 1.09026 1.09026
0.57458 0.00000 0.57458 0.57458
0.02291 0.00000 0.02291 0.02291
0.04835 0.00000 0.04835 0.04835
0.15452 0.00000 0.15452 0.15452
-0.00595 0.00000 -0.00595 -0.00595
-0.61973 0.00000 -0.61973 -0.61973
-0.19103 0.00000 -0.19103 -0.19103
-0.02888 0.00000 -0.02888 -0.02888
0.48037 0.00000 0.48037 0.48037
0.31972 0.00000 0.31972 0.31972
1.68701 0.00000 1.68701 1.68701
-0.32951 0.00000 -0.32951 -0.32951
