# avg	std	min	max
2.00739 0.00000 2.00739 2.00739
1.70624 0.00000 1.70624 1.70624
2.81706 0.00000 2.81706 2.81706
0.90089 0.00000 0.90089 0.90089
2.43266 0.00000 2.43266 2.43266
1.29397 0.00000 1.29397 1.29397
1.44231 0.00000 1.44231 1.44231
1.99624 0.00000 1.99624 1.99624
3.56381 0.00000 3.56381 3.56381
1.90920 0.00000 1.90920 1.90920
3.28221 0.00000 3.28221 3.28221
2.01994 0.00000 2.01994 2.01994
1.46802 0.00000 1.46802 1.46802
1.28230 0.00000 1.28230 1.28230
1.24906 0.00000 1.24906 1.24906
-0.00514 0.00000 -0.00514 -0.00514
0.64869 0.00000 0.64869 0.64869
1.45716 0.00000 1.45716 1.45716
1.67545 0.00000 1.67545 1.67545
2.07265 0.00000 2.07265 2.07265
-0.14995 0.00000 -0.14995 -0.14995
2.73701 0.00000 2.73701 2.73701
1.04005 0.00000 1.04005 1.04005
