# avg	std	min	max
0.19246 0.00000 0.19246 0.19246
-0.66578 0.00000 -0.66578 -0.66578
-0.37488 0.00000 -0.37488 -0.37488
-0.99822 0.00000 -0.99822 -0.99822
-0.95011 0.00000 -0.95011 -0.95011
-1.17733 0.00000 -1.17733 -1.17733
-0.68423 0.00000 -0.68423 -0.68423
-1.01126 0.00000 -1.01126 -1.01126
2.91547 0.00000 2.91547 2.91547
-0.61148 0.00000 -0.61148 -0.61148
-0.04708 0.00000 -0.04708 -0.04708
0.12864 0.00000 0.12864 0.12864
-0.65039 0.00000 -0.65039 -0.65039
-0.58300 0.00000 -0.58300 -0.58300
-1.03015 0.00000 -1.03015 -1.03015
-0.00007 0.00000 -0.00007 -0.00007
-0.49041 0.00000 -0.49041 -0.49041
-1.19802 0.00000 -1.19802 -1.19802
-1.19810 0.00000 -1.19810 -1.19810
-0.11606 0.00000 -0.11606 -0.11606
-0.06326 0.00000 -0.06326 -0.06326
-0.22964 0.00000 -0.22964 -0.22964
-0.67319 0.00000 -0.67319 -0.67319
