# avg	std	min	max
1.09738 0.00000 1.09738 1.09738
0.24893 0.00000 0.24893 0.24893
1.03043 0.00000 1.03043 1.03043
-0.13839 0.00000 -0.13839 -0.13839
0.13897 0.00000 0.13897 0.13897
-0.04807 0.00000 -0.04807 -0.04807
-0.31483 0.00000 -0.31483 -0.31483
-0.34054 0.00000 -0.34054 -0.34054
3.92030 0.00000 3.92030 3.92030
0.67073 0.00000 0.67073 0.67073
1.21251 0.00000 1.21251 1.21251
1.11102 0.00000 1.11102 1.11102
-0.21256 0.00000 -0.21256 -0.21256
0.59547 0.00000 0.59547 0.59547
0.39313 0.00000 0.39313 0.39313
0.34559 0.00000 0.34559 0.34559
-0.00924 0.00000 -0.00924 -0.00924
0.25147 0.00000 0.25147 0.25147
0.13635 0.00000 0.13635 0.13635
0.57838 0.00000 0.57838 0.57838
0.23615 0.00000 0.23615 0.23615
0.10932 0.00000 0.10932 0.10932
-0.70333 0.00000 -0.70333 -0.70333
