# avg	std	min	max
0.84153 0.00000 0.84153 0.84153
0.16715 0.00000 0.16715 0.16715
1.16578 0.00000 1.16578 1.16578
-0.17451 0.00000 -0.17451 -0.17451
0.51631 0.00000 0.51631 0.51631
-0.20612 0.00000 -0.20612 -0.20612
0.15205 0.00000 0.15205 0.15205
0.17320 0.00000 0.17320 0.17320
0.38800 0.00000 0.38800 0.38800
0.37983 0.00000 0.37983 0.37983
0.99489 0.00000 0.99489 0.99489
0.19832 0.00000 0.19832 0.19832
0.21126 0.00000 0.21126 0.21126
0.35653 0.00000 0.35653 0.35653
0.14874 0.00000 0.14874 0.14874
0.16958 0.00000 0.16958 0.16958
-0.00221 0.00000 -0.00221 -0.00221
0.02904 0.00000 0.02904 0.02904
0.27558 0.00000 0.27558 0.27558
0.34791 0.00000 0.34791 0.34791
0.20459 0.00000 0.20459 0.20459
1.23612 0.00000 1.23612 1.23612
-0.03814 0.00000 -0.03814 -0.03814
