# avg	std	min	max
1.22829 0.00000 1.22829 1.22829
0.36245 0.00000 0.36245 0.36245
0.58878 0.00000 0.58878 0.58878
-0.68628 0.00000 -0.68628 -0.68628
-0.21721 0.00000 -0.21721 -0.21721
-0.54136 0.00000 -0.54136 -0.54136
-0.04857 0.00000 -0.04857 -0.04857
-0.04115 0.00000 -0.04115 -0.04115
3.17213 0.00000 3.17213 3.17213
0.81644 0.00000 0.81644 0.81644
0.25410 0.00000 0.25410 0.25410
0.60502 0.00000 0.60502 0.60502
-0.07094 0.00000 -0.07094 -0.07094
0.74361 0.00000 0.74361 0.74361
-0.00973 0.00000 -0.00973 -0.00973
0.44055 0.00000 0.44055 0.44055
-0.00783 0.00000 -0.00783 -0.00783
-0.16873 0.00000 -0.16873 -0.16873
0.08463 0.00000 0.08463 0.08463
0.68792 0.00000 0.68792 0.68792
0.48646 0.00000 0.48646 0.48646
1.17748 0.00000 1.17748 1.17748
-0.42655 0.00000 -0.42655 -0.42655
