# avg	std	min	max
0.36293 0.00000 0.36293 0.36293
-0.21840 0.00000 -0.21840 -0.21840
0.29216 0.00000 0.29216 0.29216
-0.13097 0.00000 -0.13097 -0.13097
-0.18818 0.00000 -0.18818 -0.18818
-0.31568 0.00000 -0.31568 -0.31568
0.01455 0.00000 0.01455 0.01455
0.03563 0.00000 0.03563 0.03563
-1.07413 0.00000 -1.07413 -1.07413
0.35454 0.00000 0.35454 0.35454
0.48245 0.00000 0.48245 0.48245
0.56562 0.00000 0.56562 0.56562
0.05814 0.00000 0.05814 0.05814
-0.88285 0.00000 -0.88285 -0.88285
-0.58346 0.00000 -0.58346 -0.58346
0.29516 0.00000 0.29516 0.29516
-0.03146 0.00000 -0.03146 -0.03146
-0.59362 0.00000 -0.59362 -0.59362
-0.41195 0.00000 -0.41195 -0.41195
-0.22203 0.00000 -0.22203 -0.22203
0.40542 0.00000 0.40542 0.40542
0.58111 0.00000 0.58111 0.58111
-0.22713 0.00000 -0.22713 -0.22713
