# avg	std	min	max
0.52680 0.00000 0.52680 0.52680
0.68502 0.00000 0.68502 0.68502
0.28818 0.00000 0.28818 0.28818
0.25525 0.00000 0.25525 0.25525
0.24820 0.00000 0.24820 0.24820
0.22456 0.00000 0.22456 0.22456
0.12126 0.00000 0.12126 0.12126
0.23580 0.00000 0.23580 0.23580
4.71612 0.00000 4.71612 4.71612
0.10036 0.00000 0.10036 0.10036
0.42625 0.00000 0.42625 0.42625
0.34954 0.00000 0.34954 0.34954
0.29087 0.00000 0.29087 0.29087
0.61093 0.00000 0.61093 0.61093
-0.21910 0.00000 -0.21910 -0.21910
-0.11750 0.00000 -0.11750 -0.11750
-0.01501 0.00000 -0.01501 -0.01501
0.25245 0.00000 0.25245 0.25245
0.12355 0.00000 0.12355 0.12355
0.35675 0.00000 0.35675 0.35675
-0.04725 0.00000 -0.04725 -0.04725
-0.00372 0.00000 -0.00372 -0.00372
-0.19489 0.00000 -0.19489 -0.19489
