# avg	std	min	max
1.09841 0.00000 1.09841 1.09841
0.25718 0.00000 0.25718 0.25718
0.64080 0.00000 0.64080 0.64080
0.00618 0.00000 0.00618 0.00618
0.54333 0.00000 0.54333 0.54333
0.13660 0.00000 0.13660 0.13660
0.07385 0.00000 0.07385 0.07385
0.70220 0.00000 0.70220 0.70220
-0.32954 0.00000 -0.32954 -0.32954
0.36926 0.00000 0.36926 0.36926
0.08808 0.00000 0.08808 0.08808
0.57645 0.00000 0.57645 0.57645
0.21094 0.00000 0.21094 0.21094
0.72644 0.00000 0.72644 0.72644
0.49112 0.00000 0.49112 0.49112
0.53645 0.00000 0.53645 0.53645
-0.08588 0.00000 -0.08588 -0.08588
0.37456 0.00000 0.37456 0.37456
0.61327 0.00000 0.61327 0.61327
1.03147 0.00000 1.03147 1.03147
0.87939 0.00000 0.87939 0.87939
0.33580 0.00000 0.33580 0.33580
-0.13261 0.00000 -0.13261 -0.13261
