# avg	std	min	max
3.32024 0.00000 3.32024 3.32024
2.21945 0.00000 2.21945 2.21945
2.34684 0.00000 2.34684 2.34684
0.06956 0.00000 0.06956 0.06956
1.77089 0.00000 1.77089 1.77089
-0.09678 0.00000 -0.09678 -0.09678
0.51242 0.00000 0.51242 0.51242
3.95727 0.00000 3.95727 3.95727
6.42252 0.00000 6.42252 6.42252
3.53845 0.00000 3.53845 3.53845
3.27575 0.00000 3.27575 3.27575
3.03349 0.00000 3.03349 3.03349
1.51132 0.00000 1.51132 1.51132
0.94752 0.00000 0.94752 0.94752
2.22632 0.00000 2.22632 2.22632
2.26152 0.00000 2.26152 2.26152
0.00000 0.00000 0.00000 0.00000
4.74158 0.00000 4.74158 4.74158
6.16566 0.00000 6.16566 6.16566
2.24002 0.00000 2.24002 2.24002
3.73401 0.00000 3.73401 3.73401
4.83067 0.00000 4.83067 4.83067
17.40050 0.00000 17.40050 17.40050
