# avg	std	min	max
2.56457 0.00000 2.56457 2.56457
1.42913 0.00000 1.42913 1.42913
1.01051 0.00000 1.01051 1.01051
0.09362 0.00000 0.09362 0.09362
0.27588 0.00000 0.27588 0.27588
0.23817 0.00000 0.23817 0.23817
1.01894 0.00000 1.01894 1.01894
0.33898 0.00000 0.33898 0.33898
0.81113 0.00000 0.81113 0.81113
2.41621 0.00000 2.41621 2.41621
1.23595 0.00000 1.23595 1.23595
1.81345 0.00000 1.81345 1.81345
0.84018 0.00000 0.84018 0.84018
1.90310 0.00000 1.90310 1.90310
1.13751 0.00000 1.13751 1.13751
1.16814 0.00000 1.16814 1.16814
-0.02951 0.00000 -0.02951 -0.02951
0.68528 0.00000 0.68528 0.68528
1.08434 0.00000 1.08434 1.08434
1.58252 0.00000 1.58252 1.58252
1.28319 0.00000 1.28319 1.28319
0.68377 0.00000 0.68377 0.68377
0.50636 0.00000 0.50636 0.50636
