# avg	std	min	max
5.45281 0.00000 5.45281 5.45281
3.62203 0.00000 3.62203 3.62203
3.96053 0.00000 3.96053 3.96053
0.14322 0.00000 0.14322 0.14322
3.95628 0.00000 3.95628 3.95628
0.78879 0.00000 0.78879 0.78879
6.86650 0.00000 6.86650 6.86650
9.16477 0.00000 9.16477 9.16477
7.98086 0.00000 7.98086 7.98086
4.06459 0.00000 4.06459 4.06459
3.70951 0.00000 3.70951 3.70951
3.56895 0.00000 3.56895 3.56895
9.40293 0.00000 9.40293 9.40293
3.52868 0.00000 3.52868 3.52868
2.92792 0.00000 2.92792 2.92792
2.56808 0.00000 2.56808 2.56808
-0.00088 0.00000 -0.00088 -0.00088
5.81308 0.00000 5.81308 5.81308
7.01928 0.00000 7.01928 7.01928
5.74203 0.00000 5.74203 5.74203
3.12065 0.00000 3.12065 3.12065
7.96916 0.00000 7.96916 7.96916
15.73110 0.00000 15.73110 15.73110
