# avg	std	min	max
0.73120 0.00000 0.73120 0.73120
0.03634 0.00000 0.03634 0.03634
0.43255 0.00000 0.43255 0.43255
-0.22411 0.00000 -0.22411 -0.22411
-0.09464 0.00000 -0.09464 -0.09464
-0.75316 0.00000 -0.75316 -0.75316
0.08371 0.00000 0.08371 0.08371
-0.17867 0.00000 -0.17867 -0.17867
0.23133 0.00000 0.23133 0.23133
0.35137 0.00000 0.35137 0.35137
0.04960 0.00000 0.04960 0.04960
0.50190 0.00000 0.50190 0.50190
0.21767 0.00000 0.21767 0.21767
-0.01854 0.00000 -0.01854 -0.01854
-0.57178 0.00000 -0.57178 -0.57178
0.22264 0.00000 0.22264 0.22264
-0.01792 0.00000 -0.01792 -0.01792
-0.33391 0.00000 -0.33391 -0.33391
-0.68610 0.00000 -0.68610 -0.68610
0.22445 0.00000 0.22445 0.22445
0.28852 0.00000 0.28852 0.28852
0.72541 0.00000 0.72541 0.72541
-0.06943 0.00000 -0.06943 -0.06943
