# avg	std	min	max
1.41679 0.00000 1.41679 1.41679
0.85974 0.00000 0.85974 0.85974
0.15903 0.00000 0.15903 0.15903
-0.89831 0.00000 -0.89831 -0.89831
-0.92020 0.00000 -0.92020 -0.92020
-1.70366 0.00000 -1.70366 -1.70366
-2.45242 0.00000 -2.45242 -2.45242
1.67731 0.00000 1.67731 1.67731
2.27512 0.00000 2.27512 2.27512
0.68502 0.00000 0.68502 0.68502
0.44443 0.00000 0.44443 0.44443
0.67600 0.00000 0.67600 0.67600
-0.62140 0.00000 -0.62140 -0.62140
-0.38969 0.00000 -0.38969 -0.38969
0.79376 0.00000 0.79376 0.79376
-2.00206 0.00000 -2.00206 -2.00206
-0.02635 0.00000 -0.02635 -0.02635
0.30506 0.00000 0.30506 0.30506
-0.07405 0.00000 -0.07405 -0.07405
-0.09684 0.00000 -0.09684 -0.09684
1.24035 0.00000 1.24035 1.24035
2.22545 0.00000 2.22545 2.22545
2.57789 0.00000 2.57789 2.57789
