# avg	std	min	max
3.25187 0.00000 3.25187 3.25187
1.52246 0.00000 1.52246 1.52246
1.49054 0.00000 1.49054 1.49054
0.37724 0.00000 0.37724 0.37724
0.24486 0.00000 0.24486 0.24486
0.34185 0.00000 0.34185 0.34185
-0.01175 0.00000 -0.01175 -0.01175
0.13172 0.00000 0.13172 0.13172
5.18354 0.00000 5.18354 5.18354
1.91775 0.00000 1.91775 1.91775
2.31381 0.00000 2.31381 2.31381
1.83183 0.00000 1.83183 1.83183
0.65032 0.00000 0.65032 0.65032
1.44038 0.00000 1.44038 1.44038
1.99665 0.00000 1.99665 1.99665
3.79656 0.00000 3.79656 3.79656
3.45430 0.00000 3.45430 3.45430
2.27797 0.00000 2.27797 2.27797
2.49623 0.00000 2.49623 2.49623
2.21172 0.00000 2.21172 2.21172
6.36934 0.00000 6.36934 6.36934
11.84930 0.00000 11.84930 11.84930
2.01997 0.00000 2.01997 2.01997
