# avg	std	min	max
4.07762 0.00000 4.07762 4.07762
2.95477 0.00000 2.95477 2.95477
2.31524 0.00000 2.31524 2.31524
2.03026 0.00000 2.03026 2.03026
1.93976 0.00000 1.93976 1.93976
1.04487 0.00000 1.04487 1.04487
-0.02227 0.00000 -0.02227 -0.02227
1.48381 0.00000 1.48381 1.48381
5.94819 0.00000 5.94819 5.94819
3.51854 0.00000 3.51854 3.51854
3.58021 0.00000 3.58021 3.58021
2.85538 0.00000 2.85538 2.85538
0.24480 0.00000 0.24480 0.24480
2.57808 0.00000 2.57808 2.57808
3.39201 0.00000 3.39201 3.39201
5.49104 0.00000 5.49104 5.49104
5.02688 0.00000 5.02688 5.02688
1.22899 0.00000 1.22899 1.22899
1.01856 0.00000 1.01856 1.01856
2.13383 0.00000 2.13383 2.13383
7.76044 0.00000 7.76044 7.76044
10.61330 0.00000 10.61330 10.61330
0.61270 0.00000 0.61270 0.61270
