# avg	std	min	max
3.33804 0.00000 3.33804 3.33804
1.41454 0.00000 1.41454 1.41454
0.29917 0.00000 0.29917 0.29917
-0.36799 0.00000 -0.36799 -0.36799
-0.45797 0.00000 -0.45797 -0.45797
-0.24445 0.00000 -0.24445 -0.24445
-0.00164 0.00000 -0.00164 -0.00164
0.31971 0.00000 0.31971 0.31971
4.88574 0.00000 4.88574 4.88574
2.16113 0.00000 2.16113 2.16113
0.98788 0.00000 0.98788 0.98788
1.43463 0.00000 1.43463 1.43463
0.40529 0.00000 0.40529 0.40529
0.62549 0.00000 0.62549 0.62549
1.62325 0.00000 1.62325 1.62325
2.44852 0.00000 2.44852 2.44852
1.90904 0.00000 1.90904 1.90904
1.27250 0.00000 1.27250 1.27250
1.30212 0.00000 1.30212 1.30212
2.09376 0.00000 2.09376 2.09376
3.45966 0.00000 3.45966 3.45966
3.96550 0.00000 3.96550 3.96550
-0.28362 0.00000 -0.28362 -0.28362
