# avg	std	min	max
2.27809 0.00000 2.27809 2.27809
1.15419 0.00000 1.15419 1.15419
0.85557 0.00000 0.85557 0.85557
-0.04361 0.00000 -0.04361 -0.04361
-0.00341 0.00000 -0.00341 -0.00341
-0.12268 0.00000 -0.12268 -0.12268
-0.03864 0.00000 -0.03864 -0.03864
0.22095 0.00000 0.22095 0.22095
4.74545 0.00000 4.74545 4.74545
1.85771 0.00000 1.85771 1.85771
1.95380 0.00000 1.95380 1.95380
1.69962 0.00000 1.69962 1.69962
0.31975 0.00000 0.31975 0.31975
1.79435 0.00000 1.79435 1.79435
0.36832 0.00000 0.36832 0.36832
1.63685 0.00000 1.63685 1.63685
0.77489 0.00000 0.77489 0.77489
0.39975 0.00000 0.39975 0.39975
0.73513 0.00000 0.73513 0.73513
1.31741 0.00000 1.31741 1.31741
1.61037 0.00000 1.61037 1.61037
2.27734 0.00000 2.27734 2.27734
0.18140 0.00000 0.18140 0.18140
