# avg	std	min	max
1.81095 0.00000 1.81095 1.81095
0.45512 0.00000 0.45512 0.45512
1.23299 0.00000 1.23299 1.23299
-0.70024 0.00000 -0.70024 -0.70024
-0.26054 0.00000 -0.26054 -0.26054
-0.80152 0.00000 -0.80152 -0.80152
-0.02772 0.00000 -0.02772 -0.02772
-0.71405 0.00000 -0.71405 -0.71405
2.44192 0.00000 2.44192 2.44192
0.81471 0.00000 0.81471 0.81471
0.43965 0.00000 0.43965 0.43965
0.99670 0.00000 0.99670 0.99670
0.13420 0.00000 0.13420 0.13420
0.28275 0.00000 0.28275 0.28275
0.14301 0.00000 0.14301 0.14301
0.81757 0.00000 0.81757 0.81757
0.16214 0.00000 0.16214 0.16214
0.02960 0.00000 0.02960 0.02960
0.09023 0.00000 0.09023 0.09023
0.32711 0.00000 0.32711 0.32711
0.78849 0.00000 0.78849 0.78849
2.57083 0.00000 2.57083 2.57083
-0.12117 0.00000 -0.12117 -0.12117
