# avg	std	min	max
5.15315 0.00000 5.15315 5.15315
3.98688 0.00000 3.98688 3.98688
2.67142 0.00000 2.67142 2.67142
1.53051 0.00000 1.53051 1.53051
2.29661 0.00000 2.29661 2.29661
1.24035 0.00000 1.24035 1.24035
-0.02238 0.00000 -0.02238 -0.02238
3.48070 0.00000 3.48070 3.48070
8.63412 0.00000 8.63412 8.63412
5.44724 0.00000 5.44724 5.44724
3.98123 0.00000 3.98123 3.98123
4.28053 0.00000 4.28053 4.28053
0.54526 0.00000 0.54526 0.54526
4.95986 0.00000 4.95986 4.95986
3.08442 0.00000 3.08442 3.08442
5.26335 0.00000 5.26335 5.26335
3.27146 0.00000 3.27146 3.27146
3.94032 0.00000 3.94032 3.94032
3.91359 0.00000 3.91359 3.91359
3.40526 0.00000 3.40526 3.40526
5.67777 0.00000 5.67777 5.67777
6.01177 0.00000 6.01177 6.01177
9.34411 0.00000 9.34411 9.34411
