# avg	std	min	max
4.04095 0.00000 4.04095 4.04095
2.93016 0.00000 2.93016 2.93016
2.05417 0.00000 2.05417 2.05417
0.76223 0.00000 0.76223 0.76223
1.17603 0.00000 1.17603 1.17603
0.29417 0.00000 0.29417 0.29417
-0.01524 0.00000 -0.01524 -0.01524
0.49294 0.00000 0.49294 0.49294
4.70984 0.00000 4.70984 4.70984
3.70232 0.00000 3.70232 3.70232
2.89480 0.00000 2.89480 2.89480
3.12878 0.00000 3.12878 3.12878
-0.45257 0.00000 -0.45257 -0.45257
2.57712 0.00000 2.57712 2.57712
2.58598 0.00000 2.58598 2.58598
4.38678 0.00000 4.38678 4.38678
3.24621 0.00000 3.24621 3.24621
2.22670 0.00000 2.22670 2.22670
2.46501 0.00000 2.46501 2.46501
1.98729 0.00000 1.98729 1.98729
5.72593 0.00000 5.72593 5.72593
5.78128 0.00000 5.78128 5.78128
0.45116 0.00000 0.45116 0.45116
