# avg	std	min	max
3.36412 0.00000 3.36412 3.36412
2.80243 0.00000 2.80243 2.80243
2.40015 0.00000 2.40015 2.40015
0.78574 0.00000 0.78574 0.78574
1.78363 0.00000 1.78363 1.78363
0.26841 0.00000 0.26841 0.26841
-0.03568 0.00000 -0.03568 -0.03568
1.20978 0.00000 1.20978 1.20978
2.84088 0.00000 2.84088 2.84088
3.11927 0.00000 3.11927 3.11927
2.54704 0.00000 2.54704 2.54704
2.53557 0.00000 2.53557 2.53557
0.44907 0.00000 0.44907 0.44907
2.71940 0.00000 2.71940 2.71940
2.21982 0.00000 2.21982 2.21982
2.24752 0.00000 2.24752 2.24752
2.30815 0.00000 2.30815 2.30815
1.62812 0.00000 1.62812 1.62812
1.97416 0.00000 1.97416 1.97416
2.28522 0.00000 2.28522 2.28522
2.94855 0.00000 2.94855 2.94855
3.12826 0.00000 3.12826 3.12826
0.29513 0.00000 0.29513 0.29513
