# avg	std	min	max
3.33896 0.00000 3.33896 3.33896
2.41538 0.00000 2.41538 2.41538
1.26390 0.00000 1.26390 1.26390
0.33495 0.00000 0.33495 0.33495
0.21613 0.00000 0.21613 0.21613
0.52337 0.00000 0.52337 0.52337
-0.01427 0.00000 -0.01427 -0.01427
0.85011 0.00000 0.85011 0.85011
4.63159 0.00000 4.63159 4.63159
2.94386 0.00000 2.94386 2.94386
2.52165 0.00000 2.52165 2.52165
2.12521 0.00000 2.12521 2.12521
0.62284 0.00000 0.62284 0.62284
2.06444 0.00000 2.06444 2.06444
2.12241 0.00000 2.12241 2.12241
3.47768 0.00000 3.47768 3.47768
1.94202 0.00000 1.94202 1.94202
1.46977 0.00000 1.46977 1.46977
2.18815 0.00000 2.18815 2.18815
2.00555 0.00000 2.00555 2.00555
2.76593 0.00000 2.76593 2.76593
2.38221 0.00000 2.38221 2.38221
-0.80398 0.00000 -0.80398 -0.80398
