# avg	std	min	max
3.43762 0.00000 3.43762 3.43762
2.31637 0.00000 2.31637 2.31637
2.44444 0.00000 2.44444 2.44444
0.62755 0.00000 0.62755 0.62755
1.61916 0.00000 1.61916 1.61916
-0.29136 0.00000 -0.29136 -0.29136
-0.01829 0.00000 -0.01829 -0.01829
0.38611 0.00000 0.38611 0.38611
4.90674 0.00000 4.90674 4.90674
2.42996 0.00000 2.42996 2.42996
2.81008 0.00000 2.81008 2.81008
2.77608 0.00000 2.77608 2.77608
0.97012 0.00000 0.97012 0.97012
2.39815 0.00000 2.39815 2.39815
1.47213 0.00000 1.47213 1.47213
2.65877 0.00000 2.65877 2.65877
1.95696 0.00000 1.95696 1.95696
1.30479 0.00000 1.30479 1.30479
1.78215 0.00000 1.78215 1.78215
2.09893 0.00000 2.09893 2.09893
2.51472 0.00000 2.51472 2.51472
2.55252 0.00000 2.55252 2.55252
0.09137 0.00000 0.09137 0.09137
