# avg	std	min	max
4.29667 0.00000 4.29667 4.29667
2.52341 0.00000 2.52341 2.52341
0.48725 0.00000 0.48725 0.48725
0.60691 0.00000 0.60691 0.60691
-0.14103 0.00000 -0.14103 -0.14103
0.38904 0.00000 0.38904 0.38904
0.00050 0.00000 0.00050 0.00050
0.47531 0.00000 0.47531 0.47531
4.51072 0.00000 4.51072 4.51072
3.95341 0.00000 3.95341 3.95341
2.32807 0.00000 2.32807 2.32807
2.38803 0.00000 2.38803 2.38803
0.25576 0.00000 0.25576 0.25576
2.57265 0.00000 2.57265 2.57265
2.22543 0.00000 2.22543 2.22543
3.78081 0.00000 3.78081 3.78081
2.46793 0.00000 2.46793 2.46793
1.41595 0.00000 1.41595 1.41595
1.74790 0.00000 1.74790 1.74790
1.45001 0.00000 1.45001 1.45001
4.87629 0.00000 4.87629 4.87629
4.20155 0.00000 4.20155 4.20155
-0.32985 0.00000 -0.32985 -0.32985
