# avg	std	min	max
2.16336 0.00000 2.16336 2.16336
1.15544 0.00000 1.15544 1.15544
1.07547 0.00000 1.07547 1.07547
0.13025 0.00000 0.13025 0.13025
0.03288 0.00000 0.03288 0.03288
0.04275 0.00000 0.04275 0.04275
-0.02170 0.00000 -0.02170 -0.02170
0.00575 0.00000 0.00575 0.00575
4.95253 0.00000 4.95253 4.95253
1.76333 0.00000 1.76333 1.76333
1.36904 0.00000 1.36904 1.36904
1.65565 0.00000 1.65565 1.65565
0.08318 0.00000 0.08318 0.08318
0.99723 0.00000 0.99723 0.99723
0.66194 0.00000 0.66194 0.66194
1.47377 0.00000 1.47377 1.47377
0.83111 0.00000 0.83111 0.83111
0.77214 0.00000 0.77214 0.77214
0.86228 0.00000 0.86228 0.86228
0.84349 0.00000 0.84349 0.84349
1.48896 0.00000 1.48896 1.48896
1.32987 0.00000 1.32987 1.32987
-0.64298 0.00000 -0.64298 -0.64298
