# avg	std	min	max
3.40976 0.00000 3.40976 3.40976
1.91864 0.00000 1.91864 1.91864
1.92538 0.00000 1.92538 1.92538
-0.71553 0.00000 -0.71553 -0.71553
1.32199 0.00000 1.32199 1.32199
-0.55098 0.00000 -0.55098 -0.55098
0.00139 0.00000 0.00139 0.00139
-0.43823 0.00000 -0.43823 -0.43823
3.88279 0.00000 3.88279 3.88279
2.92233 0.00000 2.92233 2.92233
2.17397 0.00000 2.17397 2.17397
1.88513 0.00000 1.88513 1.88513
0.16000 0.00000 0.16000 0.16000
2.31633 0.00000 2.31633 2.31633
1.40256 0.00000 1.40256 1.40256
2.31088 0.00000 2.31088 2.31088
1.26257 0.00000 1.26257 1.26257
0.40996 0.00000 0.40996 0.40996
0.99406 0.00000 0.99406 0.99406
1.54010 0.00000 1.54010 1.54010
2.72097 0.00000 2.72097 2.72097
4.51451 0.00000 4.51451 4.51451
-0.35229 0.00000 -0.35229 -0.35229
