# avg	std	min	max
5.78394 0.00000 5.78394 5.78394
4.95255 0.00000 4.95255 4.95255
3.81197 0.00000 3.81197 3.81197
1.90462 0.00000 1.90462 1.90462
3.23614 0.00000 3.23614 3.23614
1.35307 0.00000 1.35307 1.35307
-0.00519 0.00000 -0.00519 -0.00519
4.86041 0.00000 4.86041 4.86041
7.71033 0.00000 7.71033 7.71033
5.34946 0.00000 5.34946 5.34946
3.68712 0.00000 3.68712 3.68712
4.40997 0.00000 4.40997 4.40997
1.88520 0.00000 1.88520 1.88520
4.50945 0.00000 4.50945 4.50945
4.71998 0.00000 4.71998 4.71998
5.66181 0.00000 5.66181 5.66181
4.96571 0.00000 4.96571 4.96571
5.93457 0.00000 5.93457 5.93457
7.81362 0.00000 7.81362 7.81362
3.82324 0.00000 3.82324 3.82324
8.38450 0.00000 8.38450 8.38450
8.73708 0.00000 8.73708 8.73708
13.35400 0.00000 13.35400 13.35400
