# avg	std	min	max
4.86956 0.00000 4.86956 4.86956
4.25905 0.00000 4.25905 4.25905
3.86729 0.00000 3.86729 3.86729
2.33785 0.00000 2.33785 2.33785
2.90951 0.00000 2.90951 2.90951
1.66411 0.00000 1.66411 1.66411
-0.02884 0.00000 -0.02884 -0.02884
2.48486 0.00000 2.48486 2.48486
7.24761 0.00000 7.24761 7.24761
3.97539 0.00000 3.97539 3.97539
5.07513 0.00000 5.07513 5.07513
3.86961 0.00000 3.86961 3.86961
1.90263 0.00000 1.90263 1.90263
4.09597 0.00000 4.09597 4.09597
4.00802 0.00000 4.00802 4.00802
5.70950 0.00000 5.70950 5.70950
5.29838 0.00000 5.29838 5.29838
3.37619 0.00000 3.37619 3.37619
4.72629 0.00000 4.72629 4.72629
2.21055 0.00000 2.21055 2.21055
6.57074 0.00000 6.57074 6.57074
7.37208 0.00000 7.37208 7.37208
8.01210 0.00000 8.01210 8.01210
