# avg	std	min	max
2.36352 0.00000 2.36352 2.36352
0.81089 0.00000 0.81089 0.81089
0.94785 0.00000 0.94785 0.94785
-0.49807 0.00000 -0.49807 -0.49807
1.42643 0.00000 1.42643 1.42643
-0.43593 0.00000 -0.43593 -0.43593
-0.00042 0.00000 -0.00042 -0.00042
-0.41936 0.00000 -0.41936 -0.41936
2.99362 0.00000 2.99362 2.99362
0.88687 0.00000 0.88687 0.88687
0.51023 0.00000 0.51023 0.51023
0.90604 0.00000 0.90604 0.90604
0.05814 0.00000 0.05814 0.05814
0.39258 0.00000 0.39258 0.39258
0.00124 0.00000 0.00124 0.00124
1.15224 0.00000 1.15224 1.15224
0.26741 0.00000 0.26741 0.26741
0.17204 0.00000 0.17204 0.17204
0.60002 0.00000 0.60002 0.60002
0.20794 0.00000 0.20794 0.20794
1.10656 0.00000 1.10656 1.10656
2.24684 0.00000 2.24684 2.24684
-0.32694 0.00000 -0.32694 -0.32694
