# avg	std	min	max
0.00000 0.00000 0.00000 0.00000
2.54295 0.00000 2.54295 2.54295
4.63147 0.00000 4.63147 4.63147
2.24562 0.00000 2.24562 2.24562
4.17361 0.00000 4.17361 4.17361
2.10375 0.00000 2.10375 2.10375
1.99669 0.00000 1.99669 1.99669
3.82406 0.00000 3.82406 3.82406
6.93387 0.00000 6.93387 6.93387
2.59518 0.00000 2.59518 2.59518
3.41345 0.00000 3.41345 3.41345
2.64886 0.00000 2.64886 2.64886
2.23241 0.00000 2.23241 2.23241
2.17034 0.00000 2.17034 2.17034
1.85633 0.00000 1.85633 1.85633
2.81875 0.00000 2.81875 2.81875
2.38800 0.00000 2.38800 2.38800
2.11299 0.00000 2.11299 2.11299
1.91711 0.00000 1.91711 1.91711
2.42786 0.00000 2.42786 2.42786
2.71326 0.00000 2.71326 2.71326
3.87532 0.00000 3.87532 3.87532
2.05017 0.00000 2.05017 2.05017
