# avg	std	min	max
0.00000 0.00000 0.00000 0.00000
3.43455 0.00000 3.43455 3.43455
3.64037 0.00000 3.64037 3.64037
2.62053 0.00000 2.62053 2.62053
3.46434 0.00000 3.46434 3.46434
2.72387 0.00000 2.72387 2.72387
2.29001 0.00000 2.29001 2.29001
2.97668 0.00000 2.97668 2.97668
4.98930 0.00000 4.98930 4.98930
1.61691 0.00000 1.61691 1.61691
3.39677 0.00000 3.39677 3.39677
3.02195 0.00000 3.02195 3.02195
3.13033 0.00000 3.13033 3.13033
2.79462 0.00000 2.79462 2.79462
2.73400 0.00000 2.73400 2.73400
2.03409 0.00000 2.03409 2.03409
2.52557 0.00000 2.52557 2.52557
1.84548 0.00000 1.84548 1.84548
3.21287 0.00000 3.21287 3.21287
2.93881 0.00000 2.93881 2.93881
0.40172 0.00000 0.40172 0.40172
3.46114 0.00000 3.46114 3.46114
2.36736 0.00000 2.36736 2.36736
