# avg	std	min	max
0.00000 0.00000 0.00000 0.00000
2.96161 0.00000 2.96161 2.96161
5.65917 0.00000 5.65917 5.65917
3.09456 0.00000 3.09456 3.09456
5.13205 0.00000 5.13205 5.13205
2.76057 0.00000 2.76057 2.76057
2.35287 0.00000 2.35287 2.35287
2.56914 0.00000 2.56914 2.56914
6.26704 0.00000 6.26704 6.26704
3.38712 0.00000 3.38712 3.38712
5.17529 0.00000 5.17529 5.17529
3.29561 0.00000 3.29561 3.29561
2.64013 0.00000 2.64013 2.64013
3.41273 0.00000 3.41273 3.41273
3.26862 0.00000 3.26862 3.26862
2.65689 0.00000 2.65689 2.65689
2.99314 0.00000 2.99314 2.99314
2.52132 0.00000 2.52132 2.52132
3.04385 0.00000 3.04385 3.04385
3.36425 0.00000 3.36425 3.36425
3.73086 0.00000 3.73086 3.73086
6.58617 0.00000 6.58617 6.58617
2.46699 0.00000 2.46699 2.46699
