# avg	std	min	max
0.00000 0.00000 0.00000 0.00000
-1.05597 0.00000 -1.05597 -1.05597
-1.15100 0.00000 -1.15100 -1.15100
-2.06869 0.00000 -2.06869 -2.06869
-2.01758 0.00000 -2.01758 -2.01758
-2.58745 0.00000 -2.58745 -2.58745
-2.25461 0.00000 -2.25461 -2.25461
-2.09345 0.00000 -2.09345 -2.09345
2.17711 0.00000 2.17711 2.17711
-0.72865 0.00000 -0.72865 -0.72865
-0.39001 0.00000 -0.39001 -0.39001
-0.46404 0.00000 -0.46404 -0.46404
-2.02706 0.00000 -2.02706 -2.02706
-0.85269 0.00000 -0.85269 -0.85269
-1.79968 0.00000 -1.79968 -1.79968
-0.69725 0.00000 -0.69725 -0.69725
-1.20328 0.00000 -1.20328 -1.20328
-1.63452 0.00000 -1.63452 -1.63452
-1.36463 0.00000 -1.36463 -1.36463
-1.03475 0.00000 -1.03475 -1.03475
-0.73879 0.00000 -0.73879 -0.73879
-0.61001 0.00000 -0.61001 -0.61001
-2.63538 0.00000 -2.63538 -2.63538
