# avg	std	min	max
0.00000 0.00000 0.00000 0.00000
-1.14661 0.00000 -1.14661 -1.14661
-0.40757 0.00000 -0.40757 -0.40757
-2.37465 0.00000 -2.37465 -2.37465
-1.08015 0.00000 -1.08015 -1.08015
-3.09047 0.00000 -3.09047 -3.09047
-2.90050 0.00000 -2.90050 -2.90050
-2.58388 0.00000 -2.58388 -2.58388
5.29515 0.00000 5.29515 5.29515
-0.51251 0.00000 -0.51251 -0.51251
0.13839 0.00000 0.13839 0.13839
-0.56645 0.00000 -0.56645 -0.56645
-2.24559 0.00000 -2.24559 -2.24559
-1.07598 0.00000 -1.07598 -1.07598
-1.05096 0.00000 -1.05096 -1.05096
-0.57121 0.00000 -0.57121 -0.57121
-1.18208 0.00000 -1.18208 -1.18208
-0.82126 0.00000 -0.82126 -0.82126
-0.12629 0.00000 -0.12629 -0.12629
-1.30686 0.00000 -1.30686 -1.30686
0.10389 0.00000 0.10389 0.10389
2.53378 0.00000 2.53378 2.53378
-2.58809 0.00000 -2.58809 -2.58809
