# avg	std	min	max
0.00000 0.00000 0.00000 0.00000
-0.69903 0.00000 -0.69903 -0.69903
0.15034 0.00000 0.15034 0.15034
-1.02811 0.00000 -1.02811 -1.02811
-0.17613 0.00000 -0.17613 -0.17613
-1.72078 0.00000 -1.72078 -1.72078
-0.84274 0.00000 -0.84274 -0.84274
-1.55764 0.00000 -1.55764 -1.55764
4.72707 0.00000 4.72707 4.72707
-0.74194 0.00000 -0.74194 -0.74194
0.31407 0.00000 0.31407 0.31407
-0.08919 0.00000 -0.08919 -0.08919
-0.88305 0.00000 -0.88305 -0.88305
-0.30730 0.00000 -0.30730 -0.30730
-1.03263 0.00000 -1.03263 -1.03263
-0.49744 0.00000 -0.49744 -0.49744
-0.90930 0.00000 -0.90930 -0.90930
-0.88536 0.00000 -0.88536 -0.88536
-0.63533 0.00000 -0.63533 -0.63533
-0.29497 0.00000 -0.29497 -0.29497
-0.46146 0.00000 -0.46146 -0.46146
0.22862 0.00000 0.22862 0.22862
-1.17963 0.00000 -1.17963 -1.17963
