# avg	std	min	max
-0.00000 0.00000 -0.00000 -0.00000
0.29578 0.00000 0.29578 0.29578
1.84407 0.00000 1.84407 1.84407
0.58471 0.00000 0.58471 0.58471
1.77843 0.00000 1.77843 1.77843
0.55278 0.00000 0.55278 0.55278
0.77937 0.00000 0.77937 0.77937
0.83621 0.00000 0.83621 0.83621
3.38008 0.00000 3.38008 3.38008
0.92602 0.00000 0.92602 0.92602
1.91294 0.00000 1.91294 1.91294
1.05267 0.00000 1.05267 1.05267
0.74869 0.00000 0.74869 0.74869
0.85144 0.00000 0.85144 0.85144
0.62361 0.00000 0.62361 0.62361
0.95028 0.00000 0.95028 0.95028
0.93646 0.00000 0.93646 0.93646
0.51716 0.00000 0.51716 0.51716
0.56783 0.00000 0.56783 0.56783
0.76270 0.00000 0.76270 0.76270
1.33410 0.00000 1.33410 1.33410
4.26113 0.00000 4.26113 4.26113
0.56689 0.00000 0.56689 0.56689
