# avg	std	min	max
0.00000 0.00000 0.00000 0.00000
2.94878 0.00000 2.94878 2.94878
3.41272 0.00000 3.41272 3.41272
1.97223 0.00000 1.97223 1.97223
2.82635 0.00000 2.82635 2.82635
1.63279 0.00000 1.63279 1.63279
1.67500 0.00000 1.67500 1.67500
2.34154 0.00000 2.34154 2.34154
5.42863 0.00000 5.42863 5.42863
2.91105 0.00000 2.91105 2.91105
2.77722 0.00000 2.77722 2.77722
2.89328 0.00000 2.89328 2.89328
1.64665 0.00000 1.64665 1.64665
2.55764 0.00000 2.55764 2.55764
2.79739 0.00000 2.79739 2.79739
2.17273 0.00000 2.17273 2.17273
2.50890 0.00000 2.50890 2.50890
2.50368 0.00000 2.50368 2.50368
2.88061 0.00000 2.88061 2.88061
2.82112 0.00000 2.82112 2.82112
2.30363 0.00000 2.30363 2.30363
3.04697 0.00000 3.04697 3.04697
1.17813 0.00000 1.17813 1.17813
