# avg	std	min	max
0.49589 0.00000 0.49589 0.49589
-0.30020 0.00000 -0.30020 -0.30020
-0.17095 0.00000 -0.17095 -0.17095
-0.63122 0.00000 -0.63122 -0.63122
-0.75950 0.00000 -0.75950 -0.75950
-1.16221 0.00000 -1.16221 -1.16221
-0.71606 0.00000 -0.71606 -0.71606
-0.64122 0.00000 -0.64122 -0.64122
2.74976 0.00000 2.74976 2.74976
-0.12590 0.00000 -0.12590 -0.12590
0.23154 0.00000 0.23154 0.23154
0.35760 0.00000 0.35760 0.35760
-0.65652 0.00000 -0.65652 -0.65652
-0.24825 0.00000 -0.24825 -0.24825
-0.49399 0.00000 -0.49399 -0.49399
-0.04683 0.00000 -0.04683 -0.04683
-0.38693 0.00000 -0.38693 -0.38693
-0.41273 0.00000 -0.41273 -0.41273
-0.67720 0.00000 -0.67720 -0.67720
-0.00148 0.00000 -0.00148 -0.00148
-0.14193 0.00000 -0.14193 -0.14193
-0.30130 0.00000 -0.30130 -0.30130
-1.01173 0.00000 -1.01173 -1.01173
