# avg	std	min	max
1.18875 0.00000 1.18875 1.18875
0.12665 0.00000 0.12665 0.12665
0.40100 0.00000 0.40100 0.40100
-0.76684 0.00000 -0.76684 -0.76684
0.04783 0.00000 0.04783 0.04783
-0.95519 0.00000 -0.95519 -0.95519
-0.53104 0.00000 -0.53104 -0.53104
-0.27699 0.00000 -0.27699 -0.27699
4.62086 0.00000 4.62086 4.62086
0.24131 0.00000 0.24131 0.24131
0.30260 0.00000 0.30260 0.30260
0.74588 0.00000 0.74588 0.74588
-0.33562 0.00000 -0.33562 -0.33562
-0.05161 0.00000 -0.05161 -0.05161
-0.36563 0.00000 -0.36563 -0.36563
1.21716 0.00000 1.21716 1.21716
0.51802 0.00000 0.51802 0.51802
-0.31360 0.00000 -0.31360 -0.31360
-0.51266 0.00000 -0.51266 -0.51266
0.00196 0.00000 0.00196 0.00196
1.29087 0.00000 1.29087 1.29087
1.96424 0.00000 1.96424 1.96424
-0.90461 0.00000 -0.90461 -0.90461
