# avg	std	min	max
3.78961 0.00000 3.78961 3.78961
2.26581 0.00000 2.26581 2.26581
2.33628 0.00000 2.33628 2.33628
0.14459 0.00000 0.14459 0.14459
2.16820 0.00000 2.16820 2.16820
-0.07860 0.00000 -0.07860 -0.07860
0.71513 0.00000 0.71513 0.71513
3.89990 0.00000 3.89990 3.89990
0.11040 0.00000 0.11040 0.11040
3.63258 0.00000 3.63258 3.63258
4.88532 0.00000 4.88532 4.88532
2.50970 0.00000 2.50970 2.50970
1.11980 0.00000 1.11980 1.11980
1.32459 0.00000 1.32459 1.32459
1.60739 0.00000 1.60739 1.60739
2.26050 0.00000 2.26050 2.26050
1.90320 0.00000 1.90320 1.90320
2.19806 0.00000 2.19806 2.19806
2.55781 0.00000 2.55781 2.55781
0.31882 0.00000 0.31882 0.31882
2.50653 0.00000 2.50653 2.50653
6.10844 0.00000 6.10844 6.10844
7.19915 0.00000 7.19915 7.19915
