# avg	std	min	max
1.18742 0.00000 1.18742 1.18742
0.04620 0.00000 0.04620 0.04620
0.08575 0.00000 0.08575 0.08575
-0.93524 0.00000 -0.93524 -0.93524
-0.89049 0.00000 -0.89049 -0.89049
-1.33718 0.00000 -1.33718 -1.33718
-1.29621 0.00000 -1.29621 -1.29621
-1.77561 0.00000 -1.77561 -1.77561
3.25261 0.00000 3.25261 3.25261
0.34028 0.00000 0.34028 0.34028
0.78138 0.00000 0.78138 0.78138
0.77866 0.00000 0.77866 0.77866
-0.69525 0.00000 -0.69525 -0.69525
-0.93948 0.00000 -0.93948 -0.93948
-0.43388 0.00000 -0.43388 -0.43388
0.66201 0.00000 0.66201 0.66201
-0.21085 0.00000 -0.21085 -0.21085
-0.07307 0.00000 -0.07307 -0.07307
-0.36318 0.00000 -0.36318 -0.36318
1.18365 0.00000 1.18365 1.18365
-0.95559 0.00000 -0.95559 -0.95559
-1.31693 0.00000 -1.31693 -1.31693
-1.42313 0.00000 -1.42313 -1.42313
