# avg	std	min	max
1.60201 0.00000 1.60201 1.60201
0.70758 0.00000 0.70758 0.70758
0.68050 0.00000 0.68050 0.68050
-0.34117 0.00000 -0.34117 -0.34117
-0.00634 0.00000 -0.00634 -0.00634
-0.26746 0.00000 -0.26746 -0.26746
0.01745 0.00000 0.01745 0.01745
0.50817 0.00000 0.50817 0.50817
3.64712 0.00000 3.64712 3.64712
0.75951 0.00000 0.75951 0.75951
0.44415 0.00000 0.44415 0.44415
0.96132 0.00000 0.96132 0.96132
0.22883 0.00000 0.22883 0.22883
0.42910 0.00000 0.42910 0.42910
0.51364 0.00000 0.51364 0.51364
1.33531 0.00000 1.33531 1.33531
0.45181 0.00000 0.45181 0.45181
0.19279 0.00000 0.19279 0.19279
0.53302 0.00000 0.53302 0.53302
0.90915 0.00000 0.90915 0.90915
1.23193 0.00000 1.23193 1.23193
1.64597 0.00000 1.64597 1.64597
-0.28854 0.00000 -0.28854 -0.28854
