# avg	std	min	max
1.90761 0.00000 1.90761 1.90761
1.22923 0.00000 1.22923 1.22923
1.04317 0.00000 1.04317 1.04317
-0.26612 0.00000 -0.26612 -0.26612
-0.02136 0.00000 -0.02136 -0.02136
0.30381 0.00000 0.30381 0.30381
0.78016 0.00000 0.78016 0.78016
1.80303 0.00000 1.80303 1.80303
-0.24067 0.00000 -0.24067 -0.24067
1.92208 0.00000 1.92208 1.92208
1.35501 0.00000 1.35501 1.35501
1.56494 0.00000 1.56494 1.56494
0.77403 0.00000 0.77403 0.77403
1.74117 0.00000 1.74117 1.74117
0.88686 0.00000 0.88686 0.88686
2.36836 0.00000 2.36836 2.36836
1.16468 0.00000 1.16468 1.16468
0.61091 0.00000 0.61091 0.61091
0.95453 0.00000 0.95453 0.95453
1.96879 0.00000 1.96879 1.96879
2.18986 0.00000 2.18986 2.18986
2.13082 0.00000 2.13082 2.13082
0.73956 0.00000 0.73956 0.73956
