# avg	std	min	max
2.01235 0.00000 2.01235 2.01235
1.27921 0.00000 1.27921 1.27921
1.32975 0.00000 1.32975 1.32975
0.77148 0.00000 0.77148 0.77148
-0.03941 0.00000 -0.03941 -0.03941
0.44132 0.00000 0.44132 0.44132
1.04064 0.00000 1.04064 1.04064
1.46372 0.00000 1.46372 1.46372
4.01060 0.00000 4.01060 4.01060
2.03298 0.00000 2.03298 2.03298
2.10519 0.00000 2.10519 2.10519
1.29523 0.00000 1.29523 1.29523
1.14024 0.00000 1.14024 1.14024
0.66921 0.00000 0.66921 0.66921
1.02379 0.00000 1.02379 1.02379
2.03427 0.00000 2.03427 2.03427
1.48774 0.00000 1.48774 1.48774
0.75509 0.00000 0.75509 0.75509
1.08080 0.00000 1.08080 1.08080
1.32752 0.00000 1.32752 1.32752
2.53076 0.00000 2.53076 2.53076
3.33776 0.00000 3.33776 3.33776
0.87004 0.00000 0.87004 0.87004
