# avg	std	min	max
4.30731 0.00000 4.30731 4.30731
3.03090 0.00000 3.03090 3.03090
1.26842 0.00000 1.26842 1.26842
-0.05029 0.00000 -0.05029 -0.05029
-0.00047 0.00000 -0.00047 -0.00047
-0.02825 0.00000 -0.02825 -0.02825
6.15983 0.00000 6.15983 6.15983
9.72206 0.00000 9.72206 9.72206
1.70326 0.00000 1.70326 1.70326
3.47377 0.00000 3.47377 3.47377
1.84578 0.00000 1.84578 1.84578
2.02482 0.00000 2.02482 2.02482
4.70162 0.00000 4.70162 4.70162
2.64827 0.00000 2.64827 2.64827
2.47951 0.00000 2.47951 2.47951
4.11555 0.00000 4.11555 4.11555
3.99060 0.00000 3.99060 3.99060
3.53051 0.00000 3.53051 3.53051
4.92765 0.00000 4.92765 4.92765
5.31514 0.00000 5.31514 5.31514
7.48339 0.00000 7.48339 7.48339
7.05377 0.00000 7.05377 7.05377
5.49580 0.00000 5.49580 5.49580
