# avg	std	min	max
2.82708 0.00000 2.82708 2.82708
1.76419 0.00000 1.76419 1.76419
1.27571 0.00000 1.27571 1.27571
-0.86410 0.00000 -0.86410 -0.86410
-0.01762 0.00000 -0.01762 -0.01762
-0.91843 0.00000 -0.91843 -0.91843
-0.59138 0.00000 -0.59138 -0.59138
-1.08980 0.00000 -1.08980 -1.08980
1.56078 0.00000 1.56078 1.56078
2.49377 0.00000 2.49377 2.49377
1.59149 0.00000 1.59149 1.59149
1.53710 0.00000 1.53710 1.53710
-0.11788 0.00000 -0.11788 -0.11788
0.69083 0.00000 0.69083 0.69083
0.87211 0.00000 0.87211 0.87211
1.60528 0.00000 1.60528 1.60528
1.17545 0.00000 1.17545 1.17545
0.84662 0.00000 0.84662 0.84662
1.97741 0.00000 1.97741 1.97741
0.56523 0.00000 0.56523 0.56523
2.37712 0.00000 2.37712 2.37712
1.74357 0.00000 1.74357 1.74357
-1.56541 0.00000 -1.56541 -1.56541
