# avg	std	min	max
1.94846 0.00000 1.94846 1.94846
0.94043 0.00000 0.94043 0.94043
0.91551 0.00000 0.91551 0.91551
-0.23514 0.00000 -0.23514 -0.23514
0.00160 0.00000 0.00160 0.00160
-0.09756 0.00000 -0.09756 -0.09756
-0.16305 0.00000 -0.16305 -0.16305
-0.27695 0.00000 -0.27695 -0.27695
3.62177 0.00000 3.62177 3.62177
1.24017 0.00000 1.24017 1.24017
1.45419 0.00000 1.45419 1.45419
1.62370 0.00000 1.62370 1.62370
-0.05766 0.00000 -0.05766 -0.05766
1.41461 0.00000 1.41461 1.41461
0.42902 0.00000 0.42902 0.42902
1.29578 0.00000 1.29578 1.29578
0.70850 0.00000 0.70850 0.70850
0.28050 0.00000 0.28050 0.28050
0.60804 0.00000 0.60804 0.60804
0.93486 0.00000 0.93486 0.93486
1.53352 0.00000 1.53352 1.53352
1.07422 0.00000 1.07422 1.07422
-0.58678 0.00000 -0.58678 -0.58678
