# avg	std	min	max
4.63540 0.00000 4.63540 4.63540
2.81581 0.00000 2.81581 2.81581
0.82908 0.00000 0.82908 0.82908
0.63337 0.00000 0.63337 0.63337
-0.00997 0.00000 -0.00997 -0.00997
0.64710 0.00000 0.64710 0.64710
7.20147 0.00000 7.20147 7.20147
10.58211 0.00000 10.58211 10.58211
6.51938 0.00000 6.51938 6.51938
3.37954 0.00000 3.37954 3.37954
2.09961 0.00000 2.09961 2.09961
2.75900 0.00000 2.75900 2.75900
9.06320 0.00000 9.06320 9.06320
2.48943 0.00000 2.48943 2.48943
3.77535 0.00000 3.77535 3.77535
4.90987 0.00000 4.90987 4.90987
4.67969 0.00000 4.67969 4.67969
7.18970 0.00000 7.18970 7.18970
8.67873 0.00000 8.67873 8.67873
7.08124 0.00000 7.08124 7.08124
8.93968 0.00000 8.93968 8.93968
9.13467 0.00000 9.13467 9.13467
11.50683 0.00000 11.50683 11.50683
