# avg	std	min	max
4.07021 0.00000 4.07021 4.07021
2.65173 0.00000 2.65173 2.65173
1.26902 0.00000 1.26902 1.26902
1.11809 0.00000 1.11809 1.11809
-0.02784 0.00000 -0.02784 -0.02784
1.17984 0.00000 1.17984 1.17984
1.67842 0.00000 1.67842 1.67842
1.82713 0.00000 1.82713 1.82713
6.24689 0.00000 6.24689 6.24689
2.94941 0.00000 2.94941 2.94941
1.99477 0.00000 1.99477 1.99477
2.51463 0.00000 2.51463 2.51463
1.81157 0.00000 1.81157 1.81157
2.30219 0.00000 2.30219 2.30219
2.79192 0.00000 2.79192 2.79192
3.76356 0.00000 3.76356 3.76356
2.78468 0.00000 2.78468 2.78468
2.04745 0.00000 2.04745 2.04745
2.47525 0.00000 2.47525 2.47525
3.01770 0.00000 3.01770 3.01770
3.94239 0.00000 3.94239 3.94239
3.62635 0.00000 3.62635 3.62635
1.15738 0.00000 1.15738 1.15738
