# avg	std	min	max
2.63508 0.00000 2.63508 2.63508
1.75132 0.00000 1.75132 1.75132
0.78352 0.00000 0.78352 0.78352
-0.33049 0.00000 -0.33049 -0.33049
-0.00255 0.00000 -0.00255 -0.00255
-0.15318 0.00000 -0.15318 -0.15318
0.14959 0.00000 0.14959 0.14959
0.38707 0.00000 0.38707 0.38707
5.69835 0.00000 5.69835 5.69835
2.13343 0.00000 2.13343 2.13343
2.12363 0.00000 2.12363 2.12363
2.10888 0.00000 2.10888 2.10888
0.21355 0.00000 0.21355 0.21355
2.32576 0.00000 2.32576 2.32576
1.37081 0.00000 1.37081 1.37081
2.80845 0.00000 2.80845 2.80845
1.36302 0.00000 1.36302 1.36302
0.74145 0.00000 0.74145 0.74145
0.99536 0.00000 0.99536 0.99536
1.66407 0.00000 1.66407 1.66407
2.37525 0.00000 2.37525 2.37525
2.66868 0.00000 2.66868 2.66868
-0.24771 0.00000 -0.24771 -0.24771
