# avg	std	min	max
1.94348 0.00000 1.94348 1.94348
0.95635 0.00000 0.95635 0.95635
0.60565 0.00000 0.60565 0.60565
-0.92230 0.00000 -0.92230 -0.92230
-0.00847 0.00000 -0.00847 -0.00847
-1.01513 0.00000 -1.01513 -1.01513
-1.15444 0.00000 -1.15444 -1.15444
-0.94096 0.00000 -0.94096 -0.94096
2.76208 0.00000 2.76208 2.76208
1.00975 0.00000 1.00975 1.00975
1.11088 0.00000 1.11088 1.11088
1.25018 0.00000 1.25018 1.25018
-0.81321 0.00000 -0.81321 -0.81321
1.30382 0.00000 1.30382 1.30382
-0.09433 0.00000 -0.09433 -0.09433
1.20397 0.00000 1.20397 1.20397
0.42348 0.00000 0.42348 0.42348
-0.16678 0.00000 -0.16678 -0.16678
0.34195 0.00000 0.34195 0.34195
0.75036 0.00000 0.75036 0.75036
1.01241 0.00000 1.01241 1.01241
0.66232 0.00000 0.66232 0.66232
-1.82238 0.00000 -1.82238 -1.82238
