# avg	std	min	max
2.71393 0.00000 2.71393 2.71393
1.62961 0.00000 1.62961 1.62961
0.82944 0.00000 0.82944 0.82944
-0.48078 0.00000 -0.48078 -0.48078
-0.00983 0.00000 -0.00983 -0.00983
-0.03878 0.00000 -0.03878 -0.03878
0.50003 0.00000 0.50003 0.50003
0.33966 0.00000 0.33966 0.33966
0.25728 0.00000 0.25728 0.25728
2.59821 0.00000 2.59821 2.59821
1.75955 0.00000 1.75955 1.75955
1.71919 0.00000 1.71919 1.71919
0.52148 0.00000 0.52148 0.52148
1.62215 0.00000 1.62215 1.62215
1.16757 0.00000 1.16757 1.16757
1.71445 0.00000 1.71445 1.71445
0.25821 0.00000 0.25821 0.25821
1.01651 0.00000 1.01651 1.01651
1.32685 0.00000 1.32685 1.32685
1.70312 0.00000 1.70312 1.70312
2.05239 0.00000 2.05239 2.05239
2.16152 0.00000 2.16152 2.16152
-0.07173 0.00000 -0.07173 -0.07173
