# avg	std	min	max
0.62413 0.00000 0.62413 0.62413
0.07891 0.00000 0.07891 0.07891
0.43031 0.00000 0.43031 0.43031
-0.09903 0.00000 -0.09903 -0.09903
0.00165 0.00000 0.00165 0.00165
-0.43121 0.00000 -0.43121 -0.43121
-0.27265 0.00000 -0.27265 -0.27265
-0.32339 0.00000 -0.32339 -0.32339
3.70606 0.00000 3.70606 3.70606
0.18771 0.00000 0.18771 0.18771
0.03879 0.00000 0.03879 0.03879
0.86314 0.00000 0.86314 0.86314
-0.21175 0.00000 -0.21175 -0.21175
0.08895 0.00000 0.08895 0.08895
-0.07116 0.00000 -0.07116 -0.07116
0.43877 0.00000 0.43877 0.43877
0.07641 0.00000 0.07641 0.07641
-0.02639 0.00000 -0.02639 -0.02639
-0.17752 0.00000 -0.17752 -0.17752
0.12912 0.00000 0.12912 0.12912
0.59677 0.00000 0.59677 0.59677
0.31457 0.00000 0.31457 0.31457
-0.38432 0.00000 -0.38432 -0.38432
