# avg	std	min	max
1.79014 0.00000 1.79014 1.79014
0.73474 0.00000 0.73474 0.73474
0.67950 0.00000 0.67950 0.67950
-0.48564 0.00000 -0.48564 -0.48564
-0.00052 0.00000 -0.00052 -0.00052
-0.22432 0.00000 -0.22432 -0.22432
-0.56365 0.00000 -0.56365 -0.56365
0.02358 0.00000 0.02358 0.02358
2.46161 0.00000 2.46161 2.46161
1.27275 0.00000 1.27275 1.27275
1.15349 0.00000 1.15349 1.15349
1.37754 0.00000 1.37754 1.37754
-0.46139 0.00000 -0.46139 -0.46139
1.32571 0.00000 1.32571 1.32571
-0.06577 0.00000 -0.06577 -0.06577
0.85527 0.00000 0.85527 0.85527
0.23929 0.00000 0.23929 0.23929
0.11497 0.00000 0.11497 0.11497
0.46991 0.00000 0.46991 0.46991
0.74885 0.00000 0.74885 0.74885
0.95281 0.00000 0.95281 0.95281
0.59447 0.00000 0.59447 0.59447
-0.87591 0.00000 -0.87591 -0.87591
