# avg	std	min	max
1.89653 0.00000 1.89653 1.89653
0.82987 0.00000 0.82987 0.82987
0.60454 0.00000 0.60454 0.60454
-0.22301 0.00000 -0.22301 -0.22301
0.00089 0.00000 0.00089 0.00089
-0.22589 0.00000 -0.22589 -0.22589
0.09804 0.00000 0.09804 0.09804
0.11373 0.00000 0.11373 0.11373
3.42711 0.00000 3.42711 3.42711
1.24688 0.00000 1.24688 1.24688
0.44817 0.00000 0.44817 0.44817
1.44711 0.00000 1.44711 1.44711
0.19218 0.00000 0.19218 0.19218
0.60854 0.00000 0.60854 0.60854
0.26065 0.00000 0.26065 0.26065
1.07635 0.00000 1.07635 1.07635
0.20631 0.00000 0.20631 0.20631
0.31140 0.00000 0.31140 0.31140
0.56751 0.00000 0.56751 0.56751
0.35043 0.00000 0.35043 0.35043
1.13496 0.00000 1.13496 1.13496
0.63756 0.00000 0.63756 0.63756
-0.16739 0.00000 -0.16739 -0.16739
