# avg	std	min	max
2.26863 0.00000 2.26863 2.26863
1.23676 0.00000 1.23676 1.23676
0.93235 0.00000 0.93235 0.93235
-0.63271 0.00000 -0.63271 -0.63271
-0.04937 0.00000 -0.04937 -0.04937
-0.56836 0.00000 -0.56836 -0.56836
0.53651 0.00000 0.53651 0.53651
0.16057 0.00000 0.16057 0.16057
1.19771 0.00000 1.19771 1.19771
1.25031 0.00000 1.25031 1.25031
0.79268 0.00000 0.79268 0.79268
1.39438 0.00000 1.39438 1.39438
0.55612 0.00000 0.55612 0.55612
1.76415 0.00000 1.76415 1.76415
0.85668 0.00000 0.85668 0.85668
1.82493 0.00000 1.82493 1.82493
0.84649 0.00000 0.84649 0.84649
0.44801 0.00000 0.44801 0.44801
0.81222 0.00000 0.81222 0.81222
1.57579 0.00000 1.57579 1.57579
1.66391 0.00000 1.66391 1.66391
2.33988 0.00000 2.33988 2.33988
0.33723 0.00000 0.33723 0.33723
