# avg	std	min	max
4.21415 0.00000 4.21415 4.21415
2.27873 0.00000 2.27873 2.27873
0.79032 0.00000 0.79032 0.79032
0.23546 0.00000 0.23546 0.23546
-0.00135 0.00000 -0.00135 -0.00135
0.74303 0.00000 0.74303 0.74303
2.93394 0.00000 2.93394 2.93394
4.71699 0.00000 4.71699 4.71699
6.47616 0.00000 6.47616 6.47616
2.84753 0.00000 2.84753 2.84753
2.12150 0.00000 2.12150 2.12150
2.30123 0.00000 2.30123 2.30123
3.58723 0.00000 3.58723 3.58723
4.13204 0.00000 4.13204 4.13204
3.66769 0.00000 3.66769 3.66769
4.38061 0.00000 4.38061 4.38061
3.80289 0.00000 3.80289 3.80289
2.97008 0.00000 2.97008 2.97008
3.62500 0.00000 3.62500 3.62500
5.39246 0.00000 5.39246 5.39246
7.75908 0.00000 7.75908 7.75908
6.61170 0.00000 6.61170 6.61170
2.82544 0.00000 2.82544 2.82544
