# avg	std	min	max
4.19205 0.00000 4.19205 4.19205
2.83311 0.00000 2.83311 2.83311
0.79219 0.00000 0.79219 0.79219
1.51477 0.00000 1.51477 1.51477
-0.01449 0.00000 -0.01449 -0.01449
0.47045 0.00000 0.47045 0.47045
1.60891 0.00000 1.60891 1.60891
1.68225 0.00000 1.68225 1.68225
3.81472 0.00000 3.81472 3.81472
2.14244 0.00000 2.14244 2.14244
1.29371 0.00000 1.29371 1.29371
2.22203 0.00000 2.22203 2.22203
1.61484 0.00000 1.61484 1.61484
2.26209 0.00000 2.26209 2.26209
1.77581 0.00000 1.77581 1.77581
3.34537 0.00000 3.34537 3.34537
2.69000 0.00000 2.69000 2.69000
1.22070 0.00000 1.22070 1.22070
1.42162 0.00000 1.42162 1.42162
2.40639 0.00000 2.40639 2.40639
3.11414 0.00000 3.11414 3.11414
2.32421 0.00000 2.32421 2.32421
1.36591 0.00000 1.36591 1.36591
