# avg	std	min	max
2.53206 0.00000 2.53206 2.53206
1.40619 0.00000 1.40619 1.40619
0.11160 0.00000 0.11160 0.11160
0.16559 0.00000 0.16559 0.16559
0.00000 0.00000 0.00000 0.00000
-1.13763 0.00000 -1.13763 -1.13763
0.36616 0.00000 0.36616 0.36616
1.23521 0.00000 1.23521 1.23521
-0.53915 0.00000 -0.53915 -0.53915
2.49248 0.00000 2.49248 2.49248
1.52714 0.00000 1.52714 1.52714
1.52864 0.00000 1.52864 1.52864
0.87835 0.00000 0.87835 0.87835
2.13860 0.00000 2.13860 2.13860
1.20829 0.00000 1.20829 1.20829
1.17761 0.00000 1.17761 1.17761
1.29944 0.00000 1.29944 1.29944
1.06609 0.00000 1.06609 1.06609
1.01920 0.00000 1.01920 1.01920
1.99576 0.00000 1.99576 1.99576
2.24937 0.00000 2.24937 2.24937
1.32654 0.00000 1.32654 1.32654
0.74585 0.00000 0.74585 0.74585
