# avg	std	min	max
1.33141 0.00000 1.33141 1.33141
0.58446 0.00000 0.58446 0.58446
0.73278 0.00000 0.73278 0.73278
0.06012 0.00000 0.06012 0.06012
-0.00142 0.00000 -0.00142 -0.00142
-0.12651 0.00000 -0.12651 -0.12651
-0.22659 0.00000 -0.22659 -0.22659
-0.32781 0.00000 -0.32781 -0.32781
4.19257 0.00000 4.19257 4.19257
0.92797 0.00000 0.92797 0.92797
1.29045 0.00000 1.29045 1.29045
1.27575 0.00000 1.27575 1.27575
-0.13960 0.00000 -0.13960 -0.13960
0.85128 0.00000 0.85128 0.85128
0.58880 0.00000 0.58880 0.58880
0.94061 0.00000 0.94061 0.94061
0.40298 0.00000 0.40298 0.40298
0.17736 0.00000 0.17736 0.17736
-0.00023 0.00000 -0.00023 -0.00023
0.81587 0.00000 0.81587 0.81587
1.08573 0.00000 1.08573 1.08573
0.73877 0.00000 0.73877 0.73877
-0.92371 0.00000 -0.92371 -0.92371
