# avg	std	min	max
2.13345 0.00000 2.13345 2.13345
0.61852 0.00000 0.61852 0.61852
-0.00187 0.00000 -0.00187 -0.00187
-0.86679 0.00000 -0.86679 -0.86679
-0.61106 0.00000 -0.61106 -0.61106
-1.08402 0.00000 -1.08402 -1.08402
-0.12550 0.00000 -0.12550 -0.12550
-0.23482 0.00000 -0.23482 -0.23482
3.48252 0.00000 3.48252 3.48252
1.03504 0.00000 1.03504 1.03504
0.75027 0.00000 0.75027 0.75027
0.92210 0.00000 0.92210 0.92210
0.00708 0.00000 0.00708 0.00708
0.63613 0.00000 0.63613 0.63613
0.40105 0.00000 0.40105 0.40105
1.27809 0.00000 1.27809 1.27809
0.33226 0.00000 0.33226 0.33226
-0.00384 0.00000 -0.00384 -0.00384
0.37686 0.00000 0.37686 0.37686
0.51548 0.00000 0.51548 0.51548
1.45145 0.00000 1.45145 1.45145
0.80885 0.00000 0.80885 0.80885
-0.07155 0.00000 -0.07155 -0.07155
