# avg	std	min	max
1.69683 0.00000 1.69683 1.69683
0.21111 0.00000 0.21111 0.21111
1.43415 0.00000 1.43415 1.43415
-0.51258 0.00000 -0.51258 -0.51258
0.44614 0.00000 0.44614 0.44614
-0.52771 0.00000 -0.52771 -0.52771
-0.63774 0.00000 -0.63774 -0.63774
-0.30613 0.00000 -0.30613 -0.30613
2.06415 0.00000 2.06415 2.06415
0.67914 0.00000 0.67914 0.67914
0.22219 0.00000 0.22219 0.22219
0.99889 0.00000 0.99889 0.99889
-0.91096 0.00000 -0.91096 -0.91096
0.64596 0.00000 0.64596 0.64596
0.45876 0.00000 0.45876 0.45876
1.38153 0.00000 1.38153 1.38153
0.41852 0.00000 0.41852 0.41852
-0.00695 0.00000 -0.00695 -0.00695
0.01511 0.00000 0.01511 0.01511
0.41654 0.00000 0.41654 0.41654
1.29287 0.00000 1.29287 1.29287
2.22513 0.00000 2.22513 2.22513
-0.34613 0.00000 -0.34613 -0.34613
