# avg	std	min	max
0.33939 0.00000 0.33939 0.33939
0.28723 0.00000 0.28723 0.28723
1.38347 0.00000 1.38347 1.38347
-0.10036 0.00000 -0.10036 -0.10036
0.77522 0.00000 0.77522 0.77522
-0.19386 0.00000 -0.19386 -0.19386
-0.18740 0.00000 -0.18740 -0.18740
0.08943 0.00000 0.08943 0.08943
1.81887 0.00000 1.81887 1.81887
0.32415 0.00000 0.32415 0.32415
1.76338 0.00000 1.76338 1.76338
0.59783 0.00000 0.59783 0.59783
-0.04599 0.00000 -0.04599 -0.04599
-0.03640 0.00000 -0.03640 -0.03640
0.21199 0.00000 0.21199 0.21199
1.33109 0.00000 1.33109 1.33109
0.72416 0.00000 0.72416 0.72416
-0.01425 0.00000 -0.01425 -0.01425
0.32815 0.00000 0.32815 0.32815
-0.16017 0.00000 -0.16017 -0.16017
1.19667 0.00000 1.19667 1.19667
2.49859 0.00000 2.49859 2.49859
0.06989 0.00000 0.06989 0.06989
