# avg	std	min	max
2.02383 0.00000 2.02383 2.02383
0.57181 0.00000 0.57181 0.57181
-0.44766 0.00000 -0.44766 -0.44766
-1.10823 0.00000 -1.10823 -1.10823
-1.31624 0.00000 -1.31624 -1.31624
-1.43705 0.00000 -1.43705 -1.43705
0.29881 0.00000 0.29881 0.29881
0.53222 0.00000 0.53222 0.53222
4.62930 0.00000 4.62930 4.62930
1.00516 0.00000 1.00516 1.00516
1.03027 0.00000 1.03027 1.03027
0.98491 0.00000 0.98491 0.98491
0.52062 0.00000 0.52062 0.52062
1.88935 0.00000 1.88935 1.88935
0.68723 0.00000 0.68723 0.68723
2.57431 0.00000 2.57431 2.57431
0.80832 0.00000 0.80832 0.80832
-0.01405 0.00000 -0.01405 -0.01405
0.51489 0.00000 0.51489 0.51489
3.15546 0.00000 3.15546 3.15546
2.07696 0.00000 2.07696 2.07696
2.04106 0.00000 2.04106 2.04106
-0.10775 0.00000 -0.10775 -0.10775
