# avg	std	min	max
0.19053 0.00000 0.19053 0.19053
0.17732 0.00000 0.17732 0.17732
0.50562 0.00000 0.50562 0.50562
0.31952 0.00000 0.31952 0.31952
0.25435 0.00000 0.25435 0.25435
0.10532 0.00000 0.10532 0.10532
0.33169 0.00000 0.33169 0.33169
0.30181 0.00000 0.30181 0.30181
-0.33964 0.00000 -0.33964 -0.33964
0.07780 0.00000 0.07780 0.07780
0.00050 0.00000 0.00050 0.00050
0.35368 0.00000 0.35368 0.35368
0.35442 0.00000 0.35442 0.35442
0.23783 0.00000 0.23783 0.23783
0.00975 0.00000 0.00975 0.00975
0.57152 0.00000 0.57152 0.57152
0.46721 0.00000 0.46721 0.46721
-0.02540 0.00000 -0.02540 -0.02540
-0.27354 0.00000 -0.27354 -0.27354
0.37103 0.00000 0.37103 0.37103
0.78281 0.00000 0.78281 0.78281
1.04921 0.00000 1.04921 1.04921
0.36989 0.00000 0.36989 0.36989
