# avg	std	min	max
0.40828 0.00000 0.40828 0.40828
0.15043 0.00000 0.15043 0.15043
0.71456 0.00000 0.71456 0.71456
-0.05125 0.00000 -0.05125 -0.05125
0.48500 0.00000 0.48500 0.48500
-0.22760 0.00000 -0.22760 -0.22760
0.04607 0.00000 0.04607 0.04607
-0.13999 0.00000 -0.13999 -0.13999
-0.93071 0.00000 -0.93071 -0.93071
0.44253 0.00000 0.44253 0.44253
0.66119 0.00000 0.66119 0.66119
0.60982 0.00000 0.60982 0.60982
0.03277 0.00000 0.03277 0.03277
0.52690 0.00000 0.52690 0.52690
-0.33993 0.00000 -0.33993 -0.33993
0.61416 0.00000 0.61416 0.61416
0.36025 0.00000 0.36025 0.36025
-0.00478 0.00000 -0.00478 -0.00478
-0.32997 0.00000 -0.32997 -0.32997
0.84202 0.00000 0.84202 0.84202
0.75068 0.00000 0.75068 0.75068
0.84843 0.00000 0.84843 0.84843
0.19495 0.00000 0.19495 0.19495
