# avg	std	min	max
0.11775 0.00000 0.11775 0.11775
-0.00849 0.00000 -0.00849 -0.00849
0.05968 0.00000 0.05968 0.05968
-0.20346 0.00000 -0.20346 -0.20346
0.16867 0.00000 0.16867 0.16867
-0.20419 0.00000 -0.20419 -0.20419
-0.23742 0.00000 -0.23742 -0.23742
-0.14528 0.00000 -0.14528 -0.14528
-0.70342 0.00000 -0.70342 -0.70342
0.08400 0.00000 0.08400 0.08400
-0.04453 0.00000 -0.04453 -0.04453
0.07403 0.00000 0.07403 0.07403
-0.04135 0.00000 -0.04135 -0.04135
0.01145 0.00000 0.01145 0.01145
-0.63597 0.00000 -0.63597 -0.63597
-0.32499 0.00000 -0.32499 -0.32499
-0.32297 0.00000 -0.32297 -0.32297
-0.01556 0.00000 -0.01556 -0.01556
0.02983 0.00000 0.02983 0.02983
0.31437 0.00000 0.31437 0.31437
-0.10528 0.00000 -0.10528 -0.10528
-0.07453 0.00000 -0.07453 -0.07453
-0.94386 0.00000 -0.94386 -0.94386
