# avg	std	min	max
0.67331 0.00000 0.67331 0.67331
0.23379 0.00000 0.23379 0.23379
0.63642 0.00000 0.63642 0.63642
-0.19938 0.00000 -0.19938 -0.19938
0.21094 0.00000 0.21094 0.21094
-0.70135 0.00000 -0.70135 -0.70135
-0.30770 0.00000 -0.30770 -0.30770
-0.58743 0.00000 -0.58743 -0.58743
1.78487 0.00000 1.78487 1.78487
0.32013 0.00000 0.32013 0.32013
0.35193 0.00000 0.35193 0.35193
0.37658 0.00000 0.37658 0.37658
-0.36143 0.00000 -0.36143 -0.36143
0.29992 0.00000 0.29992 0.29992
-0.08653 0.00000 -0.08653 -0.08653
0.76067 0.00000 0.76067 0.76067
0.34948 0.00000 0.34948 0.34948
-0.00692 0.00000 -0.00692 -0.00692
0.10289 0.00000 0.10289 0.10289
0.07706 0.00000 0.07706 0.07706
0.58711 0.00000 0.58711 0.58711
1.23943 0.00000 1.23943 1.23943
-0.53604 0.00000 -0.53604 -0.53604
