# avg	std	min	max
1.07488 0.00000 1.07488 1.07488
0.95060 0.00000 0.95060 0.95060
1.16650 0.00000 1.16650 1.16650
-0.23012 0.00000 -0.23012 -0.23012
0.77162 0.00000 0.77162 0.77162
-0.13651 0.00000 -0.13651 -0.13651
-0.02776 0.00000 -0.02776 -0.02776
-0.01216 0.00000 -0.01216 -0.01216
1.29337 0.00000 1.29337 1.29337
1.09401 0.00000 1.09401 1.09401
0.91264 0.00000 0.91264 0.91264
0.71216 0.00000 0.71216 0.71216
-0.00084 0.00000 -0.00084 -0.00084
0.13223 0.00000 0.13223 0.13223
0.09556 0.00000 0.09556 0.09556
0.93933 0.00000 0.93933 0.93933
0.89026 0.00000 0.89026 0.89026
-0.01286 0.00000 -0.01286 -0.01286
0.26598 0.00000 0.26598 0.26598
0.28701 0.00000 0.28701 0.28701
1.45869 0.00000 1.45869 1.45869
1.03892 0.00000 1.03892 1.03892
-0.18262 0.00000 -0.18262 -0.18262
