# avg	std	min	max
3.30228 0.00000 3.30228 3.30228
1.55552 0.00000 1.55552 1.55552
0.23334 0.00000 0.23334 0.23334
-0.22061 0.00000 -0.22061 -0.22061
-0.86317 0.00000 -0.86317 -0.86317
-1.52280 0.00000 -1.52280 -1.52280
5.81648 0.00000 5.81648 5.81648
1.82673 0.00000 1.82673 1.82673
3.68485 0.00000 3.68485 3.68485
2.22679 0.00000 2.22679 2.22679
1.60103 0.00000 1.60103 1.60103
1.78788 0.00000 1.78788 1.78788
8.59275 0.00000 8.59275 8.59275
3.32970 0.00000 3.32970 3.32970
1.06705 0.00000 1.06705 1.06705
4.83081 0.00000 4.83081 4.83081
2.90664 0.00000 2.90664 2.90664
-0.04881 0.00000 -0.04881 -0.04881
0.68726 0.00000 0.68726 0.68726
4.62708 0.00000 4.62708 4.62708
7.04655 0.00000 7.04655 7.04655
7.35204 0.00000 7.35204 7.35204
26.05516 0.00000 26.05516 26.05516
