# avg	std	min	max
0.59193 0.00000 0.59193 0.59193
0.48263 0.00000 0.48263 0.48263
0.62692 0.00000 0.62692 0.62692
-0.09315 0.00000 -0.09315 -0.09315
0.21852 0.00000 0.21852 0.21852
-0.49270 0.00000 -0.49270 -0.49270
-0.16825 0.00000 -0.16825 -0.16825
-0.23543 0.00000 -0.23543 -0.23543
3.25587 0.00000 3.25587 3.25587
0.05155 0.00000 0.05155 0.05155
0.51370 0.00000 0.51370 0.51370
0.39393 0.00000 0.39393 0.39393
0.12055 0.00000 0.12055 0.12055
0.03797 0.00000 0.03797 0.03797
0.32936 0.00000 0.32936 0.32936
0.68322 0.00000 0.68322 0.68322
0.03367 0.00000 0.03367 0.03367
-0.08957 0.00000 -0.08957 -0.08957
0.29127 0.00000 0.29127 0.29127
-0.03801 0.00000 -0.03801 -0.03801
0.28964 0.00000 0.28964 0.28964
1.14401 0.00000 1.14401 1.14401
-0.52960 0.00000 -0.52960 -0.52960
