# avg	std	min	max
0.90329 0.00000 0.90329 0.90329
0.07044 0.00000 0.07044 0.07044
0.59462 0.00000 0.59462 0.59462
0.14142 0.00000 0.14142 0.14142
0.18036 0.00000 0.18036 0.18036
-0.03183 0.00000 -0.03183 -0.03183
0.34890 0.00000 0.34890 0.34890
0.02038 0.00000 0.02038 0.02038
1.38657 0.00000 1.38657 1.38657
0.14194 0.00000 0.14194 0.14194
0.60658 0.00000 0.60658 0.60658
0.92728 0.00000 0.92728 0.92728
0.39598 0.00000 0.39598 0.39598
0.71601 0.00000 0.71601 0.71601
0.06793 0.00000 0.06793 0.06793
0.28624 0.00000 0.28624 0.28624
-0.25213 0.00000 -0.25213 -0.25213
-0.01326 0.00000 -0.01326 -0.01326
0.42030 0.00000 0.42030 0.42030
0.82213 0.00000 0.82213 0.82213
0.34291 0.00000 0.34291 0.34291
0.36717 0.00000 0.36717 0.36717
-0.55251 0.00000 -0.55251 -0.55251
