# avg	std	min	max
0.56741 0.00000 0.56741 0.56741
0.87768 0.00000 0.87768 0.87768
0.80651 0.00000 0.80651 0.80651
0.62975 0.00000 0.62975 0.62975
0.57455 0.00000 0.57455 0.57455
0.65386 0.00000 0.65386 0.65386
0.56272 0.00000 0.56272 0.56272
0.82412 0.00000 0.82412 0.82412
2.16411 0.00000 2.16411 2.16411
1.04291 0.00000 1.04291 1.04291
0.68041 0.00000 0.68041 0.68041
1.96343 0.00000 1.96343 1.96343
0.74200 0.00000 0.74200 0.74200
0.72092 0.00000 0.72092 0.72092
0.42098 0.00000 0.42098 0.42098
1.09719 0.00000 1.09719 1.09719
0.77744 0.00000 0.77744 0.77744
-0.05835 0.00000 -0.05835 -0.05835
-0.27150 0.00000 -0.27150 -0.27150
0.47987 0.00000 0.47987 0.47987
1.32552 0.00000 1.32552 1.32552
1.28220 0.00000 1.28220 1.28220
0.74887 0.00000 0.74887 0.74887
