# avg	std	min	max
1.08680 0.00000 1.08680 1.08680
0.39168 0.00000 0.39168 0.39168
0.11342 0.00000 0.11342 0.11342
-0.45802 0.00000 -0.45802 -0.45802
-0.31083 0.00000 -0.31083 -0.31083
-0.61700 0.00000 -0.61700 -0.61700
-0.56264 0.00000 -0.56264 -0.56264
-0.14206 0.00000 -0.14206 -0.14206
-1.61668 0.00000 -1.61668 -1.61668
1.07747 0.00000 1.07747 1.07747
0.82761 0.00000 0.82761 0.82761
0.76850 0.00000 0.76850 0.76850
-0.19833 0.00000 -0.19833 -0.19833
0.33097 0.00000 0.33097 0.33097
0.07929 0.00000 0.07929 0.07929
-0.90799 0.00000 -0.90799 -0.90799
-0.95104 0.00000 -0.95104 -0.95104
-0.06710 0.00000 -0.06710 -0.06710
-0.23242 0.00000 -0.23242 -0.23242
0.44562 0.00000 0.44562 0.44562
-0.65504 0.00000 -0.65504 -0.65504
-0.26494 0.00000 -0.26494 -0.26494
-0.10656 0.00000 -0.10656 -0.10656
