# avg	std	min	max
3.16174 0.00000 3.16174 3.16174
2.45337 0.00000 2.45337 2.45337
1.67543 0.00000 1.67543 1.67543
-0.00806 0.00000 -0.00806 -0.00806
1.50429 0.00000 1.50429 1.50429
-0.51948 0.00000 -0.51948 -0.51948
0.23826 0.00000 0.23826 0.23826
4.30684 0.00000 4.30684 4.30684
0.79612 0.00000 0.79612 0.79612
2.65217 0.00000 2.65217 2.65217
2.19409 0.00000 2.19409 2.19409
2.71137 0.00000 2.71137 2.71137
0.75187 0.00000 0.75187 0.75187
3.48067 0.00000 3.48067 3.48067
2.10600 0.00000 2.10600 2.10600
3.21728 0.00000 3.21728 3.21728
2.43602 0.00000 2.43602 2.43602
0.85379 0.00000 0.85379 0.85379
2.83033 0.00000 2.83033 2.83033
2.92230 0.00000 2.92230 2.92230
5.31980 0.00000 5.31980 5.31980
4.07735 0.00000 4.07735 4.07735
0.84737 0.00000 0.84737 0.84737
