# avg	std	min	max
2.65719 0.00000 2.65719 2.65719
2.00665 0.00000 2.00665 2.00665
0.85288 0.00000 0.85288 0.85288
-0.01217 0.00000 -0.01217 -0.01217
-0.09573 0.00000 -0.09573 -0.09573
0.75637 0.00000 0.75637 0.75637
1.68296 0.00000 1.68296 1.68296
1.93153 0.00000 1.93153 1.93153
4.14330 0.00000 4.14330 4.14330
2.22256 0.00000 2.22256 2.22256
1.29614 0.00000 1.29614 1.29614
1.46439 0.00000 1.46439 1.46439
1.79935 0.00000 1.79935 1.79935
0.97082 0.00000 0.97082 0.97082
1.02279 0.00000 1.02279 1.02279
2.28648 0.00000 2.28648 2.28648
1.29877 0.00000 1.29877 1.29877
0.84085 0.00000 0.84085 0.84085
1.03274 0.00000 1.03274 1.03274
2.06685 0.00000 2.06685 2.06685
1.81211 0.00000 1.81211 1.81211
1.34794 0.00000 1.34794 1.34794
1.41226 0.00000 1.41226 1.41226
