# avg	std	min	max
0.91372 0.00000 0.91372 0.91372
0.13354 0.00000 0.13354 0.13354
0.63071 0.00000 0.63071 0.63071
-0.01691 0.00000 -0.01691 -0.01691
0.07921 0.00000 0.07921 0.07921
-0.81820 0.00000 -0.81820 -0.81820
-0.21583 0.00000 -0.21583 -0.21583
-0.50683 0.00000 -0.50683 -0.50683
2.98382 0.00000 2.98382 2.98382
0.14263 0.00000 0.14263 0.14263
0.53508 0.00000 0.53508 0.53508
0.75115 0.00000 0.75115 0.75115
-0.18084 0.00000 -0.18084 -0.18084
0.34236 0.00000 0.34236 0.34236
0.08022 0.00000 0.08022 0.08022
0.48597 0.00000 0.48597 0.48597
0.14165 0.00000 0.14165 0.14165
-0.24349 0.00000 -0.24349 -0.24349
-0.28092 0.00000 -0.28092 -0.28092
0.50208 0.00000 0.50208 0.50208
0.57221 0.00000 0.57221 0.57221
0.62569 0.00000 0.62569 0.62569
-0.37172 0.00000 -0.37172 -0.37172
