# avg	std	min	max
3.80197 0.00000 3.80197 3.80197
2.36649 0.00000 2.36649 2.36649
1.95043 0.00000 1.95043 1.95043
-0.02479 0.00000 -0.02479 -0.02479
0.89136 0.00000 0.89136 0.89136
-0.50349 0.00000 -0.50349 -0.50349
0.37053 0.00000 0.37053 0.37053
0.60158 0.00000 0.60158 0.60158
4.52336 0.00000 4.52336 4.52336
2.68790 0.00000 2.68790 2.68790
2.13962 0.00000 2.13962 2.13962
2.49014 0.00000 2.49014 2.49014
0.65170 0.00000 0.65170 0.65170
2.08454 0.00000 2.08454 2.08454
2.17023 0.00000 2.17023 2.17023
3.24967 0.00000 3.24967 3.24967
2.29093 0.00000 2.29093 2.29093
1.54235 0.00000 1.54235 1.54235
1.95244 0.00000 1.95244 1.95244
1.53132 0.00000 1.53132 1.53132
4.03064 0.00000 4.03064 4.03064
4.07538 0.00000 4.07538 4.07538
-0.03249 0.00000 -0.03249 -0.03249
