# avg	std	min	max
2.81934 0.00000 2.81934 2.81934
1.87449 0.00000 1.87449 1.87449
1.65154 0.00000 1.65154 1.65154
0.02067 0.00000 0.02067 0.02067
0.48447 0.00000 0.48447 0.48447
0.14797 0.00000 0.14797 0.14797
0.28356 0.00000 0.28356 0.28356
0.65238 0.00000 0.65238 0.65238
4.20192 0.00000 4.20192 4.20192
1.94772 0.00000 1.94772 1.94772
2.00569 0.00000 2.00569 2.00569
2.14796 0.00000 2.14796 2.14796
0.58721 0.00000 0.58721 0.58721
1.36564 0.00000 1.36564 1.36564
1.41629 0.00000 1.41629 1.41629
2.24852 0.00000 2.24852 2.24852
1.34360 0.00000 1.34360 1.34360
0.90037 0.00000 0.90037 0.90037
1.38133 0.00000 1.38133 1.38133
1.46343 0.00000 1.46343 1.46343
1.94450 0.00000 1.94450 1.94450
2.40193 0.00000 2.40193 2.40193
0.00096 0.00000 0.00096 0.00096
