# avg	std	min	max
4.63545 0.00000 4.63545 4.63545
2.85850 0.00000 2.85850 2.85850
2.52288 0.00000 2.52288 2.52288
-0.01081 0.00000 -0.01081 -0.01081
1.60991 0.00000 1.60991 1.60991
0.16923 0.00000 0.16923 0.16923
0.09829 0.00000 0.09829 0.09829
1.03436 0.00000 1.03436 1.03436
5.65419 0.00000 5.65419 5.65419
3.31599 0.00000 3.31599 3.31599
2.15185 0.00000 2.15185 2.15185
2.91418 0.00000 2.91418 2.91418
0.91009 0.00000 0.91009 0.91009
2.64832 0.00000 2.64832 2.64832
2.43237 0.00000 2.43237 2.43237
2.60525 0.00000 2.60525 2.60525
1.72036 0.00000 1.72036 1.72036
3.31927 0.00000 3.31927 3.31927
3.52200 0.00000 3.52200 3.52200
2.15512 0.00000 2.15512 2.15512
4.15636 0.00000 4.15636 4.15636
6.18315 0.00000 6.18315 6.18315
2.47801 0.00000 2.47801 2.47801
