# avg	std	min	max
3.66413 0.00000 3.66413 3.66413
1.94385 0.00000 1.94385 1.94385
2.14420 0.00000 2.14420 2.14420
-0.03605 0.00000 -0.03605 -0.03605
1.74526 0.00000 1.74526 1.74526
0.58967 0.00000 0.58967 0.58967
1.26264 0.00000 1.26264 1.26264
1.37982 0.00000 1.37982 1.37982
8.18002 0.00000 8.18002 8.18002
3.08309 0.00000 3.08309 3.08309
4.10613 0.00000 4.10613 4.10613
2.21565 0.00000 2.21565 2.21565
1.63947 0.00000 1.63947 1.63947
3.21459 0.00000 3.21459 3.21459
2.41986 0.00000 2.41986 2.41986
4.20102 0.00000 4.20102 4.20102
3.15603 0.00000 3.15603 3.15603
2.29682 0.00000 2.29682 2.29682
2.58661 0.00000 2.58661 2.58661
2.81744 0.00000 2.81744 2.81744
5.17232 0.00000 5.17232 5.17232
8.69823 0.00000 8.69823 8.69823
0.89278 0.00000 0.89278 0.89278
