# avg	std	min	max
2.14998 0.00000 2.14998 2.14998
1.09836 0.00000 1.09836 1.09836
1.70536 0.00000 1.70536 1.70536
-0.00196 0.00000 -0.00196 -0.00196
0.87064 0.00000 0.87064 0.87064
-0.38220 0.00000 -0.38220 -0.38220
-0.17954 0.00000 -0.17954 -0.17954
0.52925 0.00000 0.52925 0.52925
4.44389 0.00000 4.44389 4.44389
1.54847 0.00000 1.54847 1.54847
1.67008 0.00000 1.67008 1.67008
1.61899 0.00000 1.61899 1.61899
0.51142 0.00000 0.51142 0.51142
0.98241 0.00000 0.98241 0.98241
0.94485 0.00000 0.94485 0.94485
1.55646 0.00000 1.55646 1.55646
0.54980 0.00000 0.54980 0.54980
0.69625 0.00000 0.69625 0.69625
1.19649 0.00000 1.19649 1.19649
1.15264 0.00000 1.15264 1.15264
0.95563 0.00000 0.95563 0.95563
1.95199 0.00000 1.95199 1.95199
1.89369 0.00000 1.89369 1.89369
