# avg	std	min	max
4.76868 0.00000 4.76868 4.76868
2.97333 0.00000 2.97333 2.97333
1.12681 0.00000 1.12681 1.12681
-0.01734 0.00000 -0.01734 -0.01734
0.14619 0.00000 0.14619 0.14619
0.09540 0.00000 0.09540 0.09540
3.03745 0.00000 3.03745 3.03745
4.76514 0.00000 4.76514 4.76514
5.73713 0.00000 5.73713 5.73713
3.46364 0.00000 3.46364 3.46364
3.21067 0.00000 3.21067 3.21067
3.18739 0.00000 3.18739 3.18739
3.90266 0.00000 3.90266 3.90266
3.30346 0.00000 3.30346 3.30346
2.53282 0.00000 2.53282 2.53282
3.48644 0.00000 3.48644 3.48644
2.73845 0.00000 2.73845 2.73845
3.12705 0.00000 3.12705 3.12705
3.46442 0.00000 3.46442 3.46442
4.96907 0.00000 4.96907 4.96907
5.69225 0.00000 5.69225 5.69225
7.15860 0.00000 7.15860 7.15860
4.39010 0.00000 4.39010 4.39010
