# avg	std	min	max
4.18250 0.00000 4.18250 4.18250
2.95809 0.00000 2.95809 2.95809
2.34521 0.00000 2.34521 2.34521
-0.01456 0.00000 -0.01456 -0.01456
1.11110 0.00000 1.11110 1.11110
-0.23857 0.00000 -0.23857 -0.23857
1.98395 0.00000 1.98395 1.98395
2.37711 0.00000 2.37711 2.37711
6.26898 0.00000 6.26898 6.26898
3.24562 0.00000 3.24562 3.24562
2.98703 0.00000 2.98703 2.98703
3.06227 0.00000 3.06227 3.06227
2.08576 0.00000 2.08576 2.08576
2.59406 0.00000 2.59406 2.59406
2.32964 0.00000 2.32964 2.32964
4.33426 0.00000 4.33426 4.33426
3.23129 0.00000 3.23129 3.23129
2.24570 0.00000 2.24570 2.24570
2.60413 0.00000 2.60413 2.60413
3.47943 0.00000 3.47943 3.47943
4.73131 0.00000 4.73131 4.73131
6.35302 0.00000 6.35302 6.35302
1.71528 0.00000 1.71528 1.71528
