# avg	std	min	max
0.18147 0.00000 0.18147 0.18147
0.26981 0.00000 0.26981 0.26981
0.40697 0.00000 0.40697 0.40697
-0.00493 0.00000 -0.00493 -0.00493
0.41280 0.00000 0.41280 0.41280
0.23209 0.00000 0.23209 0.23209
0.07995 0.00000 0.07995 0.07995
0.01440 0.00000 0.01440 0.01440
-0.62770 0.00000 -0.62770 -0.62770
0.06268 0.00000 0.06268 0.06268
0.35834 0.00000 0.35834 0.35834
0.36154 0.00000 0.36154 0.36154
0.07931 0.00000 0.07931 0.07931
-0.04104 0.00000 -0.04104 -0.04104
-0.00212 0.00000 -0.00212 -0.00212
-0.11779 0.00000 -0.11779 -0.11779
0.21714 0.00000 0.21714 0.21714
-0.03559 0.00000 -0.03559 -0.03559
-0.05146 0.00000 -0.05146 -0.05146
0.33551 0.00000 0.33551 0.33551
0.25014 0.00000 0.25014 0.25014
0.46304 0.00000 0.46304 0.46304
-0.16841 0.00000 -0.16841 -0.16841
