# avg	std	min	max
4.64478 0.00000 4.64478 4.64478
3.11500 0.00000 3.11500 3.11500
2.39881 0.00000 2.39881 2.39881
-0.02451 0.00000 -0.02451 -0.02451
1.50061 0.00000 1.50061 1.50061
-0.16177 0.00000 -0.16177 -0.16177
0.69087 0.00000 0.69087 0.69087
0.32256 0.00000 0.32256 0.32256
7.69487 0.00000 7.69487 7.69487
3.56456 0.00000 3.56456 3.56456
2.62385 0.00000 2.62385 2.62385
3.21112 0.00000 3.21112 3.21112
2.98720 0.00000 2.98720 2.98720
3.34252 0.00000 3.34252 3.34252
2.95623 0.00000 2.95623 2.95623
4.14900 0.00000 4.14900 4.14900
3.48118 0.00000 3.48118 3.48118
2.65976 0.00000 2.65976 2.65976
2.77793 0.00000 2.77793 2.77793
1.81078 0.00000 1.81078 1.81078
6.10719 0.00000 6.10719 6.10719
7.07976 0.00000 7.07976 7.07976
6.01058 0.00000 6.01058 6.01058
