# avg	std	min	max
2.78223 0.00000 2.78223 2.78223
1.24212 0.00000 1.24212 1.24212
0.88614 0.00000 0.88614 0.88614
-0.00954 0.00000 -0.00954 -0.00954
0.04965 0.00000 0.04965 0.04965
-0.06051 0.00000 -0.06051 -0.06051
0.35958 0.00000 0.35958 0.35958
0.75102 0.00000 0.75102 0.75102
4.70851 0.00000 4.70851 4.70851
2.67610 0.00000 2.67610 2.67610
1.88049 0.00000 1.88049 1.88049
2.00134 0.00000 2.00134 2.00134
0.87476 0.00000 0.87476 0.87476
1.31634 0.00000 1.31634 1.31634
1.23115 0.00000 1.23115 1.23115
1.80030 0.00000 1.80030 1.80030
0.81991 0.00000 0.81991 0.81991
0.50257 0.00000 0.50257 0.50257
1.02820 0.00000 1.02820 1.02820
1.01594 0.00000 1.01594 1.01594
1.90872 0.00000 1.90872 1.90872
1.71567 0.00000 1.71567 1.71567
0.20312 0.00000 0.20312 0.20312
