# avg	std	min	max
3.48743 0.00000 3.48743 3.48743
2.14658 0.00000 2.14658 2.14658
0.84555 0.00000 0.84555 0.84555
-0.00953 0.00000 -0.00953 -0.00953
1.13776 0.00000 1.13776 1.13776
0.05749 0.00000 0.05749 0.05749
0.70062 0.00000 0.70062 0.70062
1.04583 0.00000 1.04583 1.04583
6.07019 0.00000 6.07019 6.07019
2.51037 0.00000 2.51037 2.51037
2.42058 0.00000 2.42058 2.42058
2.30777 0.00000 2.30777 2.30777
0.92109 0.00000 0.92109 0.92109
2.08668 0.00000 2.08668 2.08668
2.29620 0.00000 2.29620 2.29620
3.39991 0.00000 3.39991 3.39991
2.59840 0.00000 2.59840 2.59840
1.72315 0.00000 1.72315 1.72315
2.02969 0.00000 2.02969 2.02969
2.68667 0.00000 2.68667 2.68667
4.26278 0.00000 4.26278 4.26278
4.97710 0.00000 4.97710 4.97710
0.20399 0.00000 0.20399 0.20399
