# avg	std	min	max
1.94808 0.00000 1.94808 1.94808
0.82844 0.00000 0.82844 0.82844
0.97889 0.00000 0.97889 0.97889
-0.00000 0.00000 -0.00000 -0.00000
0.43237 0.00000 0.43237 0.43237
-0.50003 0.00000 -0.50003 -0.50003
0.15740 0.00000 0.15740 0.15740
0.15255 0.00000 0.15255 0.15255
3.34240 0.00000 3.34240 3.34240
1.10112 0.00000 1.10112 1.10112
1.44528 0.00000 1.44528 1.44528
1.49753 0.00000 1.49753 1.49753
0.23105 0.00000 0.23105 0.23105
1.08307 0.00000 1.08307 1.08307
0.23486 0.00000 0.23486 0.23486
1.18682 0.00000 1.18682 1.18682
0.74840 0.00000 0.74840 0.74840
0.42324 0.00000 0.42324 0.42324
0.41061 0.00000 0.41061 0.41061
1.16540 0.00000 1.16540 1.16540
1.15928 0.00000 1.15928 1.15928
0.99185 0.00000 0.99185 0.99185
-0.06489 0.00000 -0.06489 -0.06489
