# avg	std	min	max
2.10580 0.00000 2.10580 2.10580
1.20811 0.00000 1.20811 1.20811
1.11492 0.00000 1.11492 1.11492
-0.00237 0.00000 -0.00237 -0.00237
0.23446 0.00000 0.23446 0.23446
-0.00690 0.00000 -0.00690 -0.00690
0.54455 0.00000 0.54455 0.54455
0.12638 0.00000 0.12638 0.12638
4.26374 0.00000 4.26374 4.26374
1.22718 0.00000 1.22718 1.22718
1.46702 0.00000 1.46702 1.46702
1.72917 0.00000 1.72917 1.72917
0.59374 0.00000 0.59374 0.59374
1.41986 0.00000 1.41986 1.41986
0.81151 0.00000 0.81151 0.81151
1.53850 0.00000 1.53850 1.53850
0.87645 0.00000 0.87645 0.87645
0.67172 0.00000 0.67172 0.67172
1.00108 0.00000 1.00108 1.00108
1.25282 0.00000 1.25282 1.25282
1.44683 0.00000 1.44683 1.44683
1.65086 0.00000 1.65086 1.65086
0.24953 0.00000 0.24953 0.24953
