# avg	std	min	max
3.20467 0.00000 3.20467 3.20467
2.37497 0.00000 2.37497 2.37497
1.97610 0.00000 1.97610 1.97610
0.44227 0.00000 0.44227 0.44227
0.87518 0.00000 0.87518 0.87518
-0.00136 0.00000 -0.00136 -0.00136
2.23821 0.00000 2.23821 2.23821
1.80358 0.00000 1.80358 1.80358
5.50178 0.00000 5.50178 5.50178
2.36659 0.00000 2.36659 2.36659
2.12519 0.00000 2.12519 2.12519
2.69836 0.00000 2.69836 2.69836
2.08508 0.00000 2.08508 2.08508
2.53854 0.00000 2.53854 2.53854
1.91975 0.00000 1.91975 1.91975
3.07598 0.00000 3.07598 3.07598
2.31621 0.00000 2.31621 2.31621
1.62974 0.00000 1.62974 1.62974
1.99106 0.00000 1.99106 1.99106
2.84163 0.00000 2.84163 2.84163
3.06117 0.00000 3.06117 3.06117
4.00059 0.00000 4.00059 4.00059
1.42761 0.00000 1.42761 1.42761
