# avg	std	min	max
3.89864 0.00000 3.89864 3.89864
2.44109 0.00000 2.44109 2.44109
1.91683 0.00000 1.91683 1.91683
0.38379 0.00000 0.38379 0.38379
1.20389 0.00000 1.20389 1.20389
-0.04630 0.00000 -0.04630 -0.04630
1.38335 0.00000 1.38335 1.38335
0.38839 0.00000 0.38839 0.38839
6.63976 0.00000 6.63976 6.63976
3.36553 0.00000 3.36553 3.36553
2.02388 0.00000 2.02388 2.02388
2.54523 0.00000 2.54523 2.54523
1.33821 0.00000 1.33821 1.33821
2.07354 0.00000 2.07354 2.07354
1.60312 0.00000 1.60312 1.60312
3.93314 0.00000 3.93314 3.93314
2.84548 0.00000 2.84548 2.84548
1.29557 0.00000 1.29557 1.29557
1.29496 0.00000 1.29496 1.29496
1.88084 0.00000 1.88084 1.88084
4.45052 0.00000 4.45052 4.45052
4.31079 0.00000 4.31079 4.31079
1.44208 0.00000 1.44208 1.44208
