# avg	std	min	max
3.74304 0.00000 3.74304 3.74304
2.59528 0.00000 2.59528 2.59528
0.61879 0.00000 0.61879 0.61879
0.74258 0.00000 0.74258 0.74258
0.24347 0.00000 0.24347 0.24347
-0.02984 0.00000 -0.02984 -0.02984
3.66985 0.00000 3.66985 3.66985
8.41809 0.00000 8.41809 8.41809
3.02050 0.00000 3.02050 3.02050
3.36472 0.00000 3.36472 3.36472
1.72578 0.00000 1.72578 1.72578
1.89144 0.00000 1.89144 1.89144
3.78724 0.00000 3.78724 3.78724
2.70825 0.00000 2.70825 2.70825
1.73018 0.00000 1.73018 1.73018
2.91824 0.00000 2.91824 2.91824
2.99198 0.00000 2.99198 2.99198
3.34684 0.00000 3.34684 3.34684
3.16240 0.00000 3.16240 3.16240
3.33564 0.00000 3.33564 3.33564
5.36025 0.00000 5.36025 5.36025
5.17192 0.00000 5.17192 5.17192
10.30993 0.00000 10.30993 10.30993
