# avg	std	min	max
5.25426 0.00000 5.25426 5.25426
3.80326 0.00000 3.80326 3.80326
2.44407 0.00000 2.44407 2.44407
0.89717 0.00000 0.89717 0.89717
1.01469 0.00000 1.01469 1.01469
-0.02447 0.00000 -0.02447 -0.02447
-0.35844 0.00000 -0.35844 -0.35844
-1.25842 0.00000 -1.25842 -1.25842
7.51796 0.00000 7.51796 7.51796
4.19939 0.00000 4.19939 4.19939
3.85834 0.00000 3.85834 3.85834
3.83136 0.00000 3.83136 3.83136
1.22616 0.00000 1.22616 1.22616
4.41699 0.00000 4.41699 4.41699
2.91157 0.00000 2.91157 2.91157
4.96531 0.00000 4.96531 4.96531
2.79431 0.00000 2.79431 2.79431
3.35344 0.00000 3.35344 3.35344
4.53407 0.00000 4.53407 4.53407
3.19387 0.00000 3.19387 3.19387
6.25153 0.00000 6.25153 6.25153
8.19755 0.00000 8.19755 8.19755
11.53628 0.00000 11.53628 11.53628
