# avg	std	min	max
2.12499 0.00000 2.12499 2.12499
1.99681 0.00000 1.99681 1.99681
2.61757 0.00000 2.61757 2.61757
1.05446 0.00000 1.05446 1.05446
2.18270 0.00000 2.18270 2.18270
-0.05420 0.00000 -0.05420 -0.05420
0.69062 0.00000 0.69062 0.69062
0.16476 0.00000 0.16476 0.16476
3.89708 0.00000 3.89708 3.89708
2.18564 0.00000 2.18564 2.18564
1.68289 0.00000 1.68289 1.68289
2.32201 0.00000 2.32201 2.32201
0.76327 0.00000 0.76327 0.76327
2.21145 0.00000 2.21145 2.21145
1.19093 0.00000 1.19093 1.19093
2.21915 0.00000 2.21915 2.21915
1.67026 0.00000 1.67026 1.67026
1.10957 0.00000 1.10957 1.10957
1.29033 0.00000 1.29033 1.29033
1.93156 0.00000 1.93156 1.93156
2.27605 0.00000 2.27605 2.27605
3.09952 0.00000 3.09952 3.09952
0.57037 0.00000 0.57037 0.57037
