# avg	std	min	max
2.58971 0.00000 2.58971 2.58971
1.26676 0.00000 1.26676 1.26676
1.58626 0.00000 1.58626 1.58626
-0.08727 0.00000 -0.08727 -0.08727
0.67534 0.00000 0.67534 0.67534
-0.00176 0.00000 -0.00176 -0.00176
0.33103 0.00000 0.33103 0.33103
0.28121 0.00000 0.28121 0.28121
4.59140 0.00000 4.59140 4.59140
1.62459 0.00000 1.62459 1.62459
2.61725 0.00000 2.61725 2.61725
1.85118 0.00000 1.85118 1.85118
0.35856 0.00000 0.35856 0.35856
1.37221 0.00000 1.37221 1.37221
1.28411 0.00000 1.28411 1.28411
2.12038 0.00000 2.12038 2.12038
1.33205 0.00000 1.33205 1.33205
0.42856 0.00000 0.42856 0.42856
0.62788 0.00000 0.62788 0.62788
1.14115 0.00000 1.14115 1.14115
1.57166 0.00000 1.57166 1.57166
4.14146 0.00000 4.14146 4.14146
0.22211 0.00000 0.22211 0.22211
