# avg	std	min	max
0.52746 0.00000 0.52746 0.52746
0.44079 0.00000 0.44079 0.44079
0.67345 0.00000 0.67345 0.67345
0.43254 0.00000 0.43254 0.43254
0.48465 0.00000 0.48465 0.48465
0.44935 0.00000 0.44935 0.44935
0.61558 0.00000 0.61558 0.61558
0.63496 0.00000 0.63496 0.63496
1.08121 0.00000 1.08121 1.08121
0.06648 0.00000 0.06648 0.06648
1.11193 0.00000 1.11193 1.11193
0.66781 0.00000 0.66781 0.66781
0.59117 0.00000 0.59117 0.59117
0.00143 0.00000 0.00143 0.00143
0.42201 0.00000 0.42201 0.42201
0.08658 0.00000 0.08658 0.08658
0.35449 0.00000 0.35449 0.35449
0.48093 0.00000 0.48093 0.48093
0.29548 0.00000 0.29548 0.29548
0.71068 0.00000 0.71068 0.71068
0.67799 0.00000 0.67799 0.67799
0.52442 0.00000 0.52442 0.52442
0.60453 0.00000 0.60453 0.60453
