# avg	std	min	max
-1.13411 0.00000 -1.13411 -1.13411
0.27704 0.00000 0.27704 0.27704
2.67991 0.00000 2.67991 2.67991
1.34311 0.00000 1.34311 1.34311
2.55920 0.00000 2.55920 2.55920
1.05427 0.00000 1.05427 1.05427
1.04322 0.00000 1.04322 1.04322
1.01343 0.00000 1.01343 1.01343
3.05063 0.00000 3.05063 3.05063
-0.02355 0.00000 -0.02355 -0.02355
1.93199 0.00000 1.93199 1.93199
1.31155 0.00000 1.31155 1.31155
1.11096 0.00000 1.11096 1.11096
-0.00730 0.00000 -0.00730 -0.00730
1.19513 0.00000 1.19513 1.19513
0.80493 0.00000 0.80493 0.80493
1.21296 0.00000 1.21296 1.21296
-0.20675 0.00000 -0.20675 -0.20675
-0.01951 0.00000 -0.01951 -0.01951
1.30605 0.00000 1.30605 1.30605
0.44247 0.00000 0.44247 0.44247
2.24674 0.00000 2.24674 2.24674
0.99875 0.00000 0.99875 0.99875
