# avg	std	min	max
1.34234 0.00000 1.34234 1.34234
-0.30820 0.00000 -0.30820 -0.30820
0.43836 0.00000 0.43836 0.43836
-2.81037 0.00000 -2.81037 -2.81037
-0.63774 0.00000 -0.63774 -0.63774
-2.92746 0.00000 -2.92746 -2.92746
7.32206 0.00000 7.32206 7.32206
12.40660 0.00000 12.40660 12.40660
2.23972 0.00000 2.23972 2.23972
0.54051 0.00000 0.54051 0.54051
-0.43201 0.00000 -0.43201 -0.43201
0.04639 0.00000 0.04639 0.04639
10.35559 0.00000 10.35559 10.35559
-0.00180 0.00000 -0.00180 -0.00180
0.63166 0.00000 0.63166 0.63166
1.06595 0.00000 1.06595 1.06595
1.05953 0.00000 1.05953 1.05953
1.79218 0.00000 1.79218 1.79218
4.71414 0.00000 4.71414 4.71414
2.65153 0.00000 2.65153 2.65153
4.37788 0.00000 4.37788 4.37788
10.66529 0.00000 10.66529 10.66529
24.31214 0.00000 24.31214 24.31214
