# avg	std	min	max
0.81275 0.00000 0.81275 0.81275
0.22050 0.00000 0.22050 0.22050
1.23134 0.00000 1.23134 1.23134
-0.10690 0.00000 -0.10690 -0.10690
1.41745 0.00000 1.41745 1.41745
-0.59801 0.00000 -0.59801 -0.59801
0.19304 0.00000 0.19304 0.19304
0.01257 0.00000 0.01257 0.01257
0.69378 0.00000 0.69378 0.69378
0.46889 0.00000 0.46889 0.46889
1.58239 0.00000 1.58239 1.58239
0.32664 0.00000 0.32664 0.32664
0.16392 0.00000 0.16392 0.16392
-0.02424 0.00000 -0.02424 -0.02424
0.15949 0.00000 0.15949 0.15949
-0.31834 0.00000 -0.31834 -0.31834
0.35072 0.00000 0.35072 0.35072
-0.43146 0.00000 -0.43146 -0.43146
-0.02198 0.00000 -0.02198 -0.02198
0.47932 0.00000 0.47932 0.47932
-0.15177 0.00000 -0.15177 -0.15177
1.66557 0.00000 1.66557 1.66557
0.13982 0.00000 0.13982 0.13982
