# avg	std	min	max
0.18038 0.00000 0.18038 0.18038
-0.46980 0.00000 -0.46980 -0.46980
-0.17163 0.00000 -0.17163 -0.17163
-0.65064 0.00000 -0.65064 -0.65064
-0.65659 0.00000 -0.65659 -0.65659
-0.90429 0.00000 -0.90429 -0.90429
-0.68881 0.00000 -0.68881 -0.68881
-0.59777 0.00000 -0.59777 -0.59777
-1.14548 0.00000 -1.14548 -1.14548
-0.55025 0.00000 -0.55025 -0.55025
-0.49047 0.00000 -0.49047 -0.49047
0.13898 0.00000 0.13898 0.13898
-0.56417 0.00000 -0.56417 -0.56417
-0.00851 0.00000 -0.00851 -0.00851
-0.52316 0.00000 -0.52316 -0.52316
-0.75530 0.00000 -0.75530 -0.75530
-1.78412 0.00000 -1.78412 -1.78412
-0.57708 0.00000 -0.57708 -0.57708
-0.34847 0.00000 -0.34847 -0.34847
0.11548 0.00000 0.11548 0.11548
-0.77949 0.00000 -0.77949 -0.77949
-0.64710 0.00000 -0.64710 -0.64710
-1.23588 0.00000 -1.23588 -1.23588
