# avg	std	min	max
1.12291 0.00000 1.12291 1.12291
2.48525 0.00000 2.48525 2.48525
3.87326 0.00000 3.87326 3.87326
2.01117 0.00000 2.01117 2.01117
2.93917 0.00000 2.93917 2.93917
2.34552 0.00000 2.34552 2.34552
2.92760 0.00000 2.92760 2.92760
2.91093 0.00000 2.91093 2.91093
-0.02809 0.00000 -0.02809 -0.02809
2.45009 0.00000 2.45009 2.45009
3.72779 0.00000 3.72779 3.72779
2.32086 0.00000 2.32086 2.32086
2.57917 0.00000 2.57917 2.57917
2.99945 0.00000 2.99945 2.99945
2.69293 0.00000 2.69293 2.69293
3.35723 0.00000 3.35723 3.35723
2.01898 0.00000 2.01898 2.01898
2.03959 0.00000 2.03959 2.03959
2.02552 0.00000 2.02552 2.02552
3.56691 0.00000 3.56691 3.56691
3.76018 0.00000 3.76018 3.76018
3.17420 0.00000 3.17420 3.17420
1.72950 0.00000 1.72950 1.72950
