# avg	std	min	max
1.99298 0.00000 1.99298 1.99298
1.57402 0.00000 1.57402 1.57402
1.53256 0.00000 1.53256 1.53256
1.26250 0.00000 1.26250 1.26250
1.24575 0.00000 1.24575 1.24575
1.16657 0.00000 1.16657 1.16657
1.42981 0.00000 1.42981 1.42981
1.44546 0.00000 1.44546 1.44546
0.00401 0.00000 0.00401 0.00401
1.77935 0.00000 1.77935 1.77935
1.59344 0.00000 1.59344 1.59344
1.33042 0.00000 1.33042 1.33042
1.52973 0.00000 1.52973 1.52973
1.62219 0.00000 1.62219 1.62219
1.55834 0.00000 1.55834 1.55834
1.11567 0.00000 1.11567 1.11567
1.52124 0.00000 1.52124 1.52124
1.44563 0.00000 1.44563 1.44563
1.62652 0.00000 1.62652 1.62652
1.87134 0.00000 1.87134 1.87134
1.16688 0.00000 1.16688 1.16688
1.42115 0.00000 1.42115 1.42115
0.66513 0.00000 0.66513 0.66513
