# avg	std	min	max
3.80048 0.00000 3.80048 3.80048
2.40854 0.00000 2.40854 2.40854
1.54313 0.00000 1.54313 1.54313
4.16567 0.00000 4.16567 4.16567
1.47233 0.00000 1.47233 1.47233
2.26104 0.00000 2.26104 2.26104
1.85122 0.00000 1.85122 1.85122
2.45839 0.00000 2.45839 2.45839
-0.03174 0.00000 -0.03174 -0.03174
2.93483 0.00000 2.93483 2.93483
2.86692 0.00000 2.86692 2.86692
3.18887 0.00000 3.18887 3.18887
2.21068 0.00000 2.21068 2.21068
2.41409 0.00000 2.41409 2.41409
3.13288 0.00000 3.13288 3.13288
1.97805 0.00000 1.97805 1.97805
1.82023 0.00000 1.82023 1.82023
3.20035 0.00000 3.20035 3.20035
3.44720 0.00000 3.44720 3.44720
3.52708 0.00000 3.52708 3.52708
3.74413 0.00000 3.74413 3.74413
5.45374 0.00000 5.45374 5.45374
0.63373 0.00000 0.63373 0.63373
