# avg	std	min	max
0.93445 0.00000 0.93445 0.93445
0.73474 0.00000 0.73474 0.73474
0.78075 0.00000 0.78075 0.78075
0.73688 0.00000 0.73688 0.73688
0.73490 0.00000 0.73490 0.73490
0.59645 0.00000 0.59645 0.59645
0.51881 0.00000 0.51881 0.51881
0.46729 0.00000 0.46729 0.46729
-0.00028 0.00000 -0.00028 -0.00028
0.81972 0.00000 0.81972 0.81972
0.74959 0.00000 0.74959 0.74959
0.72126 0.00000 0.72126 0.72126
0.61870 0.00000 0.61870 0.61870
0.69872 0.00000 0.69872 0.69872
0.48620 0.00000 0.48620 0.48620
0.47739 0.00000 0.47739 0.47739
0.09647 0.00000 0.09647 0.09647
0.66866 0.00000 0.66866 0.66866
0.69659 0.00000 0.69659 0.69659
0.71724 0.00000 0.71724 0.71724
0.24539 0.00000 0.24539 0.24539
0.59393 0.00000 0.59393 0.59393
0.21468 0.00000 0.21468 0.21468
