# avg	std	min	max
2.64261 0.00000 2.64261 2.64261
2.15020 0.00000 2.15020 2.15020
2.29137 0.00000 2.29137 2.29137
0.97378 0.00000 0.97378 0.97378
1.71990 0.00000 1.71990 1.71990
0.99844 0.00000 0.99844 0.99844
1.93553 0.00000 1.93553 1.93553
1.59673 0.00000 1.59673 1.59673
0.00366 0.00000 0.00366 0.00366
2.06299 0.00000 2.06299 2.06299
2.31071 0.00000 2.31071 2.31071
2.22970 0.00000 2.22970 2.22970
2.09011 0.00000 2.09011 2.09011
2.18688 0.00000 2.18688 2.18688
1.74523 0.00000 1.74523 1.74523
3.01000 0.00000 3.01000 3.01000
2.52511 0.00000 2.52511 2.52511
0.87858 0.00000 0.87858 0.87858
0.35270 0.00000 0.35270 0.35270
2.04247 0.00000 2.04247 2.04247
3.33469 0.00000 3.33469 3.33469
3.39911 0.00000 3.39911 3.39911
2.02409 0.00000 2.02409 2.02409
