# avg	std	min	max
4.11421 0.00000 4.11421 4.11421
2.69367 0.00000 2.69367 2.69367
3.29215 0.00000 3.29215 3.29215
0.87297 0.00000 0.87297 0.87297
4.50598 0.00000 4.50598 4.50598
0.61813 0.00000 0.61813 0.61813
9.70647 0.00000 9.70647 9.70647
5.19164 0.00000 5.19164 5.19164
-0.01611 0.00000 -0.01611 -0.01611
3.83449 0.00000 3.83449 3.83449
3.95991 0.00000 3.95991 3.95991
3.16179 0.00000 3.16179 3.16179
10.52854 0.00000 10.52854 10.52854
3.87982 0.00000 3.87982 3.87982
2.74452 0.00000 2.74452 2.74452
4.07090 0.00000 4.07090 4.07090
3.03960 0.00000 3.03960 3.03960
2.56285 0.00000 2.56285 2.56285
2.69527 0.00000 2.69527 2.69527
6.42220 0.00000 6.42220 6.42220
5.48682 0.00000 5.48682 5.48682
12.95304 0.00000 12.95304 12.95304
8.90475 0.00000 8.90475 8.90475
