# avg	std	min	max
0.60239 0.00000 0.60239 0.60239
-0.06452 0.00000 -0.06452 -0.06452
0.59118 0.00000 0.59118 0.59118
-0.54912 0.00000 -0.54912 -0.54912
0.37633 0.00000 0.37633 0.37633
-0.97794 0.00000 -0.97794 -0.97794
-0.60811 0.00000 -0.60811 -0.60811
-0.66884 0.00000 -0.66884 -0.66884
6.55343 0.00000 6.55343 6.55343
0.45086 0.00000 0.45086 0.45086
0.37727 0.00000 0.37727 0.37727
0.13373 0.00000 0.13373 0.13373
-0.47715 0.00000 -0.47715 -0.47715
0.06275 0.00000 0.06275 0.06275
-0.02868 0.00000 -0.02868 -0.02868
0.03572 0.00000 0.03572 0.03572
-0.26883 0.00000 -0.26883 -0.26883
-0.34355 0.00000 -0.34355 -0.34355
-0.02876 0.00000 -0.02876 -0.02876
0.32927 0.00000 0.32927 0.32927
0.61402 0.00000 0.61402 0.61402
2.44030 0.00000 2.44030 2.44030
-1.32270 0.00000 -1.32270 -1.32270
