# avg	std	min	max
-0.29541 0.00000 -0.29541 -0.29541
-0.46673 0.00000 -0.46673 -0.46673
0.06340 0.00000 0.06340 0.06340
-0.22376 0.00000 -0.22376 -0.22376
0.21120 0.00000 0.21120 0.21120
-0.91388 0.00000 -0.91388 -0.91388
-0.10233 0.00000 -0.10233 -0.10233
0.31293 0.00000 0.31293 0.31293
-1.23200 0.00000 -1.23200 -1.23200
-0.65216 0.00000 -0.65216 -0.65216
-0.88054 0.00000 -0.88054 -0.88054
0.22209 0.00000 0.22209 0.22209
-0.73738 0.00000 -0.73738 -0.73738
0.11437 0.00000 0.11437 0.11437
0.05936 0.00000 0.05936 0.05936
-0.03289 0.00000 -0.03289 -0.03289
-0.34545 0.00000 -0.34545 -0.34545
-0.32192 0.00000 -0.32192 -0.32192
-0.72969 0.00000 -0.72969 -0.72969
0.45218 0.00000 0.45218 0.45218
0.09658 0.00000 0.09658 0.09658
0.50867 0.00000 0.50867 0.50867
0.42572 0.00000 0.42572 0.42572
