# avg	std	min	max
0.85268 0.00000 0.85268 0.85268
0.06284 0.00000 0.06284 0.06284
0.37924 0.00000 0.37924 0.37924
-0.97470 0.00000 -0.97470 -0.97470
-0.44067 0.00000 -0.44067 -0.44067
-0.72228 0.00000 -0.72228 -0.72228
-1.01589 0.00000 -1.01589 -1.01589
-0.01873 0.00000 -0.01873 -0.01873
-0.20312 0.00000 -0.20312 -0.20312
0.06743 0.00000 0.06743 0.06743
0.65053 0.00000 0.65053 0.65053
0.16138 0.00000 0.16138 0.16138
-0.37785 0.00000 -0.37785 -0.37785
-0.26877 0.00000 -0.26877 -0.26877
-0.00590 0.00000 -0.00590 -0.00590
0.44689 0.00000 0.44689 0.44689
-0.43209 0.00000 -0.43209 -0.43209
-0.29610 0.00000 -0.29610 -0.29610
-0.14609 0.00000 -0.14609 -0.14609
-0.01454 0.00000 -0.01454 -0.01454
-0.94203 0.00000 -0.94203 -0.94203
-0.53509 0.00000 -0.53509 -0.53509
-0.85938 0.00000 -0.85938 -0.85938
