# avg	std	min	max
1.56203 0.00000 1.56203 1.56203
0.53332 0.00000 0.53332 0.53332
-0.43782 0.00000 -0.43782 -0.43782
-0.69132 0.00000 -0.69132 -0.69132
-0.76367 0.00000 -0.76367 -0.76367
-0.77745 0.00000 -0.77745 -0.77745
-0.88920 0.00000 -0.88920 -0.88920
-0.05435 0.00000 -0.05435 -0.05435
3.02560 0.00000 3.02560 3.02560
1.47772 0.00000 1.47772 1.47772
0.42883 0.00000 0.42883 0.42883
0.32481 0.00000 0.32481 0.32481
-0.46106 0.00000 -0.46106 -0.46106
0.56528 0.00000 0.56528 0.56528
-0.01637 0.00000 -0.01637 -0.01637
0.65066 0.00000 0.65066 0.65066
0.38158 0.00000 0.38158 0.38158
-0.42918 0.00000 -0.42918 -0.42918
-0.08864 0.00000 -0.08864 -0.08864
0.77087 0.00000 0.77087 0.77087
1.51789 0.00000 1.51789 1.51789
1.55044 0.00000 1.55044 1.55044
-0.71903 0.00000 -0.71903 -0.71903
