# avg	std	min	max
2.59623 0.00000 2.59623 2.59623
0.76380 0.00000 0.76380 0.76380
1.96650 0.00000 1.96650 1.96650
-1.66093 0.00000 -1.66093 -1.66093
0.69140 0.00000 0.69140 0.69140
-1.33303 0.00000 -1.33303 -1.33303
1.95867 0.00000 1.95867 1.95867
3.21265 0.00000 3.21265 3.21265
5.88485 0.00000 5.88485 5.88485
1.75955 0.00000 1.75955 1.75955
0.87513 0.00000 0.87513 0.87513
1.19218 0.00000 1.19218 1.19218
6.61678 0.00000 6.61678 6.61678
1.29576 0.00000 1.29576 1.29576
-0.05099 0.00000 -0.05099 -0.05099
1.91508 0.00000 1.91508 1.91508
1.50079 0.00000 1.50079 1.50079
0.55531 0.00000 0.55531 0.55531
0.62759 0.00000 0.62759 0.62759
2.29090 0.00000 2.29090 2.29090
3.79344 0.00000 3.79344 3.79344
4.66600 0.00000 4.66600 4.66600
25.83626 0.00000 25.83626 25.83626
