# avg	std	min	max
1.03357 0.00000 1.03357 1.03357
0.03436 0.00000 0.03436 0.03436
0.30270 0.00000 0.30270 0.30270
-0.55357 0.00000 -0.55357 -0.55357
-0.30036 0.00000 -0.30036 -0.30036
-0.75369 0.00000 -0.75369 -0.75369
-0.42557 0.00000 -0.42557 -0.42557
-0.37539 0.00000 -0.37539 -0.37539
3.31420 0.00000 3.31420 3.31420
0.28440 0.00000 0.28440 0.28440
0.78656 0.00000 0.78656 0.78656
0.70460 0.00000 0.70460 0.70460
-0.32471 0.00000 -0.32471 -0.32471
-0.11100 0.00000 -0.11100 -0.11100
-0.18269 0.00000 -0.18269 -0.18269
0.40142 0.00000 0.40142 0.40142
-0.11883 0.00000 -0.11883 -0.11883
-0.15324 0.00000 -0.15324 -0.15324
-0.06171 0.00000 -0.06171 -0.06171
0.32117 0.00000 0.32117 0.32117
0.46953 0.00000 0.46953 0.46953
0.24729 0.00000 0.24729 0.24729
-0.82875 0.00000 -0.82875 -0.82875
