# avg	std	min	max
0.19570 0.00000 0.19570 0.19570
-0.04400 0.00000 -0.04400 -0.04400
0.00226 0.00000 0.00226 0.00226
-0.14714 0.00000 -0.14714 -0.14714
0.13858 0.00000 0.13858 0.13858
0.05769 0.00000 0.05769 0.05769
-0.15786 0.00000 -0.15786 -0.15786
0.11850 0.00000 0.11850 0.11850
-1.03168 0.00000 -1.03168 -1.03168
0.16365 0.00000 0.16365 0.16365
0.18295 0.00000 0.18295 0.18295
-0.01295 0.00000 -0.01295 -0.01295
-0.14226 0.00000 -0.14226 -0.14226
0.15127 0.00000 0.15127 0.15127
-0.14305 0.00000 -0.14305 -0.14305
-0.08184 0.00000 -0.08184 -0.08184
-0.70477 0.00000 -0.70477 -0.70477
-0.07759 0.00000 -0.07759 -0.07759
-0.00169 0.00000 -0.00169 -0.00169
0.17514 0.00000 0.17514 0.17514
-0.30601 0.00000 -0.30601 -0.30601
0.00842 0.00000 0.00842 0.00842
-0.68443 0.00000 -0.68443 -0.68443
