# avg	std	min	max
2.83993 0.00000 2.83993 2.83993
1.14170 0.00000 1.14170 1.14170
-0.23161 0.00000 -0.23161 -0.23161
-0.33533 0.00000 -0.33533 -0.33533
-1.02383 0.00000 -1.02383 -1.02383
-1.47614 0.00000 -1.47614 -1.47614
6.55613 0.00000 6.55613 6.55613
9.12878 0.00000 9.12878 9.12878
3.84674 0.00000 3.84674 3.84674
2.28023 0.00000 2.28023 2.28023
1.43050 0.00000 1.43050 1.43050
1.05091 0.00000 1.05091 1.05091
14.02044 0.00000 14.02044 14.02044
2.53328 0.00000 2.53328 2.53328
0.41784 0.00000 0.41784 0.41784
4.02144 0.00000 4.02144 4.02144
2.06157 0.00000 2.06157 2.06157
0.61737 0.00000 0.61737 0.61737
-0.00121 0.00000 -0.00121 -0.00121
5.30976 0.00000 5.30976 5.30976
6.93554 0.00000 6.93554 6.93554
5.91087 0.00000 5.91087 5.91087
27.66254 0.00000 27.66254 27.66254
