# avg	std	min	max
0.29678 0.00000 0.29678 0.29678
0.38393 0.00000 0.38393 0.38393
0.60126 0.00000 0.60126 0.60126
-0.08019 0.00000 -0.08019 -0.08019
0.38409 0.00000 0.38409 0.38409
-0.43025 0.00000 -0.43025 -0.43025
-0.33670 0.00000 -0.33670 -0.33670
-0.77706 0.00000 -0.77706 -0.77706
-0.56993 0.00000 -0.56993 -0.56993
0.69516 0.00000 0.69516 0.69516
0.59774 0.00000 0.59774 0.59774
0.72695 0.00000 0.72695 0.72695
-0.28317 0.00000 -0.28317 -0.28317
0.60377 0.00000 0.60377 0.60377
0.18678 0.00000 0.18678 0.18678
0.49071 0.00000 0.49071 0.49071
-0.17585 0.00000 -0.17585 -0.17585
-0.00873 0.00000 -0.00873 -0.00873
-0.07084 0.00000 -0.07084 -0.07084
0.73377 0.00000 0.73377 0.73377
0.23301 0.00000 0.23301 0.23301
0.25692 0.00000 0.25692 0.25692
-0.73655 0.00000 -0.73655 -0.73655
