# avg	std	min	max
0.20528 0.00000 0.20528 0.20528
0.14407 0.00000 0.14407 0.14407
3.01219 0.00000 3.01219 3.01219
0.52675 0.00000 0.52675 0.52675
3.76501 0.00000 3.76501 3.76501
0.58737 0.00000 0.58737 0.58737
-0.00378 0.00000 -0.00378 -0.00378
0.71045 0.00000 0.71045 0.71045
3.36865 0.00000 3.36865 3.36865
0.73061 0.00000 0.73061 0.73061
1.48028 0.00000 1.48028 1.48028
1.06008 0.00000 1.06008 1.06008
0.30405 0.00000 0.30405 0.30405
-0.63640 0.00000 -0.63640 -0.63640
0.77258 0.00000 0.77258 0.77258
-0.03033 0.00000 -0.03033 -0.03033
0.36170 0.00000 0.36170 0.36170
0.22740 0.00000 0.22740 0.22740
-0.00011 0.00000 -0.00011 -0.00011
-0.12124 0.00000 -0.12124 -0.12124
1.60938 0.00000 1.60938 1.60938
4.64203 0.00000 4.64203 4.64203
0.74313 0.00000 0.74313 0.74313
