# avg	std	min	max
1.38379 0.00000 1.38379 1.38379
0.34492 0.00000 0.34492 0.34492
0.77342 0.00000 0.77342 0.77342
-0.19595 0.00000 -0.19595 -0.19595
0.19318 0.00000 0.19318 0.19318
-0.64637 0.00000 -0.64637 -0.64637
-0.12613 0.00000 -0.12613 -0.12613
-0.34798 0.00000 -0.34798 -0.34798
2.78820 0.00000 2.78820 2.78820
0.46131 0.00000 0.46131 0.46131
0.78332 0.00000 0.78332 0.78332
0.88835 0.00000 0.88835 0.88835
0.05568 0.00000 0.05568 0.05568
0.25340 0.00000 0.25340 0.25340
0.38084 0.00000 0.38084 0.38084
0.84387 0.00000 0.84387 0.84387
-0.09078 0.00000 -0.09078 -0.09078
-0.16958 0.00000 -0.16958 -0.16958
-0.02641 0.00000 -0.02641 -0.02641
0.72952 0.00000 0.72952 0.72952
0.12727 0.00000 0.12727 0.12727
1.04991 0.00000 1.04991 1.04991
-0.86419 0.00000 -0.86419 -0.86419
