# avg	std	min	max
4.03933 0.00000 4.03933 4.03933
2.57733 0.00000 2.57733 2.57733
0.92496 0.00000 0.92496 0.92496
0.30392 0.00000 0.30392 0.30392
-0.03416 0.00000 -0.03416 -0.03416
-0.17336 0.00000 -0.17336 -0.17336
0.33411 0.00000 0.33411 0.33411
-0.32792 0.00000 -0.32792 -0.32792
2.02749 0.00000 2.02749 2.02749
3.48514 0.00000 3.48514 3.48514
2.46325 0.00000 2.46325 2.46325
2.59699 0.00000 2.59699 2.59699
-0.86134 0.00000 -0.86134 -0.86134
3.54242 0.00000 3.54242 3.54242
2.37526 0.00000 2.37526 2.37526
4.20165 0.00000 4.20165 4.20165
3.63495 0.00000 3.63495 3.63495
1.53770 0.00000 1.53770 1.53770
-0.30410 0.00000 -0.30410 -0.30410
3.07059 0.00000 3.07059 3.07059
5.97493 0.00000 5.97493 5.97493
5.03632 0.00000 5.03632 5.03632
6.78339 0.00000 6.78339 6.78339
