# avg	std	min	max
1.44151 0.00000 1.44151 1.44151
0.27091 0.00000 0.27091 0.27091
0.17078 0.00000 0.17078 0.17078
-0.46165 0.00000 -0.46165 -0.46165
-0.36256 0.00000 -0.36256 -0.36256
-0.69581 0.00000 -0.69581 -0.69581
-0.28804 0.00000 -0.28804 -0.28804
0.21549 0.00000 0.21549 0.21549
-1.05153 0.00000 -1.05153 -1.05153
1.02451 0.00000 1.02451 1.02451
0.88672 0.00000 0.88672 0.88672
1.00139 0.00000 1.00139 1.00139
-0.21665 0.00000 -0.21665 -0.21665
0.78236 0.00000 0.78236 0.78236
-0.29172 0.00000 -0.29172 -0.29172
0.45685 0.00000 0.45685 0.45685
-0.39776 0.00000 -0.39776 -0.39776
-0.15061 0.00000 -0.15061 -0.15061
-0.00462 0.00000 -0.00462 -0.00462
0.68507 0.00000 0.68507 0.68507
-0.38484 0.00000 -0.38484 -0.38484
-0.68568 0.00000 -0.68568 -0.68568
-0.31985 0.00000 -0.31985 -0.31985
