# avg	std	min	max
0.73858 0.00000 0.73858 0.73858
-0.06557 0.00000 -0.06557 -0.06557
0.00641 0.00000 0.00641 0.00641
-1.28375 0.00000 -1.28375 -1.28375
-1.17928 0.00000 -1.17928 -1.17928
-2.40701 0.00000 -2.40701 -2.40701
-0.94002 0.00000 -0.94002 -0.94002
-0.89996 0.00000 -0.89996 -0.89996
2.58803 0.00000 2.58803 2.58803
-0.04305 0.00000 -0.04305 -0.04305
-0.17596 0.00000 -0.17596 -0.17596
0.44134 0.00000 0.44134 0.44134
-0.53367 0.00000 -0.53367 -0.53367
0.56043 0.00000 0.56043 0.56043
-0.03429 0.00000 -0.03429 -0.03429
0.20213 0.00000 0.20213 0.20213
-0.83406 0.00000 -0.83406 -0.83406
-0.54040 0.00000 -0.54040 -0.54040
-0.01550 0.00000 -0.01550 -0.01550
0.41145 0.00000 0.41145 0.41145
-1.12638 0.00000 -1.12638 -1.12638
0.04093 0.00000 0.04093 0.04093
-0.95556 0.00000 -0.95556 -0.95556
