# avg	std	min	max
0.96907 0.00000 0.96907 0.96907
0.07826 0.00000 0.07826 0.07826
-0.27202 0.00000 -0.27202 -0.27202
-0.93344 0.00000 -0.93344 -0.93344
-1.18181 0.00000 -1.18181 -1.18181
-1.51780 0.00000 -1.51780 -1.51780
-0.84261 0.00000 -0.84261 -0.84261
0.72094 0.00000 0.72094 0.72094
2.69396 0.00000 2.69396 2.69396
0.89970 0.00000 0.89970 0.89970
0.65217 0.00000 0.65217 0.65217
0.50056 0.00000 0.50056 0.50056
-0.63844 0.00000 -0.63844 -0.63844
0.19282 0.00000 0.19282 0.19282
-0.06186 0.00000 -0.06186 -0.06186
1.18534 0.00000 1.18534 1.18534
0.35070 0.00000 0.35070 0.35070
-1.19340 0.00000 -1.19340 -1.19340
0.05984 0.00000 0.05984 0.05984
1.02566 0.00000 1.02566 1.02566
2.38813 0.00000 2.38813 2.38813
1.87645 0.00000 1.87645 1.87645
-0.13555 0.00000 -0.13555 -0.13555
