# avg	std	min	max
0.10548 0.00000 0.10548 0.10548
0.08548 0.00000 0.08548 0.08548
0.35863 0.00000 0.35863 0.35863
0.00996 0.00000 0.00996 0.00996
0.05749 0.00000 0.05749 0.05749
0.11650 0.00000 0.11650 0.11650
-0.09649 0.00000 -0.09649 -0.09649
0.19481 0.00000 0.19481 0.19481
0.33431 0.00000 0.33431 0.33431
-0.00385 0.00000 -0.00385 -0.00385
0.31323 0.00000 0.31323 0.31323
0.00594 0.00000 0.00594 0.00594
-0.16598 0.00000 -0.16598 -0.16598
0.12471 0.00000 0.12471 0.12471
-0.08658 0.00000 -0.08658 -0.08658
0.10557 0.00000 0.10557 0.10557
-0.23213 0.00000 -0.23213 -0.23213
-0.05249 0.00000 -0.05249 -0.05249
0.03207 0.00000 0.03207 0.03207
0.19734 0.00000 0.19734 0.19734
0.06221 0.00000 0.06221 0.06221
0.49041 0.00000 0.49041 0.49041
-0.05105 0.00000 -0.05105 -0.05105
