# avg	std	min	max
0.08573 0.00000 0.08573 0.08573
0.28315 0.00000 0.28315 0.28315
0.54689 0.00000 0.54689 0.54689
0.07131 0.00000 0.07131 0.07131
0.35867 0.00000 0.35867 0.35867
-0.04546 0.00000 -0.04546 -0.04546
0.13722 0.00000 0.13722 0.13722
0.22332 0.00000 0.22332 0.22332
-0.91600 0.00000 -0.91600 -0.91600
-0.00697 0.00000 -0.00697 -0.00697
0.07418 0.00000 0.07418 0.07418
0.76922 0.00000 0.76922 0.76922
0.26117 0.00000 0.26117 0.26117
0.01750 0.00000 0.01750 0.01750
-0.02385 0.00000 -0.02385 -0.02385
-0.49195 0.00000 -0.49195 -0.49195
-0.53163 0.00000 -0.53163 -0.53163
0.44547 0.00000 0.44547 0.44547
0.56814 0.00000 0.56814 0.56814
0.98448 0.00000 0.98448 0.98448
-1.11571 0.00000 -1.11571 -1.11571
-0.19552 0.00000 -0.19552 -0.19552
-0.14467 0.00000 -0.14467 -0.14467
