# avg	std	min	max
0.92384 0.00000 0.92384 0.92384
-0.48824 0.00000 -0.48824 -0.48824
0.63497 0.00000 0.63497 0.63497
2.26459 0.00000 2.26459 2.26459
0.59499 0.00000 0.59499 0.59499
-0.45796 0.00000 -0.45796 -0.45796
0.95471 0.00000 0.95471 0.95471
3.13952 0.00000 3.13952 3.13952
4.91239 0.00000 4.91239 4.91239
-0.00520 0.00000 -0.00520 -0.00520
0.10782 0.00000 0.10782 0.10782
0.90803 0.00000 0.90803 0.90803
2.10898 0.00000 2.10898 2.10898
2.30103 0.00000 2.30103 2.30103
2.72218 0.00000 2.72218 2.72218
4.12584 0.00000 4.12584 4.12584
2.34943 0.00000 2.34943 2.34943
1.35879 0.00000 1.35879 1.35879
2.00156 0.00000 2.00156 2.00156
3.13371 0.00000 3.13371 3.13371
5.96655 0.00000 5.96655 5.96655
6.05548 0.00000 6.05548 6.05548
-0.23171 0.00000 -0.23171 -0.23171
