# avg	std	min	max
0.64818 0.00000 0.64818 0.64818
0.03163 0.00000 0.03163 0.03163
0.30955 0.00000 0.30955 0.30955
-0.34341 0.00000 -0.34341 -0.34341
-0.24395 0.00000 -0.24395 -0.24395
-0.81352 0.00000 -0.81352 -0.81352
-0.28652 0.00000 -0.28652 -0.28652
-1.49761 0.00000 -1.49761 -1.49761
2.83991 0.00000 2.83991 2.83991
-0.00013 0.00000 -0.00013 -0.00013
0.25304 0.00000 0.25304 0.25304
0.58547 0.00000 0.58547 0.58547
-0.16308 0.00000 -0.16308 -0.16308
-0.02123 0.00000 -0.02123 -0.02123
-0.43283 0.00000 -0.43283 -0.43283
0.15838 0.00000 0.15838 0.15838
-0.19032 0.00000 -0.19032 -0.19032
-0.14350 0.00000 -0.14350 -0.14350
0.12002 0.00000 0.12002 0.12002
0.36991 0.00000 0.36991 0.36991
0.03844 0.00000 0.03844 0.03844
0.09940 0.00000 0.09940 0.09940
-1.05842 0.00000 -1.05842 -1.05842
