# avg	std	min	max
0.54281 0.00000 0.54281 0.54281
0.05812 0.00000 0.05812 0.05812
-0.72698 0.00000 -0.72698 -0.72698
-0.64161 0.00000 -0.64161 -0.64161
-1.29146 0.00000 -1.29146 -1.29146
-1.16232 0.00000 -1.16232 -1.16232
-1.02916 0.00000 -1.02916 -1.02916
-1.24482 0.00000 -1.24482 -1.24482
1.30150 0.00000 1.30150 1.30150
-0.00008 0.00000 -0.00008 -0.00008
-0.61482 0.00000 -0.61482 -0.61482
-0.18553 0.00000 -0.18553 -0.18553
-0.96169 0.00000 -0.96169 -0.96169
-0.17265 0.00000 -0.17265 -0.17265
-0.68996 0.00000 -0.68996 -0.68996
-0.09292 0.00000 -0.09292 -0.09292
-0.58679 0.00000 -0.58679 -0.58679
-0.96457 0.00000 -0.96457 -0.96457
-0.73448 0.00000 -0.73448 -0.73448
-0.00185 0.00000 -0.00185 -0.00185
-0.21746 0.00000 -0.21746 -0.21746
-0.42865 0.00000 -0.42865 -0.42865
-1.63431 0.00000 -1.63431 -1.63431
