# avg	std	min	max
1.63944 0.00000 1.63944 1.63944
0.48934 0.00000 0.48934 0.48934
0.06547 0.00000 0.06547 0.06547
0.51749 0.00000 0.51749 0.51749
0.45564 0.00000 0.45564 0.45564
0.38077 0.00000 0.38077 0.38077
1.76628 0.00000 1.76628 1.76628
1.52602 0.00000 1.52602 1.52602
-1.86015 0.00000 -1.86015 -1.86015
-0.02185 0.00000 -0.02185 -0.02185
-0.03139 0.00000 -0.03139 -0.03139
0.92544 0.00000 0.92544 0.92544
2.44553 0.00000 2.44553 2.44553
2.05148 0.00000 2.05148 2.05148
1.60947 0.00000 1.60947 1.60947
2.23158 0.00000 2.23158 2.23158
3.04458 0.00000 3.04458 3.04458
1.75998 0.00000 1.75998 1.75998
2.13110 0.00000 2.13110 2.13110
2.59073 0.00000 2.59073 2.59073
4.69115 0.00000 4.69115 4.69115
5.80890 0.00000 5.80890 5.80890
1.09242 0.00000 1.09242 1.09242
