# avg	std	min	max
0.24666 0.00000 0.24666 0.24666
0.23822 0.00000 0.23822 0.23822
0.25242 0.00000 0.25242 0.25242
-0.32402 0.00000 -0.32402 -0.32402
-0.30002 0.00000 -0.30002 -0.30002
-0.52890 0.00000 -0.52890 -0.52890
-0.26844 0.00000 -0.26844 -0.26844
-0.56944 0.00000 -0.56944 -0.56944
-0.97634 0.00000 -0.97634 -0.97634
-0.00005 0.00000 -0.00005 -0.00005
-0.17385 0.00000 -0.17385 -0.17385
0.58147 0.00000 0.58147 0.58147
-0.23510 0.00000 -0.23510 -0.23510
-0.40452 0.00000 -0.40452 -0.40452
-0.34035 0.00000 -0.34035 -0.34035
-1.78498 0.00000 -1.78498 -1.78498
-0.91111 0.00000 -0.91111 -0.91111
0.09784 0.00000 0.09784 0.09784
0.40522 0.00000 0.40522 0.40522
0.46284 0.00000 0.46284 0.46284
-0.18977 0.00000 -0.18977 -0.18977
-0.17848 0.00000 -0.17848 -0.17848
-0.65142 0.00000 -0.65142 -0.65142
