# avg	std	min	max
1.28984 0.00000 1.28984 1.28984
-0.32929 0.00000 -0.32929 -0.32929
-0.28080 0.00000 -0.28080 -0.28080
-1.40011 0.00000 -1.40011 -1.40011
-0.99254 0.00000 -0.99254 -0.99254
-2.18315 0.00000 -2.18315 -2.18315
4.61279 0.00000 4.61279 4.61279
2.63463 0.00000 2.63463 2.63463
4.08068 0.00000 4.08068 4.08068
0.00444 0.00000 0.00444 0.00444
-1.21993 0.00000 -1.21993 -1.21993
0.30204 0.00000 0.30204 0.30204
2.81301 0.00000 2.81301 2.81301
1.26226 0.00000 1.26226 1.26226
1.22337 0.00000 1.22337 1.22337
3.04302 0.00000 3.04302 3.04302
1.93562 0.00000 1.93562 1.93562
2.80626 0.00000 2.80626 2.80626
2.58236 0.00000 2.58236 2.58236
1.59010 0.00000 1.59010 1.59010
4.56595 0.00000 4.56595 4.56595
4.97160 0.00000 4.97160 4.97160
8.38823 0.00000 8.38823 8.38823
