# avg	std	min	max
0.49821 0.00000 0.49821 0.49821
-0.26915 0.00000 -0.26915 -0.26915
-0.33794 0.00000 -0.33794 -0.33794
-0.67512 0.00000 -0.67512 -0.67512
-1.00781 0.00000 -1.00781 -1.00781
-1.16537 0.00000 -1.16537 -1.16537
-0.53202 0.00000 -0.53202 -0.53202
-0.83818 0.00000 -0.83818 -0.83818
1.75448 0.00000 1.75448 1.75448
0.00011 0.00000 0.00011 0.00011
-0.20812 0.00000 -0.20812 -0.20812
0.13927 0.00000 0.13927 0.13927
-0.51965 0.00000 -0.51965 -0.51965
-0.43637 0.00000 -0.43637 -0.43637
-0.33888 0.00000 -0.33888 -0.33888
0.01084 0.00000 0.01084 0.01084
-0.39237 0.00000 -0.39237 -0.39237
-0.65403 0.00000 -0.65403 -0.65403
-0.59886 0.00000 -0.59886 -0.59886
-0.13719 0.00000 -0.13719 -0.13719
-0.04885 0.00000 -0.04885 -0.04885
-0.04065 0.00000 -0.04065 -0.04065
-0.75649 0.00000 -0.75649 -0.75649
