# avg	std	min	max
0.98910 0.00000 0.98910 0.98910
0.56330 0.00000 0.56330 0.56330
0.62812 0.00000 0.62812 0.62812
-0.62169 0.00000 -0.62169 -0.62169
-0.38808 0.00000 -0.38808 -0.38808
-0.48117 0.00000 -0.48117 -0.48117
2.13251 0.00000 2.13251 2.13251
2.00226 0.00000 2.00226 2.00226
-1.09583 0.00000 -1.09583 -1.09583
-0.00371 0.00000 -0.00371 -0.00371
0.08983 0.00000 0.08983 0.08983
1.06213 0.00000 1.06213 1.06213
1.24736 0.00000 1.24736 1.24736
0.03399 0.00000 0.03399 0.03399
0.89326 0.00000 0.89326 0.89326
-1.88273 0.00000 -1.88273 -1.88273
-1.64251 0.00000 -1.64251 -1.64251
0.77976 0.00000 0.77976 0.77976
0.20762 0.00000 0.20762 0.20762
1.97378 0.00000 1.97378 1.97378
-0.99707 0.00000 -0.99707 -0.99707
0.16880 0.00000 0.16880 0.16880
1.64409 0.00000 1.64409 1.64409
