# avg	std	min	max
0.85195 0.00000 0.85195 0.85195
-0.13735 0.00000 -0.13735 -0.13735
0.26586 0.00000 0.26586 0.26586
-2.40710 0.00000 -2.40710 -2.40710
-0.79838 0.00000 -0.79838 -0.79838
-2.75976 0.00000 -2.75976 -2.75976
-1.35475 0.00000 -1.35475 -1.35475
-1.72211 0.00000 -1.72211 -1.72211
4.67820 0.00000 4.67820 4.67820
-0.00038 0.00000 -0.00038 -0.00038
-0.25974 0.00000 -0.25974 -0.25974
-0.10692 0.00000 -0.10692 -0.10692
-1.21937 0.00000 -1.21937 -1.21937
-0.30072 0.00000 -0.30072 -0.30072
-0.76843 0.00000 -0.76843 -0.76843
0.46334 0.00000 0.46334 0.46334
-0.54541 0.00000 -0.54541 -0.54541
-1.25630 0.00000 -1.25630 -1.25630
-0.74417 0.00000 -0.74417 -0.74417
-0.02892 0.00000 -0.02892 -0.02892
0.38835 0.00000 0.38835 0.38835
0.70783 0.00000 0.70783 0.70783
-1.88881 0.00000 -1.88881 -1.88881
