# avg	std	min	max
0.20319 0.00000 0.20319 0.20319
0.03521 0.00000 0.03521 0.03521
-0.10622 0.00000 -0.10622 -0.10622
-0.58359 0.00000 -0.58359 -0.58359
-0.45209 0.00000 -0.45209 -0.45209
-0.60088 0.00000 -0.60088 -0.60088
-0.22442 0.00000 -0.22442 -0.22442
0.04188 0.00000 0.04188 0.04188
1.50955 0.00000 1.50955 1.50955
-0.41794 0.00000 -0.41794 -0.41794
0.00004 0.00000 0.00004 0.00004
-0.45117 0.00000 -0.45117 -0.45117
-0.11576 0.00000 -0.11576 -0.11576
-0.25186 0.00000 -0.25186 -0.25186
-0.43201 0.00000 -0.43201 -0.43201
0.24463 0.00000 0.24463 0.24463
0.00147 0.00000 0.00147 0.00147
-0.64092 0.00000 -0.64092 -0.64092
-0.33658 0.00000 -0.33658 -0.33658
-0.12393 0.00000 -0.12393 -0.12393
0.27367 0.00000 0.27367 0.27367
0.49911 0.00000 0.49911 0.49911
0.00247 0.00000 0.00247 0.00247
