# avg	std	min	max
1.30226 0.00000 1.30226 1.30226
-0.27447 0.00000 -0.27447 -0.27447
-1.96478 0.00000 -1.96478 -1.96478
-3.05196 0.00000 -3.05196 -3.05196
-1.25161 0.00000 -1.25161 -1.25161
-2.51722 0.00000 -2.51722 -2.51722
0.36779 0.00000 0.36779 0.36779
-1.14445 0.00000 -1.14445 -1.14445
2.06692 0.00000 2.06692 2.06692
0.36895 0.00000 0.36895 0.36895
-0.00389 0.00000 -0.00389 -0.00389
-0.41225 0.00000 -0.41225 -0.41225
1.69829 0.00000 1.69829 1.69829
0.51455 0.00000 0.51455 0.51455
-0.55608 0.00000 -0.55608 -0.55608
1.16591 0.00000 1.16591 1.16591
-0.44741 0.00000 -0.44741 -0.44741
-1.04844 0.00000 -1.04844 -1.04844
-0.47389 0.00000 -0.47389 -0.47389
0.65396 0.00000 0.65396 0.65396
1.66543 0.00000 1.66543 1.66543
1.30305 0.00000 1.30305 1.30305
-0.28155 0.00000 -0.28155 -0.28155
