# avg	std	min	max
1.36673 0.00000 1.36673 1.36673
0.07954 0.00000 0.07954 0.07954
-0.56750 0.00000 -0.56750 -0.56750
-1.80598 0.00000 -1.80598 -1.80598
-1.39657 0.00000 -1.39657 -1.39657
-2.18855 0.00000 -2.18855 -2.18855
-1.11238 0.00000 -1.11238 -1.11238
-0.22622 0.00000 -0.22622 -0.22622
1.24587 0.00000 1.24587 1.24587
0.32150 0.00000 0.32150 0.32150
-0.00202 0.00000 -0.00202 -0.00202
0.26367 0.00000 0.26367 0.26367
-0.76253 0.00000 -0.76253 -0.76253
0.55615 0.00000 0.55615 0.55615
0.11545 0.00000 0.11545 0.11545
0.51738 0.00000 0.51738 0.51738
-0.22206 0.00000 -0.22206 -0.22206
-0.60649 0.00000 -0.60649 -0.60649
-0.30909 0.00000 -0.30909 -0.30909
0.10714 0.00000 0.10714 0.10714
0.90697 0.00000 0.90697 0.90697
0.77091 0.00000 0.77091 0.77091
-0.98407 0.00000 -0.98407 -0.98407
