# avg	std	min	max
0.91220 0.00000 0.91220 0.91220
0.46181 0.00000 0.46181 0.46181
-0.11107 0.00000 -0.11107 -0.11107
-0.54023 0.00000 -0.54023 -0.54023
-0.46594 0.00000 -0.46594 -0.46594
-0.41654 0.00000 -0.41654 -0.41654
-0.02067 0.00000 -0.02067 -0.02067
0.32857 0.00000 0.32857 0.32857
0.80138 0.00000 0.80138 0.80138
0.67552 0.00000 0.67552 0.67552
0.00006 0.00000 0.00006 0.00006
0.10808 0.00000 0.10808 0.10808
0.11754 0.00000 0.11754 0.11754
0.37408 0.00000 0.37408 0.37408
0.18589 0.00000 0.18589 0.18589
0.42241 0.00000 0.42241 0.42241
0.06649 0.00000 0.06649 0.06649
-0.27744 0.00000 -0.27744 -0.27744
-0.04691 0.00000 -0.04691 -0.04691
0.53807 0.00000 0.53807 0.53807
-0.03901 0.00000 -0.03901 -0.03901
0.01224 0.00000 0.01224 0.01224
-0.08528 0.00000 -0.08528 -0.08528
