# avg	std	min	max
0.48773 0.00000 0.48773 0.48773
-0.06693 0.00000 -0.06693 -0.06693
0.30092 0.00000 0.30092 0.30092
-0.17112 0.00000 -0.17112 -0.17112
-0.26062 0.00000 -0.26062 -0.26062
-0.40118 0.00000 -0.40118 -0.40118
-0.51070 0.00000 -0.51070 -0.51070
-0.64394 0.00000 -0.64394 -0.64394
0.43720 0.00000 0.43720 0.43720
0.28286 0.00000 0.28286 0.28286
-0.01724 0.00000 -0.01724 -0.01724
0.61213 0.00000 0.61213 0.61213
-0.41836 0.00000 -0.41836 -0.41836
0.28719 0.00000 0.28719 0.28719
-0.48231 0.00000 -0.48231 -0.48231
-0.47717 0.00000 -0.47717 -0.47717
-1.23314 0.00000 -1.23314 -1.23314
-0.21495 0.00000 -0.21495 -0.21495
0.13969 0.00000 0.13969 0.13969
0.25911 0.00000 0.25911 0.25911
-0.26137 0.00000 -0.26137 -0.26137
-0.55623 0.00000 -0.55623 -0.55623
-0.73146 0.00000 -0.73146 -0.73146
