# avg	std	min	max
2.04887 0.00000 2.04887 2.04887
1.63568 0.00000 1.63568 1.63568
1.30423 0.00000 1.30423 1.30423
0.40146 0.00000 0.40146 0.40146
0.39854 0.00000 0.39854 0.39854
-0.13899 0.00000 -0.13899 -0.13899
0.48563 0.00000 0.48563 0.48563
1.04081 0.00000 1.04081 1.04081
2.44598 0.00000 2.44598 2.44598
0.55435 0.00000 0.55435 0.55435
-0.00765 0.00000 -0.00765 -0.00765
1.32299 0.00000 1.32299 1.32299
1.20599 0.00000 1.20599 1.20599
1.04135 0.00000 1.04135 1.04135
0.78655 0.00000 0.78655 0.78655
0.20714 0.00000 0.20714 0.20714
0.08766 0.00000 0.08766 0.08766
1.65726 0.00000 1.65726 1.65726
2.07824 0.00000 2.07824 2.07824
1.04545 0.00000 1.04545 1.04545
0.12163 0.00000 0.12163 0.12163
2.59362 0.00000 2.59362 2.59362
0.02522 0.00000 0.02522 0.02522
