# avg	std	min	max
0.29989 0.00000 0.29989 0.29989
-0.78008 0.00000 -0.78008 -0.78008
0.85857 0.00000 0.85857 0.85857
-1.30606 0.00000 -1.30606 -1.30606
0.46716 0.00000 0.46716 0.46716
-1.64600 0.00000 -1.64600 -1.64600
-0.91531 0.00000 -0.91531 -0.91531
-1.20379 0.00000 -1.20379 -1.20379
5.15431 0.00000 5.15431 5.15431
-0.48220 0.00000 -0.48220 -0.48220
-0.00060 0.00000 -0.00060 -0.00060
0.06047 0.00000 0.06047 0.06047
-0.72881 0.00000 -0.72881 -0.72881
0.40376 0.00000 0.40376 0.40376
-0.50322 0.00000 -0.50322 -0.50322
0.77004 0.00000 0.77004 0.77004
-0.45035 0.00000 -0.45035 -0.45035
-0.87934 0.00000 -0.87934 -0.87934
-1.27700 0.00000 -1.27700 -1.27700
0.15385 0.00000 0.15385 0.15385
0.20164 0.00000 0.20164 0.20164
4.91114 0.00000 4.91114 4.91114
-1.13483 0.00000 -1.13483 -1.13483
