# avg	std	min	max
1.18968 0.00000 1.18968 1.18968
-0.26640 0.00000 -0.26640 -0.26640
-1.60414 0.00000 -1.60414 -1.60414
0.25446 0.00000 0.25446 0.25446
-2.56671 0.00000 -2.56671 -2.56671
-2.78538 0.00000 -2.78538 -2.78538
11.43196 0.00000 11.43196 11.43196
16.08270 0.00000 16.08270 16.08270
5.08954 0.00000 5.08954 5.08954
0.76723 0.00000 0.76723 0.76723
0.00059 0.00000 0.00059 0.00059
0.19931 0.00000 0.19931 0.19931
21.56806 0.00000 21.56806 21.56806
1.83000 0.00000 1.83000 1.83000
0.57178 0.00000 0.57178 0.57178
3.53546 0.00000 3.53546 3.53546
1.26819 0.00000 1.26819 1.26819
1.59780 0.00000 1.59780 1.59780
1.82695 0.00000 1.82695 1.82695
9.70524 0.00000 9.70524 9.70524
5.47339 0.00000 5.47339 5.47339
4.89937 0.00000 4.89937 4.89937
27.42340 0.00000 27.42340 27.42340
