# avg	std	min	max
0.57947 0.00000 0.57947 0.57947
-0.20572 0.00000 -0.20572 -0.20572
0.19058 0.00000 0.19058 0.19058
-0.77514 0.00000 -0.77514 -0.77514
-0.86648 0.00000 -0.86648 -0.86648
-1.40329 0.00000 -1.40329 -1.40329
-0.94031 0.00000 -0.94031 -0.94031
-1.16981 0.00000 -1.16981 -1.16981
2.80820 0.00000 2.80820 2.80820
-0.20329 0.00000 -0.20329 -0.20329
0.00081 0.00000 0.00081 0.00081
0.44373 0.00000 0.44373 0.44373
-0.90310 0.00000 -0.90310 -0.90310
-0.50786 0.00000 -0.50786 -0.50786
-0.61056 0.00000 -0.61056 -0.61056
0.01624 0.00000 0.01624 0.01624
-0.40854 0.00000 -0.40854 -0.40854
-0.60329 0.00000 -0.60329 -0.60329
-0.97516 0.00000 -0.97516 -0.97516
-0.48657 0.00000 -0.48657 -0.48657
-0.02769 0.00000 -0.02769 -0.02769
-0.02291 0.00000 -0.02291 -0.02291
-1.32222 0.00000 -1.32222 -1.32222
