# avg	std	min	max
0.75056 0.00000 0.75056 0.75056
-0.49355 0.00000 -0.49355 -0.49355
-0.34078 0.00000 -0.34078 -0.34078
-1.15621 0.00000 -1.15621 -1.15621
-1.09166 0.00000 -1.09166 -1.09166
-1.93623 0.00000 -1.93623 -1.93623
-0.10420 0.00000 -0.10420 -0.10420
-0.30235 0.00000 -0.30235 -0.30235
3.78836 0.00000 3.78836 3.78836
-0.11145 0.00000 -0.11145 -0.11145
-0.00039 0.00000 -0.00039 -0.00039
0.54234 0.00000 0.54234 0.54234
-0.36042 0.00000 -0.36042 -0.36042
0.52183 0.00000 0.52183 0.52183
-0.39853 0.00000 -0.39853 -0.39853
0.10004 0.00000 0.10004 0.10004
-0.57076 0.00000 -0.57076 -0.57076
-0.61224 0.00000 -0.61224 -0.61224
-0.08011 0.00000 -0.08011 -0.08011
0.23361 0.00000 0.23361 0.23361
-0.09525 0.00000 -0.09525 -0.09525
0.19645 0.00000 0.19645 0.19645
-0.71307 0.00000 -0.71307 -0.71307
