# avg	std	min	max
2.38107 0.00000 2.38107 2.38107
1.27298 0.00000 1.27298 1.27298
1.21573 0.00000 1.21573 1.21573
2.17460 0.00000 2.17460 2.17460
0.92490 0.00000 0.92490 0.92490
0.55136 0.00000 0.55136 0.55136
8.81584 0.00000 8.81584 8.81584
12.25472 0.00000 12.25472 12.25472
6.06609 0.00000 6.06609 6.06609
0.80288 0.00000 0.80288 0.80288
-0.00120 0.00000 -0.00120 -0.00120
1.04804 0.00000 1.04804 1.04804
13.48878 0.00000 13.48878 13.48878
2.80201 0.00000 2.80201 2.80201
2.28073 0.00000 2.28073 2.28073
2.91891 0.00000 2.91891 2.91891
1.70313 0.00000 1.70313 1.70313
3.17994 0.00000 3.17994 3.17994
2.64645 0.00000 2.64645 2.64645
6.02760 0.00000 6.02760 6.02760
4.56105 0.00000 4.56105 4.56105
5.25346 0.00000 5.25346 5.25346
15.21518 0.00000 15.21518 15.21518
