# avg	std	min	max
0.59324 0.00000 0.59324 0.59324
-0.45387 0.00000 -0.45387 -0.45387
0.20471 0.00000 0.20471 0.20471
-1.77436 0.00000 -1.77436 -1.77436
-0.73182 0.00000 -0.73182 -0.73182
-1.85045 0.00000 -1.85045 -1.85045
-1.80543 0.00000 -1.80543 -1.80543
-1.85066 0.00000 -1.85066 -1.85066
5.55986 0.00000 5.55986 5.55986
0.46023 0.00000 0.46023 0.46023
0.00149 0.00000 0.00149 0.00149
0.00749 0.00000 0.00749 0.00749
-1.73031 0.00000 -1.73031 -1.73031
-0.00935 0.00000 -0.00935 -0.00935
-1.14245 0.00000 -1.14245 -1.14245
0.03657 0.00000 0.03657 0.03657
-0.82144 0.00000 -0.82144 -0.82144
-1.28741 0.00000 -1.28741 -1.28741
-0.93909 0.00000 -0.93909 -0.93909
-0.62660 0.00000 -0.62660 -0.62660
-0.00214 0.00000 -0.00214 -0.00214
0.30373 0.00000 0.30373 0.30373
-2.04244 0.00000 -2.04244 -2.04244
