# avg	std	min	max
0.30959 0.00000 0.30959 0.30959
0.50848 0.00000 0.50848 0.50848
0.00026 0.00000 0.00026 0.00026
-0.69058 0.00000 -0.69058 -0.69058
-0.45319 0.00000 -0.45319 -0.45319
-1.96234 0.00000 -1.96234 -1.96234
-0.75104 0.00000 -0.75104 -0.75104
0.39032 0.00000 0.39032 0.39032
0.00730 0.00000 0.00730 0.00730
0.89128 0.00000 0.89128 0.89128
0.37220 0.00000 0.37220 0.37220
-0.20125 0.00000 -0.20125 -0.20125
-0.04284 0.00000 -0.04284 -0.04284
-0.26518 0.00000 -0.26518 -0.26518
0.01076 0.00000 0.01076 0.01076
0.38159 0.00000 0.38159 0.38159
-0.33878 0.00000 -0.33878 -0.33878
0.14020 0.00000 0.14020 0.14020
0.74806 0.00000 0.74806 0.74806
-0.31218 0.00000 -0.31218 -0.31218
0.56313 0.00000 0.56313 0.56313
1.52388 0.00000 1.52388 1.52388
-1.06102 0.00000 -1.06102 -1.06102
