# avg	std	min	max
2.74717 0.00000 2.74717 2.74717
1.26109 0.00000 1.26109 1.26109
0.00371 0.00000 0.00371 0.00371
-1.11529 0.00000 -1.11529 -1.11529
-1.23922 0.00000 -1.23922 -1.23922
-1.30298 0.00000 -1.30298 -1.30298
-0.10312 0.00000 -0.10312 -0.10312
0.01595 0.00000 0.01595 0.01595
4.63897 0.00000 4.63897 4.63897
1.56463 0.00000 1.56463 1.56463
0.25144 0.00000 0.25144 0.25144
1.48062 0.00000 1.48062 1.48062
-0.01644 0.00000 -0.01644 -0.01644
1.78489 0.00000 1.78489 1.78489
0.99513 0.00000 0.99513 0.99513
2.40456 0.00000 2.40456 2.40456
1.15711 0.00000 1.15711 1.15711
0.32906 0.00000 0.32906 0.32906
0.71189 0.00000 0.71189 0.71189
1.31380 0.00000 1.31380 1.31380
2.59033 0.00000 2.59033 2.59033
1.95851 0.00000 1.95851 1.95851
-0.38853 0.00000 -0.38853 -0.38853
