# avg	std	min	max
1.40550 0.00000 1.40550 1.40550
0.62871 0.00000 0.62871 0.62871
-0.00550 0.00000 -0.00550 -0.00550
-0.18285 0.00000 -0.18285 -0.18285
-0.60545 0.00000 -0.60545 -0.60545
-1.12398 0.00000 -1.12398 -1.12398
0.03197 0.00000 0.03197 0.03197
0.16591 0.00000 0.16591 0.16591
3.53585 0.00000 3.53585 3.53585
0.71179 0.00000 0.71179 0.71179
0.01120 0.00000 0.01120 0.01120
0.55452 0.00000 0.55452 0.55452
0.12482 0.00000 0.12482 0.12482
0.16964 0.00000 0.16964 0.16964
0.30974 0.00000 0.30974 0.30974
1.51238 0.00000 1.51238 1.51238
0.24407 0.00000 0.24407 0.24407
-0.41079 0.00000 -0.41079 -0.41079
-0.11815 0.00000 -0.11815 -0.11815
0.83159 0.00000 0.83159 0.83159
0.52451 0.00000 0.52451 0.52451
1.38115 0.00000 1.38115 1.38115
-0.17132 0.00000 -0.17132 -0.17132
