# avg	std	min	max
1.91225 0.00000 1.91225 1.91225
0.57521 0.00000 0.57521 0.57521
-0.00003 0.00000 -0.00003 -0.00003
-0.99991 0.00000 -0.99991 -0.99991
-0.95797 0.00000 -0.95797 -0.95797
-1.01296 0.00000 -1.01296 -1.01296
-0.24536 0.00000 -0.24536 -0.24536
-0.58746 0.00000 -0.58746 -0.58746
3.99160 0.00000 3.99160 3.99160
0.63247 0.00000 0.63247 0.63247
0.74182 0.00000 0.74182 0.74182
0.92615 0.00000 0.92615 0.92615
-0.10214 0.00000 -0.10214 -0.10214
0.40103 0.00000 0.40103 0.40103
-0.36124 0.00000 -0.36124 -0.36124
1.26984 0.00000 1.26984 1.26984
0.27836 0.00000 0.27836 0.27836
-0.41360 0.00000 -0.41360 -0.41360
-0.21246 0.00000 -0.21246 -0.21246
0.50493 0.00000 0.50493 0.50493
1.10952 0.00000 1.10952 1.10952
0.82498 0.00000 0.82498 0.82498
-1.31779 0.00000 -1.31779 -1.31779
