# avg	std	min	max
3.43730 0.00000 3.43730 3.43730
2.31003 0.00000 2.31003 2.31003
-0.00117 0.00000 -0.00117 -0.00117
0.20889 0.00000 0.20889 0.20889
0.91948 0.00000 0.91948 0.91948
-0.10578 0.00000 -0.10578 -0.10578
-0.35764 0.00000 -0.35764 -0.35764
0.89173 0.00000 0.89173 0.89173
5.12475 0.00000 5.12475 5.12475
3.36109 0.00000 3.36109 3.36109
2.27352 0.00000 2.27352 2.27352
1.58740 0.00000 1.58740 1.58740
0.18968 0.00000 0.18968 0.18968
2.81561 0.00000 2.81561 2.81561
1.99721 0.00000 1.99721 1.99721
3.53220 0.00000 3.53220 3.53220
2.91569 0.00000 2.91569 2.91569
1.88071 0.00000 1.88071 1.88071
2.22652 0.00000 2.22652 2.22652
2.25321 0.00000 2.25321 2.25321
5.68284 0.00000 5.68284 5.68284
9.31620 0.00000 9.31620 9.31620
6.40824 0.00000 6.40824 6.40824
