# avg	std	min	max
3.95639 0.00000 3.95639 3.95639
2.57688 0.00000 2.57688 2.57688
-0.00979 0.00000 -0.00979 -0.00979
1.58654 0.00000 1.58654 1.58654
0.09208 0.00000 0.09208 0.09208
1.60941 0.00000 1.60941 1.60941
2.07674 0.00000 2.07674 2.07674
3.11813 0.00000 3.11813 3.11813
5.05511 0.00000 5.05511 5.05511
3.18346 0.00000 3.18346 3.18346
2.16203 0.00000 2.16203 2.16203
2.06614 0.00000 2.06614 2.06614
3.08856 0.00000 3.08856 3.08856
2.61428 0.00000 2.61428 2.61428
2.90360 0.00000 2.90360 2.90360
4.38911 0.00000 4.38911 4.38911
3.30650 0.00000 3.30650 3.30650
1.70487 0.00000 1.70487 1.70487
0.98836 0.00000 0.98836 0.98836
4.68542 0.00000 4.68542 4.68542
5.84784 0.00000 5.84784 5.84784
6.61657 0.00000 6.61657 6.61657
2.89421 0.00000 2.89421 2.89421
