# avg	std	min	max
3.59972 0.00000 3.59972 3.59972
2.13427 0.00000 2.13427 2.13427
-0.00033 0.00000 -0.00033 -0.00033
0.48129 0.00000 0.48129 0.48129
-0.27167 0.00000 -0.27167 -0.27167
-0.87261 0.00000 -0.87261 -0.87261
1.24071 0.00000 1.24071 1.24071
6.50870 0.00000 6.50870 6.50870
1.88706 0.00000 1.88706 1.88706
2.91219 0.00000 2.91219 2.91219
1.47032 0.00000 1.47032 1.47032
2.01544 0.00000 2.01544 2.01544
2.13468 0.00000 2.13468 2.13468
3.06891 0.00000 3.06891 3.06891
2.31122 0.00000 2.31122 2.31122
2.86992 0.00000 2.86992 2.86992
2.10182 0.00000 2.10182 2.10182
1.35417 0.00000 1.35417 1.35417
3.90960 0.00000 3.90960 3.90960
2.61715 0.00000 2.61715 2.61715
5.52320 0.00000 5.52320 5.52320
8.77024 0.00000 8.77024 8.77024
14.61824 0.00000 14.61824 14.61824
