# avg	std	min	max
3.94057 0.00000 3.94057 3.94057
2.11889 0.00000 2.11889 2.11889
-0.00130 0.00000 -0.00130 -0.00130
-0.30607 0.00000 -0.30607 -0.30607
-1.06867 0.00000 -1.06867 -1.06867
-0.87466 0.00000 -0.87466 -0.87466
4.89537 0.00000 4.89537 4.89537
2.93399 0.00000 2.93399 2.93399
4.08671 0.00000 4.08671 4.08671
2.87457 0.00000 2.87457 2.87457
1.46489 0.00000 1.46489 1.46489
1.21648 0.00000 1.21648 1.21648
3.93222 0.00000 3.93222 3.93222
2.10518 0.00000 2.10518 2.10518
1.51548 0.00000 1.51548 1.51548
2.99565 0.00000 2.99565 2.99565
2.00727 0.00000 2.00727 2.00727
0.94465 0.00000 0.94465 0.94465
1.59021 0.00000 1.59021 1.59021
6.51520 0.00000 6.51520 6.51520
4.38006 0.00000 4.38006 4.38006
4.95046 0.00000 4.95046 4.95046
3.24578 0.00000 3.24578 3.24578
