# avg	std	min	max
0.52225 0.00000 0.52225 0.52225
-0.21912 0.00000 -0.21912 -0.21912
0.00060 0.00000 0.00060 0.00060
-0.62758 0.00000 -0.62758 -0.62758
-0.54274 0.00000 -0.54274 -0.54274
-1.12404 0.00000 -1.12404 -1.12404
-0.98776 0.00000 -0.98776 -0.98776
-1.33833 0.00000 -1.33833 -1.33833
3.15442 0.00000 3.15442 3.15442
-0.00801 0.00000 -0.00801 -0.00801
-0.06443 0.00000 -0.06443 -0.06443
0.51452 0.00000 0.51452 0.51452
-0.87107 0.00000 -0.87107 -0.87107
0.08157 0.00000 0.08157 0.08157
-0.55040 0.00000 -0.55040 -0.55040
-0.02441 0.00000 -0.02441 -0.02441
-0.42501 0.00000 -0.42501 -0.42501
-0.46361 0.00000 -0.46361 -0.46361
-0.52071 0.00000 -0.52071 -0.52071
0.02548 0.00000 0.02548 0.02548
0.11392 0.00000 0.11392 0.11392
-0.07127 0.00000 -0.07127 -0.07127
-1.36481 0.00000 -1.36481 -1.36481
