# avg	std	min	max
0.73807 0.00000 0.73807 0.73807
0.01577 0.00000 0.01577 0.01577
0.00311 0.00000 0.00311 0.00311
-1.49074 0.00000 -1.49074 -1.49074
-0.97620 0.00000 -0.97620 -0.97620
-1.45102 0.00000 -1.45102 -1.45102
-0.97168 0.00000 -0.97168 -0.97168
-1.12513 0.00000 -1.12513 -1.12513
3.61192 0.00000 3.61192 3.61192
-0.00259 0.00000 -0.00259 -0.00259
-0.15901 0.00000 -0.15901 -0.15901
0.34600 0.00000 0.34600 0.34600
-0.99405 0.00000 -0.99405 -0.99405
-0.15705 0.00000 -0.15705 -0.15705
-0.51538 0.00000 -0.51538 -0.51538
0.23665 0.00000 0.23665 0.23665
-0.24023 0.00000 -0.24023 -0.24023
-0.68685 0.00000 -0.68685 -0.68685
-0.29789 0.00000 -0.29789 -0.29789
-0.11342 0.00000 -0.11342 -0.11342
0.08334 0.00000 0.08334 0.08334
0.42151 0.00000 0.42151 0.42151
-1.44902 0.00000 -1.44902 -1.44902
