# avg	std	min	max
1.08585 0.00000 1.08585 1.08585
0.14201 0.00000 0.14201 0.14201
-0.00549 0.00000 -0.00549 -0.00549
-1.45680 0.00000 -1.45680 -1.45680
-0.76506 0.00000 -0.76506 -0.76506
-1.40615 0.00000 -1.40615 -1.40615
-1.07725 0.00000 -1.07725 -1.07725
-1.59898 0.00000 -1.59898 -1.59898
3.08614 0.00000 3.08614 3.08614
0.32906 0.00000 0.32906 0.32906
0.40566 0.00000 0.40566 0.40566
0.34450 0.00000 0.34450 0.34450
-0.62777 0.00000 -0.62777 -0.62777
-0.42423 0.00000 -0.42423 -0.42423
-0.33736 0.00000 -0.33736 -0.33736
0.47683 0.00000 0.47683 0.47683
-0.38940 0.00000 -0.38940 -0.38940
-0.84365 0.00000 -0.84365 -0.84365
-0.65618 0.00000 -0.65618 -0.65618
-0.05837 0.00000 -0.05837 -0.05837
0.28641 0.00000 0.28641 0.28641
1.17555 0.00000 1.17555 1.17555
-0.32654 0.00000 -0.32654 -0.32654
