# avg	std	min	max
2.86261 0.00000 2.86261 2.86261
1.18715 0.00000 1.18715 1.18715
0.01329 0.00000 0.01329 0.01329
-0.92414 0.00000 -0.92414 -0.92414
-0.40512 0.00000 -0.40512 -0.40512
-1.21187 0.00000 -1.21187 -1.21187
-0.87533 0.00000 -0.87533 -0.87533
-1.23071 0.00000 -1.23071 -1.23071
4.31564 0.00000 4.31564 4.31564
1.67368 0.00000 1.67368 1.67368
1.50285 0.00000 1.50285 1.50285
1.31174 0.00000 1.31174 1.31174
-0.56665 0.00000 -0.56665 -0.56665
1.28185 0.00000 1.28185 1.28185
1.23179 0.00000 1.23179 1.23179
2.06282 0.00000 2.06282 2.06282
1.27266 0.00000 1.27266 1.27266
0.81330 0.00000 0.81330 0.81330
1.07044 0.00000 1.07044 1.07044
0.42820 0.00000 0.42820 0.42820
3.27600 0.00000 3.27600 3.27600
2.78497 0.00000 2.78497 2.78497
-1.49465 0.00000 -1.49465 -1.49465
