# avg	std	min	max
0.21309 0.00000 0.21309 0.21309
0.06616 0.00000 0.06616 0.06616
-0.00029 0.00000 -0.00029 -0.00029
-0.68018 0.00000 -0.68018 -0.68018
-0.31763 0.00000 -0.31763 -0.31763
-0.56251 0.00000 -0.56251 -0.56251
-0.44316 0.00000 -0.44316 -0.44316
0.04206 0.00000 0.04206 0.04206
4.59659 0.00000 4.59659 4.59659
-0.22436 0.00000 -0.22436 -0.22436
-0.37872 0.00000 -0.37872 -0.37872
0.32084 0.00000 0.32084 0.32084
-0.41620 0.00000 -0.41620 -0.41620
-0.37852 0.00000 -0.37852 -0.37852
-0.35400 0.00000 -0.35400 -0.35400
0.57408 0.00000 0.57408 0.57408
-0.22390 0.00000 -0.22390 -0.22390
-0.71924 0.00000 -0.71924 -0.71924
-0.75586 0.00000 -0.75586 -0.75586
0.19929 0.00000 0.19929 0.19929
0.64548 0.00000 0.64548 0.64548
0.46672 0.00000 0.46672 0.46672
-0.44914 0.00000 -0.44914 -0.44914
