# avg	std	min	max
1.38818 0.00000 1.38818 1.38818
0.33147 0.00000 0.33147 0.33147
-0.00540 0.00000 -0.00540 -0.00540
-0.81280 0.00000 -0.81280 -0.81280
-0.32829 0.00000 -0.32829 -0.32829
-1.11885 0.00000 -1.11885 -1.11885
-0.08105 0.00000 -0.08105 -0.08105
-0.28899 0.00000 -0.28899 -0.28899
3.85828 0.00000 3.85828 3.85828
1.39958 0.00000 1.39958 1.39958
0.71526 0.00000 0.71526 0.71526
0.74315 0.00000 0.74315 0.74315
0.07196 0.00000 0.07196 0.07196
0.24999 0.00000 0.24999 0.24999
0.08036 0.00000 0.08036 0.08036
1.10995 0.00000 1.10995 1.10995
0.30571 0.00000 0.30571 0.30571
-0.29213 0.00000 -0.29213 -0.29213
-0.01380 0.00000 -0.01380 -0.01380
0.05512 0.00000 0.05512 0.05512
1.29497 0.00000 1.29497 1.29497
0.97036 0.00000 0.97036 0.97036
-0.21649 0.00000 -0.21649 -0.21649
