# avg	std	min	max
4.16106 0.00000 4.16106 4.16106
3.00327 0.00000 3.00327 3.00327
0.00369 0.00000 0.00369 0.00369
-0.63035 0.00000 -0.63035 -0.63035
-0.14139 0.00000 -0.14139 -0.14139
1.13767 0.00000 1.13767 1.13767
2.98843 0.00000 2.98843 2.98843
3.22195 0.00000 3.22195 3.22195
4.07057 0.00000 4.07057 4.07057
3.63718 0.00000 3.63718 3.63718
1.76214 0.00000 1.76214 1.76214
2.26346 0.00000 2.26346 2.26346
2.64413 0.00000 2.64413 2.64413
2.92771 0.00000 2.92771 2.92771
1.97105 0.00000 1.97105 1.97105
2.49835 0.00000 2.49835 2.49835
2.15890 0.00000 2.15890 2.15890
1.44732 0.00000 1.44732 1.44732
1.84155 0.00000 1.84155 1.84155
4.60901 0.00000 4.60901 4.60901
5.11816 0.00000 5.11816 5.11816
4.90569 0.00000 4.90569 4.90569
4.02947 0.00000 4.02947 4.02947
