# avg	std	min	max
1.71231 0.00000 1.71231 1.71231
1.15002 0.00000 1.15002 1.15002
-0.00138 0.00000 -0.00138 -0.00138
0.16151 0.00000 0.16151 0.16151
-0.21737 0.00000 -0.21737 -0.21737
-0.17065 0.00000 -0.17065 -0.17065
-0.17696 0.00000 -0.17696 -0.17696
0.19257 0.00000 0.19257 0.19257
3.51601 0.00000 3.51601 3.51601
1.04564 0.00000 1.04564 1.04564
0.53460 0.00000 0.53460 0.53460
0.85493 0.00000 0.85493 0.85493
-0.42885 0.00000 -0.42885 -0.42885
0.98896 0.00000 0.98896 0.98896
0.12040 0.00000 0.12040 0.12040
0.99085 0.00000 0.99085 0.99085
0.56393 0.00000 0.56393 0.56393
0.19271 0.00000 0.19271 0.19271
0.47283 0.00000 0.47283 0.47283
0.87356 0.00000 0.87356 0.87356
0.67741 0.00000 0.67741 0.67741
0.32244 0.00000 0.32244 0.32244
-0.24276 0.00000 -0.24276 -0.24276
