# avg	std	min	max
2.04898 0.00000 2.04898 2.04898
0.91736 0.00000 0.91736 0.91736
-0.01739 0.00000 -0.01739 -0.01739
0.59149 0.00000 0.59149 0.59149
-0.05318 0.00000 -0.05318 -0.05318
0.14936 0.00000 0.14936 0.14936
0.77886 0.00000 0.77886 0.77886
0.74673 0.00000 0.74673 0.74673
2.09663 0.00000 2.09663 2.09663
1.97440 0.00000 1.97440 1.97440
1.16538 0.00000 1.16538 1.16538
1.03951 0.00000 1.03951 1.03951
0.89276 0.00000 0.89276 0.89276
1.47553 0.00000 1.47553 1.47553
0.60997 0.00000 0.60997 0.60997
1.54325 0.00000 1.54325 1.54325
1.23138 0.00000 1.23138 1.23138
0.62030 0.00000 0.62030 0.62030
0.88959 0.00000 0.88959 0.88959
1.17233 0.00000 1.17233 1.17233
2.18169 0.00000 2.18169 2.18169
2.14330 0.00000 2.14330 2.14330
0.39664 0.00000 0.39664 0.39664
