# avg	std	min	max
3.02279 0.00000 3.02279 3.02279
1.51453 0.00000 1.51453 1.51453
-0.00053 0.00000 -0.00053 -0.00053
1.93611 0.00000 1.93611 1.93611
0.82726 0.00000 0.82726 0.82726
1.20468 0.00000 1.20468 1.20468
7.94717 0.00000 7.94717 7.94717
12.29557 0.00000 12.29557 12.29557
4.90034 0.00000 4.90034 4.90034
1.59970 0.00000 1.59970 1.59970
1.06696 0.00000 1.06696 1.06696
1.47011 0.00000 1.47011 1.47011
11.92085 0.00000 11.92085 11.92085
3.04814 0.00000 3.04814 3.04814
3.06403 0.00000 3.06403 3.06403
5.00083 0.00000 5.00083 5.00083
5.13036 0.00000 5.13036 5.13036
6.15693 0.00000 6.15693 6.15693
11.28562 0.00000 11.28562 11.28562
8.27199 0.00000 8.27199 8.27199
11.59852 0.00000 11.59852 11.59852
11.90994 0.00000 11.90994 11.90994
30.56126 0.00000 30.56126 30.56126
