# avg	std	min	max
2.58888 0.00000 2.58888 2.58888
1.23495 0.00000 1.23495 1.23495
0.00302 0.00000 0.00302 0.00302
-1.42352 0.00000 -1.42352 -1.42352
-0.32038 0.00000 -0.32038 -0.32038
-1.07745 0.00000 -1.07745 -1.07745
-1.56059 0.00000 -1.56059 -1.56059
-0.65734 0.00000 -0.65734 -0.65734
4.32139 0.00000 4.32139 4.32139
1.54238 0.00000 1.54238 1.54238
1.48095 0.00000 1.48095 1.48095
1.25081 0.00000 1.25081 1.25081
-1.04500 0.00000 -1.04500 -1.04500
1.75349 0.00000 1.75349 1.75349
1.06473 0.00000 1.06473 1.06473
1.77280 0.00000 1.77280 1.77280
0.89937 0.00000 0.89937 0.89937
1.07670 0.00000 1.07670 1.07670
1.34714 0.00000 1.34714 1.34714
0.71877 0.00000 0.71877 0.71877
2.12633 0.00000 2.12633 2.12633
2.47430 0.00000 2.47430 2.47430
-2.23559 0.00000 -2.23559 -2.23559
