# avg	std	min	max
2.24468 0.00000 2.24468 2.24468
0.98549 0.00000 0.98549 0.98549
0.00243 0.00000 0.00243 0.00243
-0.73703 0.00000 -0.73703 -0.73703
-0.97048 0.00000 -0.97048 -0.97048
-1.47343 0.00000 -1.47343 -1.47343
1.90850 0.00000 1.90850 1.90850
1.98387 0.00000 1.98387 1.98387
3.79411 0.00000 3.79411 3.79411
1.29136 0.00000 1.29136 1.29136
1.29435 0.00000 1.29435 1.29435
1.04294 0.00000 1.04294 1.04294
2.72117 0.00000 2.72117 2.72117
0.95742 0.00000 0.95742 0.95742
0.60075 0.00000 0.60075 0.60075
1.83534 0.00000 1.83534 1.83534
0.62582 0.00000 0.62582 0.62582
0.24386 0.00000 0.24386 0.24386
1.00577 0.00000 1.00577 1.00577
2.68058 0.00000 2.68058 2.68058
2.10663 0.00000 2.10663 2.10663
1.71136 0.00000 1.71136 1.71136
7.93620 0.00000 7.93620 7.93620
