# avg	std	min	max
3.04222 0.00000 3.04222 3.04222
2.93702 0.00000 2.93702 2.93702
3.81853 0.00000 3.81853 3.81853
1.68233 0.00000 1.68233 1.68233
4.00803 0.00000 4.00803 4.00803
1.10985 0.00000 1.10985 1.10985
0.66943 0.00000 0.66943 0.66943
0.01074 0.00000 0.01074 0.01074
4.34689 0.00000 4.34689 4.34689
3.38001 0.00000 3.38001 3.38001
3.45067 0.00000 3.45067 3.45067
3.34510 0.00000 3.34510 3.34510
0.87764 0.00000 0.87764 0.87764
3.02309 0.00000 3.02309 3.02309
2.43184 0.00000 2.43184 2.43184
3.62586 0.00000 3.62586 3.62586
2.78518 0.00000 2.78518 2.78518
2.62359 0.00000 2.62359 2.62359
2.00760 0.00000 2.00760 2.00760
2.94532 0.00000 2.94532 2.94532
3.38450 0.00000 3.38450 3.38450
6.07849 0.00000 6.07849 6.07849
2.40783 0.00000 2.40783 2.40783
