# avg	std	min	max
1.38007 0.00000 1.38007 1.38007
0.64483 0.00000 0.64483 0.64483
1.00434 0.00000 1.00434 1.00434
0.17904 0.00000 0.17904 0.17904
0.44175 0.00000 0.44175 0.44175
0.01967 0.00000 0.01967 0.01967
0.27903 0.00000 0.27903 0.27903
-0.00742 0.00000 -0.00742 -0.00742
0.03645 0.00000 0.03645 0.03645
0.63650 0.00000 0.63650 0.63650
0.59495 0.00000 0.59495 0.59495
1.32909 0.00000 1.32909 1.32909
0.23141 0.00000 0.23141 0.23141
1.15944 0.00000 1.15944 1.15944
0.46960 0.00000 0.46960 0.46960
0.73775 0.00000 0.73775 0.73775
0.40011 0.00000 0.40011 0.40011
0.61155 0.00000 0.61155 0.61155
0.90666 0.00000 0.90666 0.90666
1.10280 0.00000 1.10280 1.10280
0.14164 0.00000 0.14164 0.14164
0.65314 0.00000 0.65314 0.65314
-1.55867 0.00000 -1.55867 -1.55867
