# avg	std	min	max
1.06385 0.00000 1.06385 1.06385
0.75967 0.00000 0.75967 0.75967
0.70821 0.00000 0.70821 0.70821
0.38563 0.00000 0.38563 0.38563
0.66490 0.00000 0.66490 0.66490
0.32300 0.00000 0.32300 0.32300
-0.00805 0.00000 -0.00805 -0.00805
-0.00613 0.00000 -0.00613 -0.00613
-0.36606 0.00000 -0.36606 -0.36606
0.84444 0.00000 0.84444 0.84444
0.69252 0.00000 0.69252 0.69252
0.80589 0.00000 0.80589 0.80589
0.02787 0.00000 0.02787 0.02787
0.69111 0.00000 0.69111 0.69111
0.57558 0.00000 0.57558 0.57558
0.49707 0.00000 0.49707 0.49707
0.43191 0.00000 0.43191 0.43191
0.29162 0.00000 0.29162 0.29162
0.42825 0.00000 0.42825 0.42825
0.49182 0.00000 0.49182 0.49182
0.49860 0.00000 0.49860 0.49860
0.62023 0.00000 0.62023 0.62023
-0.39515 0.00000 -0.39515 -0.39515
