# avg	std	min	max
3.26680 0.00000 3.26680 3.26680
1.88507 0.00000 1.88507 1.88507
0.24968 0.00000 0.24968 0.24968
-0.02324 0.00000 -0.02324 -0.02324
-0.47014 0.00000 -0.47014 -0.47014
0.43492 0.00000 0.43492 0.43492
0.53370 0.00000 0.53370 0.53370
0.03997 0.00000 0.03997 0.03997
3.32706 0.00000 3.32706 3.32706
1.95347 0.00000 1.95347 1.95347
2.51925 0.00000 2.51925 2.51925
1.68861 0.00000 1.68861 1.68861
1.14452 0.00000 1.14452 1.14452
3.68972 0.00000 3.68972 3.68972
2.34251 0.00000 2.34251 2.34251
2.07841 0.00000 2.07841 2.07841
1.16535 0.00000 1.16535 1.16535
3.53954 0.00000 3.53954 3.53954
4.15252 0.00000 4.15252 4.15252
2.54487 0.00000 2.54487 2.54487
2.82374 0.00000 2.82374 2.82374
4.48503 0.00000 4.48503 4.48503
7.59059 0.00000 7.59059 7.59059
