# avg	std	min	max
6.69646 0.00000 6.69646 6.69646
6.29265 0.00000 6.29265 6.29265
4.95953 0.00000 4.95953 4.95953
3.11020 0.00000 3.11020 3.11020
4.56745 0.00000 4.56745 4.56745
2.89069 0.00000 2.89069 2.89069
2.34676 0.00000 2.34676 2.34676
0.03608 0.00000 0.03608 0.03608
7.26748 0.00000 7.26748 7.26748
6.17584 0.00000 6.17584 6.17584
4.84722 0.00000 4.84722 4.84722
5.81834 0.00000 5.81834 5.81834
3.04560 0.00000 3.04560 3.04560
5.05009 0.00000 5.05009 5.05009
4.70767 0.00000 4.70767 4.70767
5.47949 0.00000 5.47949 5.47949
4.92976 0.00000 4.92976 4.92976
4.89424 0.00000 4.89424 4.89424
6.01207 0.00000 6.01207 6.01207
4.96750 0.00000 4.96750 4.96750
6.57188 0.00000 6.57188 6.57188
8.23551 0.00000 8.23551 8.23551
12.11830 0.00000 12.11830 12.11830
