# avg	std	min	max
5.97434 0.00000 5.97434 5.97434
4.40801 0.00000 4.40801 4.40801
3.33743 0.00000 3.33743 3.33743
2.34596 0.00000 2.34596 2.34596
2.86780 0.00000 2.86780 2.86780
1.78306 0.00000 1.78306 1.78306
1.20521 0.00000 1.20521 1.20521
-0.01424 0.00000 -0.01424 -0.01424
8.13396 0.00000 8.13396 8.13396
5.72815 0.00000 5.72815 5.72815
5.83901 0.00000 5.83901 5.83901
4.83518 0.00000 4.83518 4.83518
0.70226 0.00000 0.70226 0.70226
4.70981 0.00000 4.70981 4.70981
4.52172 0.00000 4.52172 4.52172
5.38900 0.00000 5.38900 5.38900
4.85214 0.00000 4.85214 4.85214
4.37162 0.00000 4.37162 4.37162
3.46951 0.00000 3.46951 3.46951
3.88280 0.00000 3.88280 3.88280
7.63704 0.00000 7.63704 7.63704
7.05718 0.00000 7.05718 7.05718
13.64896 0.00000 13.64896 13.64896
