# avg	std	min	max
5.38733 0.00000 5.38733 5.38733
3.85411 0.00000 3.85411 3.85411
2.33162 0.00000 2.33162 2.33162
1.44876 0.00000 1.44876 1.44876
2.68858 0.00000 2.68858 2.68858
1.73934 0.00000 1.73934 1.73934
0.82406 0.00000 0.82406 0.82406
1.58317 0.00000 1.58317 1.58317
7.41849 0.00000 7.41849 7.41849
5.02672 0.00000 5.02672 5.02672
3.30608 0.00000 3.30608 3.30608
4.00489 0.00000 4.00489 4.00489
-0.00666 0.00000 -0.00666 -0.00666
3.22580 0.00000 3.22580 3.22580
3.23674 0.00000 3.23674 3.23674
4.61627 0.00000 4.61627 4.61627
3.52861 0.00000 3.52861 3.52861
3.51457 0.00000 3.51457 3.51457
4.23338 0.00000 4.23338 4.23338
3.07433 0.00000 3.07433 3.07433
5.60470 0.00000 5.60470 5.60470
5.32647 0.00000 5.32647 5.32647
1.72638 0.00000 1.72638 1.72638
