# avg	std	min	max
1.57391 0.00000 1.57391 1.57391
0.15605 0.00000 0.15605 0.15605
1.18871 0.00000 1.18871 1.18871
-0.56451 0.00000 -0.56451 -0.56451
0.81393 0.00000 0.81393 0.81393
-0.73646 0.00000 -0.73646 -0.73646
-0.11336 0.00000 -0.11336 -0.11336
-0.20824 0.00000 -0.20824 -0.20824
4.91915 0.00000 4.91915 4.91915
0.35843 0.00000 0.35843 0.35843
2.33357 0.00000 2.33357 2.33357
0.94343 0.00000 0.94343 0.94343
-0.03644 0.00000 -0.03644 -0.03644
1.00908 0.00000 1.00908 1.00908
-0.29290 0.00000 -0.29290 -0.29290
1.39241 0.00000 1.39241 1.39241
0.07341 0.00000 0.07341 0.07341
-0.17155 0.00000 -0.17155 -0.17155
-0.42375 0.00000 -0.42375 -0.42375
0.71399 0.00000 0.71399 0.71399
0.97379 0.00000 0.97379 0.97379
3.61037 0.00000 3.61037 3.61037
0.01671 0.00000 0.01671 0.01671
