# avg	std	min	max
5.32190 0.00000 5.32190 5.32190
5.05511 0.00000 5.05511 5.05511
5.04593 0.00000 5.04593 5.04593
3.11071 0.00000 3.11071 3.11071
3.91725 0.00000 3.91725 3.91725
2.57102 0.00000 2.57102 2.57102
-0.12985 0.00000 -0.12985 -0.12985
3.24391 0.00000 3.24391 3.24391
6.45712 0.00000 6.45712 6.45712
4.77031 0.00000 4.77031 4.77031
4.83449 0.00000 4.83449 4.83449
4.86098 0.00000 4.86098 4.86098
-0.01125 0.00000 -0.01125 -0.01125
4.10005 0.00000 4.10005 4.10005
2.85223 0.00000 2.85223 2.85223
6.24702 0.00000 6.24702 6.24702
5.93487 0.00000 5.93487 5.93487
2.48860 0.00000 2.48860 2.48860
4.00822 0.00000 4.00822 4.00822
3.32859 0.00000 3.32859 3.32859
8.74185 0.00000 8.74185 8.74185
10.16669 0.00000 10.16669 10.16669
12.88894 0.00000 12.88894 12.88894
