# avg	std	min	max
1.47064 0.00000 1.47064 1.47064
0.79028 0.00000 0.79028 0.79028
1.10848 0.00000 1.10848 1.10848
0.28113 0.00000 0.28113 0.28113
0.54592 0.00000 0.54592 0.54592
0.03253 0.00000 0.03253 0.03253
-0.03265 0.00000 -0.03265 -0.03265
-0.19865 0.00000 -0.19865 -0.19865
4.24194 0.00000 4.24194 4.24194
1.02859 0.00000 1.02859 1.02859
0.73481 0.00000 0.73481 0.73481
1.55365 0.00000 1.55365 1.55365
-0.00000 0.00000 -0.00000 -0.00000
0.76647 0.00000 0.76647 0.76647
0.44554 0.00000 0.44554 0.44554
1.22298 0.00000 1.22298 1.22298
0.85343 0.00000 0.85343 0.85343
0.34219 0.00000 0.34219 0.34219
0.16468 0.00000 0.16468 0.16468
0.79542 0.00000 0.79542 0.79542
1.47007 0.00000 1.47007 1.47007
1.15904 0.00000 1.15904 1.15904
-0.05126 0.00000 -0.05126 -0.05126
