# avg	std	min	max
2.59641 0.00000 2.59641 2.59641
1.22913 0.00000 1.22913 1.22913
2.92287 0.00000 2.92287 2.92287
-0.06539 0.00000 -0.06539 -0.06539
2.39706 0.00000 2.39706 2.39706
-0.09719 0.00000 -0.09719 -0.09719
-0.39919 0.00000 -0.39919 -0.39919
0.14782 0.00000 0.14782 0.14782
6.75920 0.00000 6.75920 6.75920
1.69028 0.00000 1.69028 1.69028
3.00016 0.00000 3.00016 3.00016
2.01193 0.00000 2.01193 2.01193
0.00000 0.00000 0.00000 0.00000
2.17993 0.00000 2.17993 2.17993
0.93390 0.00000 0.93390 0.93390
2.49992 0.00000 2.49992 2.49992
1.77193 0.00000 1.77193 1.77193
1.18523 0.00000 1.18523 1.18523
1.77565 0.00000 1.77565 1.77565
1.51229 0.00000 1.51229 1.51229
3.04645 0.00000 3.04645 3.04645
4.73555 0.00000 4.73555 4.73555
-0.55504 0.00000 -0.55504 -0.55504
