# avg	std	min	max
1.90172 0.00000 1.90172 1.90172
0.74824 0.00000 0.74824 0.74824
1.54200 0.00000 1.54200 1.54200
0.27425 0.00000 0.27425 0.27425
0.89846 0.00000 0.89846 0.89846
-0.49529 0.00000 -0.49529 -0.49529
0.44731 0.00000 0.44731 0.44731
-0.09835 0.00000 -0.09835 -0.09835
2.95934 0.00000 2.95934 2.95934
0.90222 0.00000 0.90222 0.90222
2.10392 0.00000 2.10392 2.10392
1.54993 0.00000 1.54993 1.54993
-0.00000 0.00000 -0.00000 -0.00000
0.51328 0.00000 0.51328 0.51328
1.47613 0.00000 1.47613 1.47613
1.84316 0.00000 1.84316 1.84316
1.23556 0.00000 1.23556 1.23556
0.89973 0.00000 0.89973 0.89973
1.18827 0.00000 1.18827 1.18827
1.36668 0.00000 1.36668 1.36668
1.21727 0.00000 1.21727 1.21727
1.98282 0.00000 1.98282 1.98282
-0.48210 0.00000 -0.48210 -0.48210
