# avg	std	min	max
2.99468 0.00000 2.99468 2.99468
1.40658 0.00000 1.40658 1.40658
2.78007 0.00000 2.78007 2.78007
0.41613 0.00000 0.41613 0.41613
2.18753 0.00000 2.18753 2.18753
0.20090 0.00000 0.20090 0.20090
-0.78995 0.00000 -0.78995 -0.78995
0.24864 0.00000 0.24864 0.24864
7.72376 0.00000 7.72376 7.72376
2.02258 0.00000 2.02258 2.02258
3.70577 0.00000 3.70577 3.70577
1.91567 0.00000 1.91567 1.91567
-0.02859 0.00000 -0.02859 -0.02859
1.16090 0.00000 1.16090 1.16090
1.38313 0.00000 1.38313 1.38313
3.34757 0.00000 3.34757 3.34757
2.88555 0.00000 2.88555 2.88555
1.52961 0.00000 1.52961 1.52961
1.38406 0.00000 1.38406 1.38406
2.04498 0.00000 2.04498 2.04498
6.12434 0.00000 6.12434 6.12434
7.46612 0.00000 7.46612 7.46612
0.08280 0.00000 0.08280 0.08280
