# avg	std	min	max
2.50350 0.00000 2.50350 2.50350
1.12570 0.00000 1.12570 1.12570
0.11300 0.00000 0.11300 0.11300
-0.61905 0.00000 -0.61905 -0.61905
-0.33310 0.00000 -0.33310 -0.33310
-0.74311 0.00000 -0.74311 -0.74311
-1.44860 0.00000 -1.44860 -1.44860
-0.49248 0.00000 -0.49248 -0.49248
3.38935 0.00000 3.38935 3.38935
0.77573 0.00000 0.77573 0.77573
1.04930 0.00000 1.04930 1.04930
1.15772 0.00000 1.15772 1.15772
-0.00661 0.00000 -0.00661 -0.00661
0.46321 0.00000 0.46321 0.46321
0.70008 0.00000 0.70008 0.70008
2.33448 0.00000 2.33448 2.33448
1.23712 0.00000 1.23712 1.23712
-0.18819 0.00000 -0.18819 -0.18819
-0.14739 0.00000 -0.14739 -0.14739
0.00427 0.00000 0.00427 0.00427
2.57183 0.00000 2.57183 2.57183
4.27807 0.00000 4.27807 4.27807
-0.05535 0.00000 -0.05535 -0.05535
