# avg	std	min	max
1.42546 0.00000 1.42546 1.42546
0.50856 0.00000 0.50856 0.50856
0.82002 0.00000 0.82002 0.82002
0.03066 0.00000 0.03066 0.03066
0.14419 0.00000 0.14419 0.14419
0.07169 0.00000 0.07169 0.07169
-0.09196 0.00000 -0.09196 -0.09196
-0.58227 0.00000 -0.58227 -0.58227
4.46826 0.00000 4.46826 4.46826
0.97956 0.00000 0.97956 0.97956
1.14645 0.00000 1.14645 1.14645
1.35935 0.00000 1.35935 1.35935
0.00180 0.00000 0.00180 0.00180
0.63947 0.00000 0.63947 0.63947
0.26946 0.00000 0.26946 0.26946
0.84641 0.00000 0.84641 0.84641
0.45921 0.00000 0.45921 0.45921
0.28846 0.00000 0.28846 0.28846
0.32937 0.00000 0.32937 0.32937
0.72226 0.00000 0.72226 0.72226
1.08349 0.00000 1.08349 1.08349
0.64815 0.00000 0.64815 0.64815
-0.43841 0.00000 -0.43841 -0.43841
