# avg	std	min	max
0.19943 0.00000 0.19943 0.19943
0.00000 0.00000 0.00000 0.00000
0.33210 0.00002 0.33207 0.33212
0.09433 0.00012 0.09422 0.09455
0.26354 0.00115 0.26277 0.26578
0.06850 0.04636 0.02899 0.15186
0.03998 0.00209 0.03836 0.04371
0.01587 0.11760 -0.20619 0.14211
-0.73011 0.00205 -0.73273 -0.72757
0.29645 0.00004 0.29640 0.29652
0.26055 0.00000 0.26055 0.26056
0.43622 0.00001 0.43621 0.43623
0.16869 0.01991 0.12973 0.18403
0.11484 0.02646 0.08245 0.14650
-0.56079 0.00386 -0.56507 -0.55448
0.38539 0.00242 0.38374 0.39021
0.26743 0.00451 0.25946 0.27308
-0.19585 0.01382 -0.21897 -0.18104
-0.15494 0.04818 -0.23021 -0.10076
0.42987 0.00017 0.42973 0.43021
