# avg	std	min	max
1.59249 0.02609 1.54992 1.62467
1.09344 0.22881 0.96276 1.54883
0.91366 0.22975 0.78480 1.37289
0.40842 0.33049 0.04111 0.90792
0.21510 0.02831 0.16445 0.23930
0.46101 0.03136 0.41063 0.50687
0.55334 0.13170 0.29182 0.64046
0.47944 0.14941 0.23983 0.67503
1.97718 0.10815 1.88012 2.11372
1.78340 0.36889 1.56553 2.52006
1.67546 0.41298 1.43026 2.49720
1.09856 0.04383 1.05212 1.16996
0.43066 0.38049 -0.32565 0.67379
0.88343 0.11154 0.67050 0.96898
0.75404 0.27027 0.47360 1.25908
-0.01420 0.02769 -0.05618 0.02569
0.57892 0.31431 0.23663 1.17202
0.14252 0.03739 0.07812 0.18605
0.70558 0.21404 0.30538 0.90592
1.49314 0.30312 1.30156 2.09765
