# avg	std	min	max
1.88815 0.06805 1.77159 1.96679
1.03655 0.02085 1.01193 1.06333
0.80095 0.02190 0.77198 0.83421
-0.06027 0.15672 -0.20481 0.24288
-0.01090 0.00741 -0.02361 -0.00298
0.17995 0.13969 0.04678 0.42771
-0.12854 0.07707 -0.28243 -0.08382
-0.50819 0.03478 -0.57317 -0.47147
-1.05710 0.02794 -1.10555 -1.02931
1.57532 0.01997 1.55743 1.61371
1.03947 0.09641 0.95238 1.22490
1.05079 0.00895 1.04080 1.06387
0.05809 0.17569 -0.20624 0.33635
0.80407 0.03281 0.77827 0.86608
0.48782 0.02961 0.45071 0.51675
-0.02179 0.00632 -0.03111 -0.01269
0.86058 0.01423 0.83535 0.87849
0.34454 0.17529 0.10662 0.61454
0.47100 0.04195 0.41203 0.52263
0.87919 0.06226 0.78490 0.95464
