# avg	std	min	max
0.54691 0.01833 0.52967 0.57984
0.16323 0.01500 0.14598 0.18399
0.17650 0.02958 0.13645 0.21398
-0.39574 0.03294 -0.42194 -0.33200
-0.15121 0.04643 -0.21648 -0.07257
-0.40733 0.04346 -0.48085 -0.36159
-0.11778 0.04006 -0.16480 -0.06075
-0.36664 0.06681 -0.48405 -0.28778
-0.05253 0.03616 -0.09801 -0.00981
0.33559 0.01593 0.32020 0.36240
0.55957 0.02025 0.54007 0.59144
0.26926 0.03193 0.22362 0.31664
-0.22900 0.29270 -0.80567 -0.00749
0.33195 0.02419 0.30580 0.36945
0.01071 0.02169 -0.00958 0.05226
0.31597 0.01213 0.30369 0.33774
-0.00260 0.02892 -0.05511 0.02366
-0.47624 0.03451 -0.51182 -0.41031
-0.40143 0.02139 -0.42004 -0.36337
0.34412 0.02004 0.31461 0.36693
