# avg	std	min	max
1.51260 0.04606 1.47471 1.59691
0.34896 0.08245 0.26609 0.46571
2.25533 0.32175 1.93814 2.81655
-1.58184 0.12457 -1.68934 -1.35304
2.48974 0.08140 2.42093 2.60160
-0.89083 0.12888 -1.11622 -0.73687
-1.27495 0.72128 -1.78578 0.13691
0.79237 0.22263 0.45645 1.09754
-0.31761 0.39349 -0.85094 0.24904
0.31951 0.08021 0.20688 0.45053
0.68019 0.23743 0.46812 1.11404
-0.35240 0.39862 -0.73965 0.18777
-0.86501 0.90405 -1.75135 0.74097
-0.08877 0.14012 -0.32230 0.08701
-0.42651 0.32413 -1.00345 -0.10813
1.87720 0.08241 1.76445 1.95761
-0.01468 0.00998 -0.02700 -0.00241
-0.39732 0.37132 -1.05860 0.07498
-0.64812 0.45972 -1.22032 -0.08187
0.26117 0.09221 0.14034 0.37746
