# avg	std	min	max
-0.11474 0.01619 -0.14580 -0.10092
-0.18018 0.01145 -0.19637 -0.16904
0.22581 0.03832 0.17212 0.26757
-0.02634 0.08212 -0.18763 0.02508
0.55772 0.05355 0.47853 0.62617
-0.21837 0.01508 -0.24617 -0.20192
0.05195 0.08155 -0.10953 0.10960
-0.18357 0.12365 -0.29301 0.05718
-1.88529 0.00926 -1.90043 -1.87720
-0.09321 0.00906 -0.10257 -0.07780
0.51600 0.01229 0.49222 0.52533
0.21596 0.01193 0.20492 0.23810
0.09834 0.00925 0.08720 0.10959
0.22521 0.01059 0.21594 0.24587
-0.11811 0.05216 -0.18453 -0.02811
0.02985 0.01075 0.01648 0.04543
-0.00439 0.00747 -0.01933 -0.00065
-0.03852 0.10732 -0.17984 0.06386
-0.72229 0.31486 -1.09841 -0.25847
0.20844 0.02618 0.18803 0.25993
