# avg	std	min	max
-0.08150 0.10100 -0.24928 0.04223
-0.66739 0.15779 -0.84106 -0.39369
-0.16072 0.13610 -0.28035 0.10264
-0.38881 0.01934 -0.42497 -0.37033
-0.58928 0.12318 -0.82446 -0.47166
-0.57629 0.16295 -0.84135 -0.34619
-0.38332 0.01242 -0.40348 -0.37167
-0.21142 0.01580 -0.22837 -0.18950
0.07206 0.05242 0.01686 0.15879
-0.84755 0.38412 -1.35095 -0.38105
0.47712 0.13425 0.21954 0.61152
-0.33035 0.18603 -0.57107 -0.11663
-0.37110 0.00908 -0.38632 -0.36294
-0.36750 0.00517 -0.37166 -0.35760
-0.47399 0.06179 -0.58924 -0.40856
-0.19862 0.02526 -0.23566 -0.15916
-0.02363 0.06231 -0.12985 0.02703
-1.15310 0.09318 -1.28778 -1.02925
-1.41238 0.02605 -1.45584 -1.38507
-0.11161 0.02646 -0.16436 -0.09424
