# avg	std	min	max
2.38511 0.03309 2.33579 2.41689
1.63892 0.05424 1.55883 1.69989
0.95890 0.02804 0.91998 1.00394
-0.37712 0.01788 -0.40150 -0.35479
0.00173 0.00319 0.00000 0.00809
-0.30218 0.08688 -0.37091 -0.13649
2.04561 0.02001 2.01783 2.07592
1.96673 0.09084 1.83837 2.09978
2.77695 0.02004 2.75484 2.81281
2.03565 0.04493 1.95351 2.08901
1.41730 0.02458 1.39654 1.46513
1.15046 0.07911 1.05375 1.29013
1.95503 0.07312 1.86085 2.06149
1.91640 0.05317 1.88713 2.02264
0.40417 0.17269 0.15680 0.57618
1.88139 0.06257 1.81465 1.98262
0.41991 0.08130 0.26161 0.49539
0.60592 0.10289 0.47398 0.70097
0.90405 0.08866 0.82809 1.07352
2.22307 0.07270 2.09972 2.31110
