# avg	std	min	max
3.11787 0.02187 3.09664 3.15778
2.51453 0.00809 2.50301 2.52506
1.91860 0.14552 1.80222 2.18176
-0.03672 0.02064 -0.06757 -0.01602
0.37455 0.00782 0.36682 0.38934
0.04279 0.01628 0.02398 0.06331
1.13351 0.01412 1.10868 1.14567
2.70699 0.16284 2.45873 2.89313
7.75177 0.14407 7.56444 7.93159
3.35354 0.01435 3.33285 3.37194
2.63571 0.02551 2.60254 2.66539
2.32503 0.01088 2.30758 2.34151
1.44483 0.01988 1.42662 1.47904
3.08248 0.03095 3.04212 3.12568
2.67516 0.10438 2.54638 2.80459
3.71224 0.08775 3.55742 3.79318
2.91814 0.14831 2.76427 3.16706
1.85254 0.18042 1.56498 2.11366
1.44281 0.06758 1.35273 1.55442
2.45862 0.01061 2.44250 2.47334
