# avg	std	min	max
2.09764 0.01038 2.07705 2.10484
1.43712 0.01246 1.42993 1.46199
2.00033 0.00206 1.99758 2.00287
0.75871 0.02227 0.71532 0.77514
1.67581 0.01719 1.65166 1.69640
1.23137 0.03832 1.16894 1.27928
1.64057 0.00370 1.63559 1.64514
1.80543 0.00429 1.80024 1.81328
0.00384 0.00539 -0.00269 0.01219
2.12652 0.00483 2.11864 2.13185
2.02322 0.10348 1.87226 2.10941
1.93182 0.05526 1.88297 2.01534
1.64533 0.00902 1.63291 1.65626
2.25569 0.06001 2.16426 2.30858
1.54101 0.05823 1.44114 1.61872
2.71411 0.00996 2.69973 2.72954
1.49568 0.14735 1.20135 1.58308
1.03278 0.16317 0.76619 1.24318
1.33919 0.25933 1.06668 1.65814
2.39145 0.00777 2.37997 2.39906
