# avg	std	min	max
2.46294 0.02381 2.43628 2.49886
0.81650 0.02353 0.78044 0.85207
-0.53304 0.01323 -0.53979 -0.50658
-0.86570 0.00122 -0.86779 -0.86430
-1.43847 0.10523 -1.49201 -1.22802
-0.74821 0.30295 -0.95452 -0.14784
-0.66483 0.01529 -0.68295 -0.64552
0.13599 0.14697 0.02196 0.41442
7.57013 0.35813 6.85493 7.78385
1.34496 0.01841 1.33539 1.38177
0.43606 0.00030 0.43580 0.43655
0.59199 0.01993 0.57582 0.62765
-0.32113 0.17827 -0.41723 0.03510
0.94660 0.11760 0.73960 1.04803
0.19656 0.01304 0.17826 0.21152
1.27484 0.27339 1.12044 1.82038
0.44443 0.03934 0.39109 0.49562
-0.13910 0.02372 -0.17102 -0.10188
-0.11369 0.20798 -0.52921 -0.00223
0.34266 0.08389 0.18643 0.42206
