# avg	std	min	max
1.32950 0.06221 1.22367 1.41572
0.57830 0.17532 0.31399 0.86720
0.33411 0.06375 0.24135 0.43867
-0.36050 0.09183 -0.48583 -0.27217
-0.30545 0.08220 -0.39399 -0.15189
-0.40934 0.09221 -0.57327 -0.29712
0.27884 0.20442 -0.01982 0.57916
0.42916 0.16923 0.18740 0.71473
2.48289 0.04066 2.41819 2.53703
0.87545 0.19041 0.66229 1.10780
0.63249 0.13556 0.54022 0.89981
0.50366 0.03377 0.46985 0.55673
0.38328 0.18774 0.17015 0.73124
0.76699 0.09271 0.61110 0.85465
0.26799 0.01705 0.23630 0.28367
0.82257 0.22595 0.52755 1.08126
0.72883 0.03090 0.68251 0.77136
-0.05670 0.02507 -0.09033 -0.01590
-0.01213 0.00880 -0.02512 -0.00294
0.71101 0.18378 0.37471 0.89829
