# avg	std	min	max
2.44325 0.00716 2.43010 2.45108
1.61253 0.02607 1.58649 1.66196
0.35616 0.02632 0.33708 0.40672
0.49337 0.02507 0.46043 0.53243
0.03673 0.03009 -0.01598 0.06508
0.61499 0.03347 0.58861 0.67701
0.14229 0.08665 0.01075 0.28040
0.94294 0.02991 0.89633 0.97649
1.74826 0.01945 1.72868 1.78543
0.96870 0.02526 0.94672 1.00666
-0.00019 0.00023 -0.00053 0.00009
1.09133 0.03897 1.05521 1.16207
0.37068 0.13193 0.11792 0.50388
0.50056 0.25814 0.07405 0.72133
0.86838 0.06316 0.81031 0.98101
0.13033 0.01191 0.10801 0.14013
0.78018 0.07771 0.71149 0.91519
0.87176 0.07324 0.74854 0.97340
0.62573 0.05240 0.56787 0.70785
0.43758 0.00862 0.42566 0.44844
