# avg	std	min	max
1.42789 0.01718 1.40681 1.44213
0.76257 0.00013 0.76251 0.76284
-0.70614 0.00041 -0.70666 -0.70568
-0.89255 0.21370 -0.99994 -0.46514
-1.32150 0.01752 -1.34921 -1.30362
-0.92783 0.25184 -1.21846 -0.63292
-0.01545 1.02020 -0.75176 2.00049
0.48396 0.49187 0.23024 1.46765
2.77898 0.01788 2.76024 2.80893
1.28484 0.00035 1.28462 1.28554
0.00244 0.00239 -0.00101 0.00446
0.44986 0.00183 0.44758 0.45168
-0.00791 0.74702 -1.03690 1.22792
-0.18673 0.23084 -0.36382 0.24316
0.38207 0.16874 0.04965 0.49192
0.22037 0.01054 0.20616 0.23159
0.51121 0.25615 0.00123 0.66268
-0.05597 0.07666 -0.15612 0.07092
0.13723 0.31898 -0.49836 0.32777
0.62140 0.05803 0.56703 0.71333
