# avg	std	min	max
5.87956 0.01237 5.86499 5.89418
3.72709 0.00960 3.71013 3.73673
0.00268 0.00546 -0.00020 0.01359
-0.36096 0.23716 -0.70591 -0.07930
0.08495 0.08737 -0.08662 0.14969
1.53214 0.95977 0.39770 2.85043
5.23025 1.42027 3.74349 7.05591
8.51698 2.42023 6.16694 12.44720
2.91030 0.73003 2.29446 3.86304
4.66982 0.01890 4.64278 4.69214
2.68513 0.01632 2.66611 2.70695
2.51894 0.01473 2.49753 2.53470
9.03086 2.05622 5.17946 11.15850
3.32375 0.01564 3.30342 3.34357
5.39596 0.51301 4.67411 6.02925
4.46413 0.00645 4.45311 4.47185
5.70217 0.07643 5.63409 5.84937
5.59051 0.32589 5.03637 6.05380
6.94216 2.84902 3.34598 10.82150
5.42623 0.56735 4.32350 5.94907
