# avg	std	min	max
-0.35469 0.19084 -0.54870 -0.09199
0.20193 0.14901 -0.08251 0.31907
-0.58699 0.05208 -0.67826 -0.52431
-0.55414 0.26093 -0.91488 -0.22782
-1.51267 0.03355 -1.56105 -1.46194
-0.61573 0.05950 -0.68799 -0.50818
-0.48585 0.06496 -0.55495 -0.37671
-0.26779 0.55729 -0.92783 0.52328
-0.05568 0.08024 -0.17509 0.06779
0.17305 0.12269 -0.00247 0.29765
-1.20248 0.22437 -1.41554 -0.79768
0.14822 0.08283 -0.00017 0.21492
-0.73134 0.04445 -0.81788 -0.69252
-0.42930 0.08050 -0.58318 -0.34617
