# avg	std	min	max
-1.11424 0.00449 -1.11910 -1.10583
-0.52527 0.00026 -0.52567 -0.52485
-1.28424 0.00352 -1.28935 -1.27952
-0.95065 0.02308 -0.97282 -0.91779
-0.88812 0.04723 -0.98255 -0.86223
-0.52971 0.00019 -0.52999 -0.52949
-0.11083 0.00043 -0.11124 -0.11002
-0.70669 0.00155 -0.70861 -0.70405
-1.34262 0.01659 -1.36354 -1.31312
-0.82991 0.00013 -0.83008 -0.82977
-0.47090 0.01629 -0.48170 -0.43850
-0.69678 0.01113 -0.70902 -0.67867
-1.38830 0.01310 -1.41305 -1.37532
-0.53753 0.00026 -0.53785 -0.53720
