# avg	std	min	max
-1.38954 0.13128 -1.57340 -1.19836
0.13084 0.08753 0.08603 0.30588
-1.62773 0.19500 -1.93703 -1.38219
-1.77512 0.13103 -1.89659 -1.52246
-2.04178 0.17245 -2.28720 -1.84940
-2.00539 0.00173 -2.00750 -2.00387
-0.05486 0.21660 -0.43119 0.16316
-1.76872 0.10058 -1.87018 -1.62821
-1.79486 0.15789 -2.07682 -1.60985
-1.87591 0.14687 -1.97292 -1.58593
-1.35191 0.34239 -1.82106 -0.77171
-2.31909 0.05602 -2.39612 -2.22945
-1.51246 0.05698 -1.56134 -1.40573
-1.93969 0.00054 -1.94067 -1.93911
