# avg	std	min	max
-1.36792 0.01034 -1.37315 -1.34724
0.00000 0.00000 0.00000 0.00000
5.47369 0.04261 5.39088 5.50284
4.91126 0.70411 4.13454 6.10414
9.73690 0.91031 8.45738 11.24490
4.39025 0.24876 3.97659 4.69748
4.76388 0.69184 3.81528 5.55578
6.85254 1.35718 5.09839 9.23296
4.69600 0.52967 3.69008 5.06304
1.99304 0.00186 1.98976 1.99478
3.54416 0.39486 2.75445 3.74373
1.37331 0.00062 1.37278 1.37423
4.50928 1.00589 3.59411 5.75025
3.00543 0.49951 2.29742 3.82641
4.98507 0.67279 4.25292 5.83009
3.98625 0.35568 3.29411 4.25484
4.97843 0.22753 4.67126 5.31940
5.24057 0.67150 4.14263 6.03498
4.89940 0.91179 3.38850 6.02269
4.76400 0.49752 3.84360 5.29677
