# avg	std	min	max
-2.52698 0.16066 -2.75226 -2.37803
0.00000 0.00000 0.00000 0.00000
6.25321 0.02961 6.19547 6.27534
10.06264 0.58867 9.33216 10.57080
8.63666 0.00925 8.61968 8.64579
8.01529 0.52449 7.65085 9.05518
25.73780 0.93044 24.53300 26.98100
33.08278 0.91685 31.90800 34.16740
8.44804 0.10427 8.24152 8.52616
2.64695 0.04040 2.58737 2.69429
7.26549 0.00243 7.26193 7.26879
2.65029 0.00406 2.64633 2.65562
34.28204 0.14331 34.05660 34.43450
6.81862 0.00405 6.81320 6.82314
9.94148 0.02314 9.89926 9.96544
6.39372 0.08010 6.32363 6.54173
9.30811 0.00649 9.29891 9.31661
13.90678 0.45714 13.62230 14.81690
17.80308 1.32455 16.67500 20.35380
18.70722 0.26889 18.41330 19.12440
