# avg	std	min	max
-1.17218 0.02475 -1.19635 -1.12562
-0.00000 0.00000 -0.00000 -0.00000
8.70188 0.03222 8.63758 8.72072
16.02978 0.71255 14.70050 16.64740
13.27342 0.13682 13.06250 13.42070
13.67762 0.16600 13.38820 13.88450
33.80030 1.97885 31.24700 36.92480
48.79274 2.72364 44.90350 52.59450
8.38971 0.02181 8.35920 8.41990
1.38504 0.25399 0.88566 1.60007
7.38377 0.02958 7.34817 7.43442
4.21840 0.49594 3.85867 5.20279
36.61410 2.66660 32.99640 40.98310
12.00846 1.35893 10.28290 14.47250
18.95224 0.67259 17.64760 19.54310
16.49928 0.08333 16.33930 16.57280
20.31166 0.28132 19.86190 20.63880
18.56226 1.62881 16.41070 20.97530
25.61444 0.72405 24.54750 26.70140
31.11148 0.68036 30.34150 32.07990
