# avg	std	min	max
-0.12430 0.09558 -0.31534 -0.06988
0.05474 0.00355 0.05296 0.06184
-0.11300 0.00405 -0.11974 -0.10869
-0.21614 0.02808 -0.26468 -0.18678
0.44305 0.05326 0.36236 0.52645
0.82615 0.02056 0.80901 0.86507
0.37878 0.00539 0.36820 0.38253
0.86039 0.02692 0.83267 0.90324
1.79587 0.28288 1.49959 2.27616
-0.44084 0.03127 -0.50197 -0.41627
-0.68019 0.11047 -0.81141 -0.50373
-0.01987 0.04136 -0.09232 0.02147
0.40351 0.00273 0.40059 0.40851
-0.02589 0.06256 -0.12281 0.04195
-0.20745 0.05986 -0.29093 -0.13478
-0.00550 0.00740 -0.02029 -0.00180
0.09954 0.01651 0.06820 0.11622
-0.55529 0.02766 -0.59713 -0.51433
-0.53116 0.04404 -0.61384 -0.49164
0.47791 0.00240 0.47351 0.48052
