# avg	std	min	max
-4.03013 0.19995 -4.16271 -3.63524
-4.47434 0.09900 -4.60490 -4.33471
2.27709 0.36711 1.65431 2.63687
1.13095 1.16939 -0.60907 2.54518
3.97486 0.78009 2.52514 4.77948
0.99065 1.29908 -0.38679 3.33569
0.51731 2.08158 -2.47882 2.89277
6.69989 0.96793 4.96263 7.64116
-1.03934 0.17913 -1.30466 -0.75863
-2.08029 0.22375 -2.37837 -1.75395
1.69219 0.08244 1.54714 1.77804
-1.63343 0.00872 -1.64817 -1.62309
-0.90442 0.79768 -1.95185 0.02991
-0.66267 0.07616 -0.79116 -0.57541
2.14605 0.89466 0.92732 3.14771
-0.00000 0.00000 -0.00000 -0.00000
2.71222 1.01890 1.06164 3.72997
3.44925 0.43254 2.77395 3.92140
2.25681 0.69650 1.10708 3.16636
6.98445 0.72997 5.81157 7.86465
