# avg	std	min	max
0.04372 0.01815 0.02045 0.07171
-0.34276 0.02383 -0.37110 -0.31574
1.26291 0.01142 1.25084 1.28266
-0.12558 0.01294 -0.13893 -0.10207
1.18422 0.29952 0.89329 1.58142
-0.02492 0.01552 -0.05364 -0.01241
0.34343 0.04288 0.28884 0.42061
0.64174 0.01193 0.62135 0.65526
2.87528 0.46596 2.30151 3.42056
-0.45419 0.03355 -0.49786 -0.41132
-0.03815 0.01035 -0.04728 -0.01980
0.42212 0.00781 0.40818 0.42932
0.41474 0.01421 0.39598 0.43867
-0.26399 0.13594 -0.51141 -0.10365
-0.44388 0.02151 -0.47828 -0.41804
0.59204 0.08083 0.43239 0.64189
-0.01934 0.01415 -0.03684 -0.00228
-0.21635 0.03153 -0.26874 -0.18347
-0.85959 0.21030 -1.12026 -0.59334
0.91667 0.01377 0.89453 0.93078
