# avg	std	min	max
-1.05251 0.01372 -1.06840 -1.03619
-1.77115 0.06461 -1.82120 -1.64636
-0.62179 0.33966 -0.94759 0.02637
0.72533 0.35679 0.45316 1.37472
0.92494 0.15524 0.69856 1.14399
-1.19202 0.05418 -1.24227 -1.09077
1.40000 2.23235 -1.26844 3.98794
4.86977 1.66685 2.87875 7.25246
1.47485 0.32934 0.92920 1.95858
-1.24765 0.04859 -1.31422 -1.18286
1.12510 0.00581 1.11348 1.12843
-1.37461 0.01334 -1.39237 -1.35347
1.69106 1.10674 0.47816 3.67245
-1.10721 0.12746 -1.24974 -0.94842
-0.03422 0.15915 -0.17148 0.19053
-0.48252 0.69843 -1.42880 0.38778
-0.01741 0.03482 -0.08704 -0.00000
-0.39891 0.06644 -0.51416 -0.32042
-0.34503 0.06316 -0.46816 -0.28961
4.10641 1.87740 0.76581 6.42225
