# avg	std	min	max
-5.83507 0.12041 -5.98707 -5.62300
-2.23131 0.11221 -2.31040 -2.02313
1.44781 0.12923 1.37226 1.70587
-1.20998 0.21678 -1.51058 -0.89757
2.01970 0.27768 1.86012 2.57354
-1.30781 0.09492 -1.39809 -1.12361
0.39815 0.40765 -0.10281 0.86721
3.51808 1.16445 2.36492 5.71204
2.77043 0.14450 2.64378 3.04404
-0.89795 0.28456 -1.46006 -0.69839
2.16295 0.30988 1.60600 2.55834
-1.57080 0.17839 -1.71718 -1.25786
1.42478 0.17724 1.19737 1.66037
-1.26233 0.25040 -1.45752 -0.83002
-0.19734 0.01329 -0.22258 -0.18639
-0.44371 0.22586 -0.74451 -0.09193
0.03100 0.21647 -0.21672 0.43671
-0.85820 0.04833 -0.93875 -0.78846
-0.27239 0.22601 -0.54674 0.13794
2.29851 0.68892 1.06803 2.87395
