# avg	std	min	max
0.08590 0.04944 0.03186 0.17819
-0.28684 0.04470 -0.33853 -0.22512
0.19385 0.01046 0.17302 0.20091
-0.25425 0.00053 -0.25508 -0.25371
0.10134 0.02582 0.06913 0.12675
-0.38182 0.02547 -0.41676 -0.34636
-0.20061 0.03929 -0.25341 -0.13212
0.00302 0.03971 -0.03542 0.07147
0.26190 0.00804 0.25493 0.27763
-0.09016 0.02390 -0.11911 -0.04647
0.36319 0.01679 0.33783 0.38925
0.04992 0.06410 -0.02342 0.12942
-0.12589 0.03297 -0.16156 -0.07098
-0.20953 0.02910 -0.25793 -0.18655
-0.20424 0.05077 -0.30426 -0.17106
-0.10217 0.02171 -0.12733 -0.06818
-0.00743 0.00160 -0.00907 -0.00435
-0.31928 0.06392 -0.44612 -0.27461
-0.45795 0.20074 -0.85684 -0.33743
-0.08316 0.01738 -0.11102 -0.05675
