# avg	std	min	max
-0.68585 0.79935 -1.64471 0.24694
-1.90848 0.48634 -2.79347 -1.43017
-2.33858 0.36207 -2.73875 -1.71125
-1.76976 0.36121 -2.46241 -1.40125
-0.57328 1.48599 -1.78855 2.21344
-1.34493 0.83431 -2.30777 0.12649
-0.05467 0.00007 -0.05471 -0.05453
1.99381 0.49533 1.44896 2.87259
7.39766 1.10017 6.21068 9.06040
-0.09937 0.70555 -1.40642 0.72878
-1.42693 0.46131 -2.11419 -0.78095
-1.17139 0.29991 -1.60974 -0.66547
0.37082 0.25061 -0.08716 0.63180
-0.22729 0.84117 -1.15239 0.99577
-0.05073 0.74215 -1.39769 0.73691
-1.53740 0.90657 -2.41406 -0.22200
-1.86611 0.20603 -2.05844 -1.57750
-0.51492 0.39799 -1.16381 -0.09617
-1.05974 0.69325 -1.54233 0.31681
0.68172 0.48853 0.01465 1.34494
