# avg	std	min	max
0.00000 0.00000 0.00000 0.00000
-0.11940 0.01480 -0.14901 -0.11200
0.37570 0.00034 0.37543 0.37629
-0.04928 0.00019 -0.04954 -0.04897
0.64052 0.04146 0.61381 0.72176
0.16866 0.02311 0.13357 0.19517
-0.27077 0.01089 -0.28996 -0.25648
-0.15638 0.00654 -0.16945 -0.15269
0.61937 0.04444 0.56786 0.70147
-0.02283 0.00012 -0.02293 -0.02262
0.36535 0.09861 0.25046 0.51507
0.25598 0.00008 0.25589 0.25610
-0.19259 0.00262 -0.19399 -0.18736
-0.18168 0.00008 -0.18176 -0.18156
-0.48817 0.08234 -0.57615 -0.35466
-0.30244 0.07482 -0.45070 -0.25305
-0.39745 0.20071 -0.64945 -0.20386
-0.31460 0.15867 -0.58439 -0.14414
-0.93574 0.03870 -0.97583 -0.86995
-0.60257 0.02761 -0.62520 -0.54888
