# avg	std	min	max
0.00000 0.00000 -0.00000 0.00000
9.06778 0.50594 8.24239 9.58553
20.81902 1.70513 19.21060 24.04360
28.44040 1.91764 25.48990 30.76750
30.58504 2.70578 27.17470 33.97290
19.78542 3.35144 16.82650 24.92260
37.81638 5.71414 27.97240 44.26370
39.35828 3.10672 35.08350 42.77280
24.24658 0.29628 23.82330 24.63850
13.87636 0.47605 13.14350 14.30980
22.11754 0.92879 20.52010 23.14640
16.11350 0.62321 15.08440 16.77880
38.60654 2.98590 33.90660 42.19090
28.42182 0.98055 27.21400 29.54880
22.90838 3.46195 17.48460 27.77130
27.58606 1.72851 24.99040 30.09240
26.19594 3.16176 22.45330 30.71390
19.71926 2.66743 16.43070 23.57670
20.40120 3.28884 15.65290 25.73500
51.89160 2.79505 48.12210 55.50280
