# avg	std	min	max
0.00000 0.00000 0.00000 0.00000
3.31770 0.00145 3.31657 3.32053
3.80641 0.00297 3.80316 3.81043
3.52160 0.01626 3.49003 3.53495
3.80882 0.01969 3.76955 3.82046
3.34693 0.03326 3.31064 3.39340
3.31591 0.00288 3.31062 3.31944
3.34509 0.00256 3.34013 3.34726
5.64924 0.00177 5.64592 5.65083
3.48389 0.00001 3.48388 3.48390
3.80318 0.01339 3.79217 3.82425
3.41093 0.01638 3.40197 3.44369
3.35363 0.00435 3.34850 3.35901
3.42245 0.00073 3.42123 3.42318
2.96255 0.05622 2.85333 3.00209
3.44419 0.00268 3.44149 3.44903
3.45193 0.00673 3.44005 3.45839
3.32952 0.01164 3.31698 3.34883
3.09266 0.02133 3.06715 3.12637
3.53085 0.00038 3.53054 3.53160
