# avg	std	min	max
0.00000 0.00000 -0.00000 0.00000
6.43254 0.01160 6.41392 6.44482
21.87252 0.44770 21.01870 22.23680
13.54634 1.14215 12.03300 15.55490
21.99846 0.73972 21.04540 22.94050
11.61098 0.82742 10.28550 12.63570
19.23444 6.29043 15.17670 31.74540
16.34148 2.08385 14.26250 19.45460
24.56268 1.13157 23.15280 25.60910
9.53122 0.02960 9.49891 9.57923
18.82388 0.57697 18.08120 19.50520
9.00556 0.04564 8.91495 9.03536
21.18366 9.20597 14.30260 39.32560
12.49610 0.93159 11.29330 13.80100
11.84236 0.37702 11.27710 12.40940
11.71732 0.54801 11.05550 12.51370
11.44174 0.57145 10.66720 12.21300
12.95480 0.75767 11.76080 13.97700
13.94198 0.58016 13.10570 14.65080
26.28100 0.88840 24.77680 27.47200
