# avg	std	min	max
1.04436 0.00044 1.04391 1.04503
0.51667 0.01677 0.49994 0.54043
0.57112 0.02319 0.53122 0.59774
-0.84734 0.03868 -0.89271 -0.79621
0.00278 0.00142 0.00000 0.00381
-1.33900 0.00546 -1.34750 -1.33102
-0.78680 0.00273 -0.79125 -0.78334
-1.09713 0.17217 -1.27807 -0.86271
0.34302 0.29094 0.02336 0.87437
0.70215 0.00164 0.70086 0.70529
0.31557 0.00270 0.31342 0.32076
0.85895 0.03451 0.82907 0.92570
-0.40101 0.01782 -0.43504 -0.38677
1.15631 0.04621 1.11220 1.21549
0.54469 0.01826 0.52151 0.57214
1.38124 0.03128 1.34734 1.42409
0.75040 0.08889 0.67206 0.91562
-0.15903 0.05509 -0.26761 -0.12331
0.18305 0.14050 -0.09058 0.27991
0.65795 0.00528 0.64933 0.66320
