# avg	std	min	max
1.41774 0.02766 1.39085 1.46920
0.46816 0.03523 0.41537 0.51931
-0.52421 0.06053 -0.58396 -0.44098
-2.11972 0.22042 -2.40549 -1.74637
0.00000 0.00000 0.00000 0.00000
-2.24082 0.09744 -2.37523 -2.09370
-2.03639 0.02147 -2.05645 -1.99636
0.14472 1.91739 -1.64844 3.18456
1.47129 0.03537 1.41321 1.52286
1.79469 0.03737 1.73801 1.85359
1.83227 0.28937 1.57740 2.19045
0.67814 0.02567 0.65254 0.72609
-1.55557 0.10314 -1.72683 -1.42898
-0.35123 0.02484 -0.37715 -0.30385
0.32382 0.40773 -0.18506 0.67621
-0.26523 0.17919 -0.48763 -0.01281
-0.04093 0.03020 -0.07187 0.00795
0.94556 0.41004 0.57052 1.63989
0.92355 0.24276 0.58183 1.24521
-0.29297 0.00479 -0.29557 -0.28339
