# avg	std	min	max
-1.26510 0.07902 -1.36519 -1.12334
-0.52772 0.06020 -0.58360 -0.41284
1.86581 0.07180 1.78531 1.97636
-2.60320 0.11969 -2.68949 -2.36657
1.99731 0.14808 1.87241 2.28360
-2.27527 0.08838 -2.36928 -2.11950
-3.56907 0.03232 -3.61306 -3.52239
-0.16838 0.03911 -0.23492 -0.12774
2.90728 0.43765 2.33879 3.26840
0.77099 0.02810 0.73726 0.81817
2.28712 0.03184 2.23242 2.33121
-0.53277 0.04487 -0.59533 -0.47966
-2.61842 0.14056 -2.71231 -2.33849
0.52307 0.17578 0.24033 0.70947
1.13667 0.47505 0.37432 1.63014
2.15369 0.05174 2.05125 2.18915
2.44298 0.05786 2.33208 2.50200
-0.04370 0.14490 -0.18133 0.22820
-0.22188 0.20629 -0.42005 0.08274
-1.29021 0.13886 -1.38465 -1.01557
