# avg	std	min	max
-2.87510 0.34436 -3.21176 -2.40666
-1.79513 0.19092 -2.08329 -1.49145
-1.93920 0.15237 -2.11572 -1.66900
-1.55830 0.24882 -1.84200 -1.22702
-1.26110 0.33073 -1.75234 -0.77755
-1.38368 0.34002 -1.80600 -0.88562
6.00681 0.69506 5.12606 7.20599
4.59168 1.70216 2.54383 6.71847
5.74493 0.21623 5.38297 6.05546
-1.81562 0.37946 -2.52300 -1.41347
-1.05924 0.39443 -1.69804 -0.47786
-1.57512 0.44098 -2.23666 -1.05525
5.29972 1.22322 3.37013 6.45277
-0.43130 0.80203 -1.32889 0.91031
-0.35296 0.68237 -1.57502 0.43154
0.33117 0.48482 -0.15703 1.22487
-1.27472 1.08708 -2.79243 0.20235
-0.07667 0.46471 -0.88118 0.56602
-1.02291 0.40966 -1.73154 -0.60528
4.36352 1.49056 2.33090 6.68614
