# avg	std	min	max
-0.56679 0.09478 -0.68545 -0.39421
0.69252 0.02533 0.66524 0.72209
1.35282 0.00751 1.34391 1.36267
-0.00085 0.00000 -0.00085 -0.00085
2.09289 0.07345 1.99094 2.15802
0.89968 0.02686 0.86324 0.94164
2.14652 0.32685 1.49340 2.33522
4.11138 0.13047 3.85226 4.20244
0.25875 0.03794 0.22770 0.31917
0.81092 0.01683 0.79102 0.82877
1.44394 0.01399 1.42004 1.45880
1.06950 0.05363 1.04252 1.17675
2.47595 0.22117 2.19979 2.68011
1.31863 0.00778 1.30369 1.32587
0.47568 0.00669 0.46838 0.48592
0.64773 0.00529 0.63882 0.65283
1.55816 0.01069 1.54552 1.57778
-0.57300 0.13297 -0.68967 -0.31560
-0.79080 0.08164 -0.88615 -0.65630
2.21896 0.35397 1.52441 2.49812
