# avg	std	min	max
2.62587 0.00000 2.62587 2.62587
1.23036 0.00001 1.23034 1.23037
1.56156 0.00029 1.56121 1.56189
-0.00000 0.00000 -0.00000 -0.00000
1.66216 0.51886 1.24167 2.41849
-0.31831 0.01368 -0.33626 -0.30086
-0.07081 0.00315 -0.07461 -0.06762
0.62569 0.00379 0.62353 0.63325
1.78564 0.00075 1.78460 1.78693
1.25067 0.00792 1.24127 1.26341
1.71521 0.00302 1.71082 1.71831
0.78667 0.24223 0.61937 1.26780
0.39961 0.02659 0.37733 0.43948
1.11216 0.00341 1.10612 1.11651
1.08118 0.00848 1.06775 1.09197
1.84080 0.15555 1.66588 2.03248
1.15096 0.05682 1.08736 1.22660
0.49147 0.01702 0.46738 0.50868
0.72617 0.01018 0.71535 0.74089
0.57353 0.02993 0.53492 0.61850
