# avg	std	min	max
-2.27968 0.39224 -2.89525 -1.75074
-1.48546 0.51660 -2.08930 -0.53018
-0.32997 0.73045 -1.32020 0.38203
-1.27986 0.33277 -1.55358 -0.68176
0.62383 0.52197 0.04276 1.33683
-1.59395 0.45847 -2.09715 -0.81314
1.81432 0.66672 1.28302 3.01667
5.05825 1.10857 3.36853 6.86183
4.15766 0.67304 3.25725 4.96234
-0.26232 0.24164 -0.66828 0.06938
0.58709 0.35845 0.20147 1.18312
-0.40881 0.12042 -0.59640 -0.22350
2.23436 1.33184 0.46471 3.91572
-0.08670 0.07765 -0.20578 -0.01276
0.53170 0.50154 0.01553 1.15277
-0.99969 0.31579 -1.41699 -0.69258
-0.01276 0.63492 -1.18351 0.66336
1.16031 0.54969 0.22243 1.83011
1.34788 0.36660 0.79373 1.85939
3.28905 0.65416 2.25545 4.12285
