# avg	std	min	max
-0.46868 0.00788 -0.47493 -0.45633
0.20017 0.00296 0.19668 0.20421
0.98289 0.00174 0.98003 0.98504
1.62725 0.04589 1.57874 1.69210
1.82487 0.03743 1.78949 1.88167
-0.42435 0.02878 -0.47210 -0.39484
-0.06268 0.00264 -0.06611 -0.05955
1.06128 0.02446 1.03351 1.10169
3.66592 0.21722 3.38969 3.93480
0.20163 0.00675 0.19234 0.21080
2.12757 0.01096 2.11533 2.14382
0.06091 0.01214 0.05124 0.07987
0.12630 0.04833 0.05014 0.18821
-0.01587 0.01056 -0.02671 0.00081
-0.61254 0.01023 -0.62328 -0.59785
0.39585 0.01478 0.37893 0.42096
-0.40504 0.02177 -0.42435 -0.36302
0.62404 0.01289 0.61151 0.64822
-0.85703 0.01218 -0.87422 -0.83745
0.13562 0.01286 0.11851 0.15541
