# avg	std	min	max
1.52724 0.01536 1.50645 1.54830
1.46123 0.00080 1.45982 1.46196
1.83287 0.06382 1.76357 1.95397
1.28481 0.12376 1.07360 1.44485
1.68697 0.02000 1.65277 1.70979
1.30976 0.07605 1.20716 1.38879
1.67809 0.07497 1.59859 1.79715
1.69573 0.02203 1.66499 1.72297
-0.00158 0.00125 -0.00389 -0.00057
1.40585 0.00226 1.40298 1.40804
1.82732 0.01324 1.80090 1.83483
1.32687 0.01312 1.31436 1.34999
1.62447 0.01333 1.61098 1.64891
1.45145 0.03435 1.39880 1.49681
1.19561 0.07222 1.14103 1.33597
1.74458 0.05097 1.71744 1.84651
1.21595 0.12117 1.06509 1.37136
1.12629 0.02664 1.09017 1.17053
1.31228 0.02696 1.27981 1.35960
1.80126 0.02620 1.75496 1.83481
