# avg	std	min	max
-2.29755 0.06258 -2.39090 -2.21216
-1.95135 0.23137 -2.35762 -1.72423
0.21340 0.04369 0.17799 0.29877
-1.21970 0.17397 -1.55722 -1.07174
1.33746 0.21812 1.12733 1.62814
-1.58722 0.30873 -1.95534 -1.15314
1.68637 0.58083 0.71045 2.33919
3.84572 0.48971 3.25249 4.53035
5.44729 0.24281 5.18813 5.78291
-2.81531 0.20313 -3.11290 -2.53144
-0.41413 0.46134 -0.98627 0.32224
-1.42281 0.37320 -1.82734 -0.82559
-0.00578 0.36393 -0.57165 0.41513
0.24464 0.40653 -0.03451 1.05378
-0.16743 0.22336 -0.57979 0.01496
2.52556 0.88013 1.36771 3.37885
0.50906 0.22241 0.32784 0.91068
-1.18165 0.33065 -1.51914 -0.57079
-1.08241 0.15911 -1.28464 -0.81818
3.35191 0.47225 2.72024 4.09676
