# avg	std	min	max
-0.05757 0.06692 -0.15326 0.02682
0.33424 0.02522 0.31019 0.38306
-0.50128 0.18868 -0.87134 -0.34990
-0.48719 0.08322 -0.63951 -0.40889
-0.24427 0.37458 -0.70333 0.42296
-0.37444 0.04128 -0.42549 -0.30777
-0.86732 0.06910 -0.95586 -0.77317
-0.15378 0.03279 -0.19462 -0.10191
1.79789 0.08297 1.66664 1.87303
0.03077 0.17268 -0.23215 0.22247
-0.09776 0.45009 -0.55201 0.50843
0.44925 0.04360 0.36906 0.49532
-0.85140 0.03501 -0.90655 -0.81047
-0.17222 0.06747 -0.29490 -0.10482
-0.02360 0.04289 -0.05396 0.05928
1.04419 0.06500 0.91905 1.10389
-0.46569 0.03229 -0.51641 -0.42224
-0.81399 0.08739 -0.94274 -0.69136
-0.76362 0.01608 -0.78811 -0.74382
-0.30540 0.03579 -0.36062 -0.26433
