# avg	std	min	max
-5.25474 0.01144 -5.27322 -5.24180
-1.22509 0.01164 -1.24106 -1.21051
1.77633 0.00680 1.76397 1.78484
-0.04832 0.24658 -0.26167 0.42186
1.99718 0.02603 1.95991 2.02859
-0.92105 0.01743 -0.94489 -0.89314
4.18890 0.31756 3.55607 4.39249
5.40090 0.03738 5.36393 5.46505
5.58104 0.00634 5.56977 5.58853
0.09575 0.01934 0.06601 0.12093
2.71365 0.03253 2.66826 2.75891
-0.57933 0.01952 -0.59991 -0.55231
4.47517 0.31144 4.22940 5.07279
2.03670 0.71776 1.37977 2.96528
-0.00711 0.01358 -0.03094 0.01035
2.49477 0.63791 1.58591 3.30435
-0.19881 0.03711 -0.25814 -0.15172
-0.45499 0.09289 -0.55603 -0.29357
0.10598 0.05874 0.04054 0.19786
2.44013 0.32951 1.97465 2.94738
