# avg	std	min	max
0.52960 0.08103 0.42766 0.60258
0.43428 0.06335 0.36410 0.51831
0.60356 0.00041 0.60326 0.60436
0.15611 0.08632 0.05287 0.31250
0.56181 0.04285 0.49912 0.62328
-0.66723 0.08596 -0.82808 -0.57603
0.28161 0.03585 0.21232 0.31272
0.57482 0.03181 0.54720 0.63640
3.21692 0.03504 3.17887 3.27894
-0.39917 0.02629 -0.44359 -0.37617
0.12222 0.06403 0.02356 0.21460
0.01239 0.09053 -0.11735 0.14728
0.31015 0.03208 0.26214 0.34333
-0.03616 0.07478 -0.12065 0.07684
-0.00326 0.00000 -0.00326 -0.00326
0.32506 0.02887 0.29447 0.36062
-0.08076 0.03507 -0.13393 -0.04278
0.23558 0.02997 0.17926 0.26415
0.47144 0.03990 0.43715 0.54584
0.19082 0.00065 0.19026 0.19201
