# avg	std	min	max
0.25774 0.00754 0.24691 0.26929
-0.07736 0.00106 -0.07828 -0.07584
-0.01500 0.00396 -0.01785 -0.00736
-0.15239 0.04232 -0.19176 -0.07058
-0.26743 0.00474 -0.27360 -0.26095
-0.56780 0.01934 -0.58474 -0.53146
-0.00296 0.00608 -0.00965 0.00624
0.05746 0.03269 0.01785 0.10908
0.64427 0.00532 0.64002 0.65472
0.13998 0.00534 0.13412 0.14726
0.21619 0.21640 -0.12836 0.55593
-0.33413 0.00243 -0.33671 -0.33027
0.06159 0.03023 0.03266 0.11770
0.30411 0.05916 0.18597 0.33801
-0.03630 0.03476 -0.09511 0.00093
0.38455 0.03190 0.35999 0.44757
0.25023 0.03446 0.22170 0.31792
-0.64891 0.06390 -0.75765 -0.57554
-0.14899 0.02853 -0.19929 -0.11723
0.32041 0.02619 0.29530 0.36655
