# avg	std	min	max
0.04302 0.00729 0.03651 0.05602
0.02016 0.01136 0.01448 0.04288
1.85848 0.00037 1.85814 1.85917
0.08829 0.17628 -0.26262 0.20408
1.71068 0.00102 1.70977 1.71252
0.42909 0.14973 0.13528 0.55202
0.04866 0.14874 -0.13374 0.20898
0.52538 0.03513 0.48510 0.58789
5.00818 0.02639 4.95940 5.03278
-0.38275 0.01782 -0.40310 -0.35971
0.51562 0.00951 0.50617 0.52734
0.04743 0.01685 0.03749 0.08101
0.23383 0.01708 0.21541 0.25577
0.61062 0.01073 0.59565 0.62371
-0.02743 0.00000 -0.02743 -0.02743
0.31527 0.01703 0.30181 0.34893
-0.13311 0.05769 -0.20196 -0.04784
-0.04739 0.14297 -0.26680 0.12757
-0.07775 0.18309 -0.40872 0.08652
0.35756 0.01178 0.34141 0.37731
