# avg	std	min	max
-3.40485 0.29389 -3.61817 -2.82285
-3.14252 0.04361 -3.21647 -3.10911
3.79002 0.03574 3.73060 3.82778
0.65416 0.61174 0.00746 1.73090
4.60953 0.09363 4.43033 4.70664
-1.36920 0.25768 -1.69220 -0.89975
13.10442 1.94881 10.85040 15.73150
9.87020 3.62066 6.95596 16.72370
13.20776 0.13631 13.07050 13.45260
-2.64183 0.05931 -2.72833 -2.58602
2.57212 0.26607 2.34426 2.97533
-0.99278 0.12291 -1.21050 -0.89097
10.93108 1.98699 8.04808 13.83520
-0.84884 0.02568 -0.88711 -0.80621
0.65880 0.30297 0.32319 1.17252
0.38842 0.16590 0.10475 0.62357
1.69271 0.12889 1.44893 1.79909
0.41574 0.34357 -0.16690 0.77011
-0.14553 0.25591 -0.65735 -0.01758
5.50461 1.11580 4.53899 7.63805
