# avg	std	min	max
-2.28629 0.02306 -2.31745 -2.26077
-2.69989 0.00542 -2.70734 -2.69186
0.96185 0.41946 0.45454 1.40439
-3.16092 0.32846 -3.74740 -2.78042
0.46291 0.44844 -0.23108 1.11530
-2.72691 0.36764 -3.16213 -2.17057
-2.33730 1.31524 -3.38603 0.18130
-1.80137 0.58602 -2.80767 -1.23588
-1.37818 1.48783 -3.31816 0.51024
-2.82824 0.07658 -2.92408 -2.71802
-0.04011 0.00000 -0.04011 -0.04011
-1.72683 0.25903 -1.92144 -1.21622
-2.84868 0.23819 -3.23629 -2.53829
-1.87867 0.17645 -2.12727 -1.58149
-1.71498 0.53076 -2.22582 -0.83447
-1.56550 0.16477 -1.71252 -1.33763
-1.39674 0.72583 -2.29748 -0.54470
-2.57676 0.67022 -3.55109 -1.60684
-2.17667 0.29543 -2.52001 -1.63524
0.55969 1.38707 -2.14422 1.57583
