# avg	std	min	max
-1.12054 0.03239 -1.15909 -1.08054
-1.01632 0.04529 -1.07432 -0.93988
-0.20481 0.04904 -0.24360 -0.11739
-1.15771 0.11038 -1.34094 -1.03275
-0.32130 0.02226 -0.34511 -0.28882
-0.91143 0.04810 -0.99071 -0.84091
-1.13280 0.06288 -1.25404 -1.08286
-0.89053 0.11406 -0.98481 -0.67481
-2.79358 0.04448 -2.86688 -2.75289
-0.96312 0.04149 -1.02310 -0.91684
-0.00074 0.00149 -0.00372 0.00000
-0.72766 0.02431 -0.74594 -0.67998
-0.92538 0.29899 -1.22674 -0.54909
-0.68398 0.00539 -0.69045 -0.67793
-1.07695 0.24505 -1.50964 -0.81647
-0.90710 0.02563 -0.94290 -0.87932
-1.07684 0.05179 -1.17680 -1.02820
-1.05972 0.02095 -1.09129 -1.03565
-0.99784 0.01035 -1.00945 -0.98397
-0.68929 0.08172 -0.84709 -0.62572
