# avg	std	min	max
-2.26970 0.49435 -2.70639 -1.32664
-2.13019 0.00440 -2.13262 -2.12140
0.00215 0.00195 0.00000 0.00486
2.29252 1.03457 1.60672 4.33632
3.04848 0.18199 2.77134 3.20288
3.14858 1.32695 1.64782 5.15117
8.02756 0.17766 7.68814 8.20176
33.76902 0.15544 33.57220 33.95320
-1.37079 0.42689 -1.81995 -0.60994
-1.00602 0.01126 -1.02362 -0.98854
-0.22572 0.01234 -0.24193 -0.21179
-0.85106 0.00048 -0.85156 -0.85037
13.53620 0.35887 13.13100 14.13830
2.36140 0.13173 2.17251 2.51153
5.13852 1.59432 3.78128 8.13533
4.30128 0.02764 4.25452 4.33503
6.16796 1.30726 5.21794 8.65673
3.69985 1.31696 1.85341 5.21379
12.29651 1.79498 9.57306 14.74930
8.08914 0.78038 7.00019 9.07680
