# avg	std	min	max
-0.23826 0.08726 -0.38694 -0.14842
-0.37496 0.01174 -0.38712 -0.35502
-0.00005 0.00018 -0.00020 0.00027
-0.90867 0.06946 -1.03476 -0.82531
-0.93247 0.00988 -0.94583 -0.91581
-1.70657 0.05033 -1.76342 -1.64655
-0.94943 0.03977 -1.00234 -0.88734
-1.34577 0.05012 -1.38339 -1.24701
-1.35716 0.00069 -1.35833 -1.35632
-0.27263 0.00046 -0.27335 -0.27200
0.24983 0.01095 0.23280 0.26366
-0.94041 0.00317 -0.94648 -0.93714
-0.94219 0.03066 -0.98794 -0.89906
-0.28271 0.08757 -0.45778 -0.23665
-0.50469 0.01659 -0.52328 -0.48355
-0.37404 0.01522 -0.40003 -0.35809
-0.81176 0.05297 -0.87258 -0.71309
-0.66553 0.03333 -0.69700 -0.61932
-0.44259 0.11693 -0.67312 -0.35667
-0.10659 0.03393 -0.16881 -0.06989
