# avg	std	min	max
-5.87573 0.09338 -5.97225 -5.70794
-5.27805 0.18838 -5.51889 -5.06410
0.00000 0.00000 0.00000 0.00000
-4.71949 0.06072 -4.83932 -4.67623
2.07202 0.34197 1.60192 2.64731
-4.44530 0.70640 -5.49612 -3.56768
-5.25457 0.45292 -5.83713 -4.64418
-2.02015 0.52685 -2.61516 -1.03127
12.37004 0.34807 11.70420 12.69160
-3.94706 0.19529 -4.20492 -3.71238
-0.07345 1.10375 -1.54459 0.87389
-5.06426 0.82534 -6.68211 -4.41903
-5.03890 0.34687 -5.44830 -4.52348
-4.18509 0.56817 -4.87746 -3.34333
-3.14019 0.42026 -3.96657 -2.80821
-5.24346 0.35320 -5.82843 -4.77086
-3.57984 0.15470 -3.88425 -3.45058
-5.02909 0.22168 -5.47008 -4.87562
-3.94056 0.17977 -4.20557 -3.73407
-3.30916 0.08102 -3.42658 -3.19497
