# avg	std	min	max
-4.78715 0.33797 -5.31271 -4.31323
-3.60383 0.51421 -4.32009 -2.95874
-0.14670 0.15292 -0.43291 0.00000
-2.04385 0.30366 -2.57494 -1.64449
-0.33558 0.27169 -0.72043 0.13202
-2.62968 0.28340 -3.18671 -2.41647
-2.34571 0.13320 -2.54166 -2.12530
-2.50728 0.16223 -2.77440 -2.26431
4.92612 0.30784 4.69462 5.51415
-1.98399 0.36509 -2.29922 -1.49787
-1.51403 0.09159 -1.65293 -1.39294
-2.26232 0.31923 -2.54183 -1.81307
-2.36482 0.14460 -2.57369 -2.21239
-2.04003 0.42161 -2.57456 -1.45111
-2.37726 0.09817 -2.56678 -2.28272
-2.12476 0.60769 -3.06473 -1.15834
-2.42804 0.30816 -2.69019 -1.82345
-2.11165 0.38247 -2.77195 -1.57790
-1.97839 0.39433 -2.47169 -1.52643
-1.83957 0.34932 -2.52712 -1.55501
