# avg	std	min	max
0.15673 0.35958 -0.08176 0.86843
-1.23937 0.47810 -1.72063 -0.41557
0.00007 0.00107 -0.00120 0.00202
-1.42702 0.41048 -2.00356 -0.90804
0.38118 0.58167 -0.56645 1.00197
-0.62236 1.04298 -1.98568 0.59756
4.40360 0.13292 4.18032 4.58641
5.60420 1.12918 3.45121 6.60155
1.14952 0.51137 0.39045 1.73800
0.44292 0.44561 -0.11918 0.97392
2.05667 0.62459 1.19061 2.79060
-0.13292 0.00536 -0.14089 -0.12578
7.31854 2.55435 5.26494 12.05070
1.56057 0.32808 1.27075 2.16047
1.77538 0.95143 0.67581 3.40357
2.16687 0.61698 1.43563 3.15756
3.39670 0.87841 2.36005 4.55611
3.80283 1.84988 2.12052 7.23044
6.90420 1.46963 4.13123 8.43403
4.11934 1.85087 1.61778 6.99063
