# avg	std	min	max
-4.29515 0.11722 -4.40828 -4.15025
-2.26422 0.02131 -2.27487 -2.22160
-0.00088 0.00000 -0.00088 -0.00088
-1.65607 0.00161 -1.65842 -1.65402
0.21195 0.23416 -0.05486 0.59318
-1.62712 0.02885 -1.67492 -1.59686
-1.32757 0.01527 -1.34832 -1.30680
-0.91125 0.03270 -0.95672 -0.88107
6.82121 0.44714 5.94021 7.11900
-2.97455 0.23063 -3.27451 -2.78423
-1.03544 0.15755 -1.34857 -0.92307
-2.04899 0.17622 -2.40128 -1.95204
-1.30680 0.01621 -1.32616 -1.28237
-1.92118 0.08802 -2.05513 -1.80214
-1.55436 0.13021 -1.75242 -1.42579
-2.31719 0.00322 -2.32139 -2.31299
-2.13133 0.14612 -2.42276 -2.04079
-1.68636 0.14472 -1.82473 -1.50922
-2.60858 0.03446 -2.66006 -2.55845
-1.26275 0.31995 -1.57761 -0.87477
