# avg	std	min	max
-2.19150 0.01679 -2.20312 -2.15838
-0.68517 0.00000 -0.68517 -0.68517
0.00400 0.00231 -0.00005 0.00700
-0.88566 0.11080 -1.09710 -0.78287
0.12295 0.07310 0.02689 0.19280
-0.97093 0.03314 -1.01745 -0.91980
-0.75283 0.01497 -0.77107 -0.72528
-0.72042 0.06096 -0.82797 -0.65944
-2.14234 0.04300 -2.20809 -2.08634
-0.56362 0.00260 -0.56681 -0.56150
0.27485 0.08283 0.10924 0.31864
-0.50221 0.01749 -0.53062 -0.47916
-0.61167 0.00037 -0.61208 -0.61122
-0.18824 0.00100 -0.19018 -0.18737
-0.45359 0.00596 -0.46133 -0.44338
-1.18949 0.02145 -1.22327 -1.16002
-0.80426 0.04180 -0.85452 -0.74780
-1.07606 0.08146 -1.17780 -0.97213
-0.60871 0.06815 -0.72491 -0.51352
-0.83039 0.00115 -0.83235 -0.82876
