# avg	std	min	max
-2.41919 0.08614 -2.50953 -2.25811
-3.83513 0.07556 -3.94693 -3.75043
-4.22799 0.04496 -4.28044 -4.15910
-3.53395 0.92720 -4.10257 -1.68497
-3.49000 0.08058 -3.61389 -3.39924
-5.53260 0.40312 -6.11981 -4.98810
-0.97653 0.68450 -2.34546 -0.62163
-0.19230 0.96626 -1.76632 0.63838
-3.74082 0.07377 -3.81640 -3.63024
-3.28282 0.29316 -3.86541 -3.10942
-2.52638 0.32838 -3.16726 -2.28232
-4.53060 0.16122 -4.83824 -4.40864
0.00000 0.00000 0.00000 0.00000
-2.92748 0.35806 -3.28192 -2.44813
-4.62162 0.44464 -5.18138 -4.23630
-1.66792 0.30555 -2.26347 -1.41047
-3.73003 0.13155 -3.84769 -3.47323
-4.62924 0.08705 -4.73433 -4.51540
-4.10197 0.16528 -4.35593 -3.90845
-0.55433 0.56278 -0.95349 0.55622
