# avg	std	min	max
0.32113 0.08468 0.17514 0.40537
0.54752 0.05091 0.48021 0.61967
0.18637 0.16726 -0.00852 0.37679
-0.60115 0.11277 -0.74035 -0.41818
-0.00914 0.13104 -0.08746 0.25209
-0.70756 0.06014 -0.76929 -0.60533
-0.52309 0.02783 -0.56997 -0.49411
0.92755 0.26830 0.44666 1.26150
6.75628 0.11774 6.62533 6.91254
0.82990 0.06283 0.75493 0.90378
0.47298 0.21572 0.15407 0.69638
0.52737 0.01781 0.50066 0.55649
-0.00193 0.00147 -0.00453 -0.00000
0.72653 0.05254 0.65681 0.81792
0.47044 0.03617 0.43540 0.52494
2.21854 0.06730 2.09392 2.29697
0.80835 0.09711 0.69209 0.97631
-0.45260 0.00868 -0.46423 -0.44330
0.29107 0.08909 0.15646 0.38326
0.56228 0.03301 0.52651 0.60210
