# avg	std	min	max
-2.04520 0.02527 -2.09175 -2.02178
0.67496 0.07799 0.56252 0.78508
1.72282 0.04272 1.66009 1.79449
0.53199 0.01858 0.50510 0.55373
1.35160 0.14502 1.21890 1.57086
-0.02193 0.03665 -0.07209 0.02456
0.10320 0.15307 -0.06628 0.32141
-0.14862 0.09124 -0.23499 0.01474
2.43283 0.07299 2.34173 2.53099
1.01352 0.14575 0.80722 1.16669
1.66668 0.08640 1.51097 1.76671
0.76077 0.10084 0.56709 0.86204
0.01205 0.02410 -0.00000 0.06024
1.02301 0.02024 0.99572 1.05139
0.76207 0.09850 0.57847 0.83840
0.93122 0.02902 0.90816 0.98847
0.64456 0.03560 0.61902 0.71140
0.35778 0.02199 0.33124 0.39444
0.58871 0.08338 0.43437 0.67335
0.87981 0.00869 0.86902 0.89489
