# avg	std	min	max
0.76825 0.00000 0.76825 0.76825
-0.00000 0.00000 -0.00000 0.00000
0.90371 0.20308 0.65793 1.12244
-0.08460 0.01216 -0.10289 -0.07372
0.31870 0.08852 0.14372 0.38538
-0.10472 0.08200 -0.19002 0.01983
0.00217 0.05024 -0.04613 0.09049
0.32305 0.09127 0.17715 0.44465
0.38989 0.26535 0.06036 0.79190
0.81300 0.00008 0.81290 0.81308
1.29567 0.06853 1.19247 1.39497
0.49818 0.04732 0.43625 0.56522
0.08052 0.10783 -0.10265 0.23608
0.29919 0.06733 0.19825 0.38662
0.35132 0.02594 0.31976 0.38997
0.87992 0.03126 0.83937 0.93021
0.52876 0.01480 0.51135 0.54838
-0.05981 0.01513 -0.08311 -0.03775
-0.14812 0.02486 -0.18933 -0.11852
0.47730 0.02635 0.44826 0.51711
