# avg	std	min	max
0.28053 0.04423 0.23349 0.33589
1.36898 0.02367 1.34994 1.41307
0.54995 0.33236 0.20119 1.13534
0.28855 0.24586 -0.07873 0.69201
0.62138 0.34324 0.20811 1.04977
-0.59286 0.08526 -0.75765 -0.53020
0.44847 0.08442 0.34771 0.60138
1.89066 0.63141 0.92535 2.69476
3.62958 0.03081 3.60562 3.68679
0.45102 0.13154 0.34950 0.70050
0.97471 0.11810 0.82476 1.08593
0.11116 0.02297 0.08129 0.14862
0.51343 0.24532 0.22466 0.84823
0.17089 0.04539 0.09761 0.23120
0.36414 0.09373 0.19005 0.44908
-0.03100 0.02385 -0.07846 -0.01456
0.34225 0.07299 0.26415 0.43811
0.43253 0.07019 0.35047 0.52510
0.29807 0.05668 0.22323 0.39540
0.62357 0.08852 0.47316 0.72612
