# avg	std	min	max
0.29612 0.03246 0.24253 0.32719
-0.27436 0.00329 -0.27858 -0.26941
0.34664 0.01582 0.33740 0.37823
-0.06587 0.10224 -0.25438 0.05652
0.27423 0.01392 0.25490 0.28722
0.00938 0.01748 -0.01959 0.03449
0.26835 0.03169 0.24380 0.32983
0.40571 0.01455 0.38619 0.42513
0.05464 0.41509 -0.58506 0.67519
0.15760 0.00713 0.14747 0.16795
0.29712 0.00342 0.29372 0.30316
0.44142 0.00668 0.43356 0.45092
0.26807 0.00637 0.26037 0.27609
-0.28755 0.05690 -0.34744 -0.20092
-0.52766 0.01774 -0.55379 -0.50020
0.18406 0.00477 0.17767 0.18973
-0.00140 0.00265 -0.00550 0.00285
-0.21348 0.03271 -0.25700 -0.16837
-0.31216 0.10475 -0.49573 -0.18538
0.21041 0.09304 0.09225 0.37399
