# avg	std	min	max
0.60452 0.04792 0.51999 0.66058
0.22797 0.02448 0.20274 0.27036
0.15506 0.01515 0.13397 0.17538
-0.53037 0.00424 -0.53510 -0.52394
-0.19983 0.03918 -0.24156 -0.13651
-0.33511 0.05029 -0.38064 -0.24205
-0.15647 0.00249 -0.16081 -0.15408
0.01404 0.01961 -0.00475 0.04880
2.99597 0.29726 2.72812 3.52811
0.33815 0.02161 0.30439 0.36557
0.01443 0.00577 0.00439 0.02112
0.09953 0.00362 0.09646 0.10649
-0.21155 0.09068 -0.32094 -0.10937
0.38441 0.00612 0.37596 0.39486
-0.11101 0.01640 -0.12764 -0.08103
0.55078 0.01784 0.52953 0.57658
-0.00979 0.00496 -0.01487 -0.00043
-0.20661 0.02420 -0.24131 -0.16622
-0.24677 0.15627 -0.40754 -0.02596
0.34014 0.00433 0.33529 0.34707
