# avg	std	min	max
0.00000 0.00000 0.00000 0.00000
3.02878 0.00074 3.02785 3.02960
4.04311 0.00366 4.03883 4.04938
1.25521 0.05935 1.22252 1.37382
3.55836 0.00465 3.55093 3.56526
1.23634 0.04071 1.15825 1.27815
1.94325 0.07708 1.84849 2.00842
1.85572 0.00303 1.85209 1.86088
5.04792 0.07245 4.91146 5.09924
3.10701 0.00009 3.10685 3.10711
3.48529 0.00449 3.47853 3.48944
2.37674 0.01456 2.34792 2.38774
1.83025 0.14200 1.66274 2.06646
1.69005 0.03182 1.66218 1.74850
2.04234 0.30645 1.70642 2.56423
2.65896 0.00379 2.65424 2.66578
2.77822 0.02055 2.74188 2.80344
2.12365 0.05795 2.01568 2.17739
1.46656 0.43041 1.11601 2.28294
2.57772 0.00980 2.56613 2.59002
