# avg	std	min	max
0.00000 0.00000 0.00000 0.00000
2.41879 0.00000 2.41879 2.41879
3.89874 0.00615 3.89010 3.90820
2.17348 0.00301 2.17111 2.17934
3.61557 0.01567 3.60145 3.64353
2.05358 0.12079 1.88400 2.26215
1.99852 0.00415 1.99459 2.00571
2.19244 0.08066 2.08165 2.26933
4.88839 0.06246 4.79350 4.96245
2.51798 0.00020 2.51781 2.51837
3.74156 0.00111 3.73937 3.74222
2.38578 0.00012 2.38564 2.38592
2.09266 0.02202 2.06652 2.12067
2.36696 0.00278 2.36457 2.37181
2.22042 0.03993 2.18359 2.27352
2.59622 0.00331 2.58967 2.59868
2.44930 0.00949 2.43684 2.45736
2.07017 0.02843 2.03945 2.11070
1.87720 0.02999 1.84213 1.93257
2.39070 0.01251 2.36850 2.40616
