# avg	std	min	max
0.00000 0.00000 0.00000 0.00000
2.73125 0.00000 2.73125 2.73125
6.00548 0.04049 5.96132 6.07156
2.35655 0.01197 2.34294 2.37079
5.79052 0.03086 5.74092 5.83583
2.09446 0.01698 2.07547 2.11432
3.76747 0.00850 3.76162 3.78438
3.73148 0.00509 3.72565 3.73827
6.22572 0.00308 6.22220 6.23050
2.92594 0.02162 2.90802 2.95249
4.35793 0.38262 4.04434 4.82687
2.80860 0.02795 2.79144 2.86385
3.78281 0.00353 3.77896 3.78896
2.39282 0.01781 2.37351 2.41957
2.35468 0.04776 2.28642 2.40949
2.81292 0.00096 2.81156 2.81419
2.51822 0.00363 2.51482 2.52359
2.47709 0.02003 2.44699 2.50540
2.08902 0.03855 2.03861 2.13009
2.35956 0.01252 2.34124 2.37422
