# avg	std	min	max
-0.00000 0.00000 -0.00000 0.00000
3.42702 0.05099 3.37600 3.51817
7.76315 0.04841 7.70856 7.83184
4.88472 0.40462 4.46801 5.60101
11.13674 0.32494 10.53850 11.46980
4.15139 0.48327 3.28297 4.66414
3.87746 0.11155 3.77278 4.07581
3.64980 0.30070 3.46088 4.24946
6.59788 0.64798 6.00897 7.61709
3.78416 0.10387 3.69447 3.98218
7.98426 1.08521 6.34713 9.40753
5.06511 0.34787 4.72682 5.73623
4.41732 0.89745 3.94219 6.21180
3.68036 0.72879 3.30535 5.13762
3.45761 0.61657 3.05875 4.68536
4.13834 0.01981 4.11303 4.17294
5.76212 0.88430 4.82041 7.23493
3.58753 1.23823 2.88113 6.06118
3.13871 0.08625 3.08876 3.31078
4.70265 0.08444 4.63168 4.86408
