# avg	std	min	max
0.61127 0.00709 0.60107 0.62121
0.33310 0.06904 0.27702 0.45544
-0.05711 0.01287 -0.07233 -0.04137
-0.48566 0.02591 -0.53310 -0.46240
-0.20298 0.11265 -0.33081 -0.06817
-0.90133 0.06234 -0.98156 -0.81537
-0.92370 0.02036 -0.94087 -0.88631
0.36124 0.01628 0.33143 0.37852
2.87175 0.05275 2.79891 2.94809
0.25232 0.02448 0.21165 0.28823
-0.22358 0.01846 -0.24689 -0.19577
-0.00739 0.00360 -0.01282 -0.00148
-1.39094 0.04795 -1.42802 -1.29761
0.44826 0.04185 0.42015 0.53161
0.04400 0.00040 0.04344 0.04444
0.57175 0.00462 0.56446 0.57778
0.42322 0.00727 0.41443 0.43455
0.00010 0.00110 -0.00045 0.00231
0.12136 0.01725 0.10293 0.15233
0.26327 0.00371 0.26040 0.27010
