# avg	std	min	max
0.88830 0.05608 0.79698 0.94162
0.62912 0.00951 0.61534 0.64324
0.38437 0.03077 0.32752 0.41285
-0.21736 0.10766 -0.33836 -0.06612
0.11589 0.05535 0.02642 0.18397
-0.53368 0.05554 -0.61762 -0.46467
0.03337 0.01978 0.01652 0.07201
0.19532 0.05597 0.13452 0.29725
3.77048 0.01472 3.75662 3.79168
0.69347 0.02251 0.67537 0.73746
0.78003 0.01500 0.76114 0.80215
0.44307 0.00853 0.43439 0.45697
0.05540 0.01537 0.02510 0.06658
0.69862 0.09406 0.51219 0.75896
0.04925 0.06081 -0.02875 0.11026
1.08649 0.04332 1.04179 1.16804
0.28482 0.03965 0.21035 0.32254
-0.00536 0.01344 -0.02701 0.01036
-0.14671 0.04841 -0.22306 -0.07330
0.64924 0.01884 0.63078 0.68450
