# avg	std	min	max
0.38437 0.04696 0.36089 0.47828
0.25589 0.00000 0.25589 0.25589
0.31818 0.01988 0.29382 0.33528
0.12410 0.00777 0.11881 0.13934
0.14839 0.00119 0.14707 0.15054
-0.01531 0.00734 -0.02408 -0.00500
-0.11624 0.00424 -0.11918 -0.10799
-0.39665 0.01801 -0.41039 -0.36106
-0.95317 0.00608 -0.95856 -0.94503
-0.13171 0.00530 -0.13558 -0.12137
0.19345 0.01813 0.16963 0.20826
0.10853 0.00020 0.10821 0.10880
-0.07281 0.01981 -0.09683 -0.04501
-0.33129 0.00953 -0.33743 -0.31244
-0.06980 0.06274 -0.18295 -0.00503
0.33633 0.00665 0.32748 0.34646
-0.32673 0.06785 -0.41420 -0.20953
-0.00165 0.00000 -0.00165 -0.00165
-0.53905 0.21577 -0.96561 -0.39171
-0.15411 0.00814 -0.16292 -0.14329
