# avg	std	min	max
1.51116 0.01204 1.49648 1.52345
0.69100 0.00116 0.68945 0.69258
0.82527 0.01229 0.81057 0.84691
0.00013 0.00139 -0.00228 0.00185
0.03708 0.28728 -0.32424 0.30746
0.13173 0.01182 0.11057 0.14302
0.34484 0.01449 0.31589 0.35321
0.83493 0.01588 0.82078 0.85791
1.90192 0.43952 1.48651 2.50731
0.42020 0.00246 0.41623 0.42362
0.67819 0.00186 0.67511 0.68049
1.22549 0.00007 1.22544 1.22563
0.46173 0.00792 0.45732 0.47755
0.56476 0.01372 0.54980 0.58724
0.48937 0.03218 0.43193 0.51934
0.78891 0.03297 0.73598 0.83598
0.73507 0.01923 0.70629 0.76349
-0.28447 0.07571 -0.36385 -0.14869
-0.14924 0.13238 -0.40900 -0.04917
0.14941 0.02053 0.11627 0.17307
