# avg	std	min	max
1.86969 0.04366 1.83251 1.95486
1.35547 0.02209 1.32033 1.39014
1.76589 0.01926 1.75569 1.80440
0.96485 0.00155 0.96269 0.96751
0.85444 0.00755 0.84276 0.86628
0.48839 0.04213 0.42544 0.53819
0.74874 0.07187 0.66276 0.86563
0.59328 0.01274 0.56989 0.60384
-0.00151 0.00066 -0.00221 -0.00052
1.76756 0.01665 1.74394 1.78468
1.65947 0.00051 1.65888 1.66033
1.74346 0.00408 1.74112 1.75159
0.90452 0.05368 0.83704 0.95835
1.66998 0.01187 1.65342 1.68720
1.04426 0.01617 1.01214 1.05500
1.88867 0.01927 1.86848 1.91464
1.43588 0.01746 1.41388 1.45994
1.01661 0.03315 0.97631 1.07075
1.14946 0.01961 1.12132 1.17196
1.52372 0.01825 1.50052 1.54716
