# avg	std	min	max
2.44036 0.00135 2.43914 2.44285
2.00906 0.00208 2.00495 2.01040
2.00806 0.00224 2.00556 2.01153
1.52982 0.08593 1.36885 1.61487
1.16231 0.00514 1.15222 1.16617
1.19454 0.05653 1.13294 1.28116
0.98482 0.03887 0.95237 1.06036
1.59679 0.03627 1.52742 1.62827
0.00072 0.00113 -0.00082 0.00206
2.13815 0.00662 2.12640 2.14694
1.80455 0.00247 1.80155 1.80856
2.05875 0.00189 2.05541 2.06044
1.18414 0.06446 1.13544 1.31182
2.45533 0.05548 2.34473 2.48959
1.81507 0.02160 1.79714 1.85414
2.79099 0.01516 2.76914 2.81672
2.17074 0.03207 2.14451 2.23218
1.48418 0.07520 1.33457 1.52713
1.43406 0.02880 1.38065 1.45739
1.75547 0.06052 1.65572 1.82343
