# avg	std	min	max
0.39440 0.07941 0.31043 0.54346
0.34760 0.03073 0.31838 0.39496
0.77803 0.02346 0.73628 0.80222
0.00925 0.14406 -0.09409 0.29514
0.65160 0.13934 0.41306 0.78167
-0.59769 0.26473 -0.83780 -0.24963
-0.17634 0.07108 -0.24528 -0.04355
-0.10594 0.05461 -0.17697 -0.03784
-0.93567 0.21384 -1.12923 -0.57037
0.88737 0.04199 0.83748 0.95659
0.74060 0.14601 0.59995 1.00925
0.10348 0.05412 0.02851 0.15302
0.03979 0.04221 -0.01519 0.09353
-0.27162 0.05145 -0.35141 -0.21053
-0.08384 0.11168 -0.26588 0.01465
0.90078 0.02647 0.85802 0.93129
-0.41821 0.24410 -0.61298 0.03355
-0.31721 0.13177 -0.54679 -0.15388
-0.54613 0.04813 -0.57883 -0.45348
-0.20524 0.14708 -0.33345 -0.01896
