# avg	std	min	max
1.89561 0.38450 1.55754 2.55497
0.80089 0.33913 0.32038 1.37737
-0.20225 0.39775 -0.53167 0.35869
0.06806 0.35174 -0.36640 0.48831
-0.45961 0.36645 -1.07489 -0.08914
0.04186 0.23141 -0.29054 0.37343
2.16964 0.50258 1.49741 2.77294
3.22255 1.00696 1.80171 4.59492
4.35866 0.62741 3.79390 5.26570
1.25182 0.39142 0.91234 1.91610
0.60234 0.29949 0.35523 1.09756
1.29694 0.27826 0.88743 1.69395
2.95799 0.94075 1.77313 4.49789
1.84495 0.54278 1.33450 2.59974
1.14757 0.39317 0.55383 1.74837
3.05507 0.41821 2.65347 3.80149
1.55392 0.31970 1.28517 2.15158
0.23684 0.26825 -0.06310 0.57216
-0.02208 0.08498 -0.10965 0.13069
1.48190 0.31948 1.02560 1.86801
