# avg	std	min	max
1.91975 0.04033 1.87070 1.96265
0.93310 0.04967 0.86266 0.99348
0.16869 0.05615 0.08902 0.22230
-0.59600 0.09586 -0.78195 -0.51950
-0.47069 0.07114 -0.56123 -0.37876
-0.88193 0.04182 -0.95178 -0.83414
0.18406 0.03136 0.15081 0.23969
-0.06032 0.08982 -0.19505 0.03721
3.69587 0.08379 3.58912 3.79896
1.31220 0.03667 1.25726 1.36262
1.47206 0.03940 1.41770 1.52383
0.96598 0.04694 0.89325 1.04103
0.23620 0.01799 0.21217 0.26191
1.46933 0.03207 1.44214 1.53192
0.43968 0.07812 0.31073 0.51870
1.68863 0.07003 1.63159 1.82471
0.89050 0.04535 0.81277 0.95136
-0.10775 0.05398 -0.18241 -0.01691
-0.03014 0.01473 -0.04681 -0.00828
1.21722 0.25195 0.87863 1.64373
