# avg	std	min	max
1.50491 0.03893 1.44223 1.55844
0.82767 0.04280 0.77921 0.88010
0.44082 0.04007 0.38180 0.49019
-0.64755 0.00943 -0.66529 -0.63811
-0.00483 0.03735 -0.07601 0.02367
-0.83347 0.15036 -1.13319 -0.74438
-0.91207 0.22384 -1.22797 -0.53582
-0.45798 0.18042 -0.60952 -0.11805
5.09650 0.63601 4.18933 5.71405
1.23999 0.05491 1.13428 1.29469
0.88190 0.14187 0.69422 1.02956
0.71987 0.02579 0.68577 0.75853
-1.04238 0.16255 -1.29350 -0.82066
0.72529 0.10829 0.54022 0.84971
0.56398 0.17961 0.29942 0.76607
2.62160 0.02329 2.59509 2.65234
1.37974 0.14285 1.11572 1.53369
-0.48783 0.05081 -0.54895 -0.41006
-0.00000 0.00000 -0.00000 -0.00000
0.10434 0.08022 0.00913 0.19662
