# avg	std	min	max
0.83407 0.01099 0.81608 0.84620
-0.17152 0.00158 -0.17465 -0.17040
-0.75394 0.01617 -0.77531 -0.72739
-1.56362 0.46201 -1.92724 -0.71350
-1.64675 0.04919 -1.70695 -1.58517
-1.47066 0.34121 -1.85953 -0.97964
-0.92308 0.46792 -1.57197 -0.33504
-0.10716 0.03402 -0.14439 -0.04623
2.13908 0.28549 1.87604 2.66920
0.00000 0.00000 0.00000 0.00000
-0.23878 0.00859 -0.25248 -0.22947
-0.49578 0.00254 -0.49793 -0.49087
-1.33989 0.55721 -2.15662 -0.88046
-0.63681 0.18939 -0.95100 -0.43853
-1.17895 0.02492 -1.21543 -1.14293
-0.73859 0.02035 -0.76427 -0.70782
-0.70910 0.18539 -0.98206 -0.52251
-1.43713 0.10356 -1.61101 -1.30223
-1.63225 0.28278 -2.11853 -1.32752
-0.38124 0.28822 -0.62553 0.17869
