# avg	std	min	max
0.38536 0.00027 0.38505 0.38567
-0.73379 0.00021 -0.73407 -0.73353
-1.68389 0.00163 -1.68679 -1.68206
-1.89360 0.15449 -2.05238 -1.62935
-2.39327 0.00182 -2.39569 -2.39026
-2.34679 0.20065 -2.70829 -2.12792
-1.91145 0.03364 -1.93682 -1.84705
-1.93948 0.17135 -2.09226 -1.70201
0.59249 0.04066 0.56402 0.66954
-0.00018 0.00018 -0.00041 0.00004
-1.15191 0.00037 -1.15219 -1.15123
-0.62857 0.00034 -0.62888 -0.62809
-1.64009 0.07253 -1.69724 -1.49925
-0.60352 0.03798 -0.63821 -0.53950
-1.12699 0.03788 -1.17159 -1.06378
-0.11778 0.02683 -0.16926 -0.09037
-0.70199 0.02581 -0.74391 -0.66472
-1.28672 0.12244 -1.51771 -1.16343
-1.16576 0.02148 -1.19147 -1.14155
-0.96222 0.08413 -1.04559 -0.80771
