# avg	std	min	max
1.21291 0.04945 1.16451 1.30230
0.32248 0.03591 0.25613 0.35839
-0.48955 0.02809 -0.53990 -0.46370
-0.56766 0.05948 -0.62902 -0.45398
0.02876 0.32125 -0.49306 0.41237
-0.73115 0.16212 -0.87615 -0.41873
0.08036 0.03495 0.02899 0.13343
-0.02436 0.04780 -0.09075 0.03768
2.09714 0.07257 2.00010 2.21466
-0.00073 0.00103 -0.00225 0.00045
0.18090 0.00034 0.18047 0.18129
-0.20312 0.22336 -0.53248 0.12593
0.03660 0.04499 -0.04538 0.08121
0.93209 0.05623 0.82988 0.99666
0.28248 0.06144 0.18570 0.35359
1.06785 0.04519 1.00407 1.13218
0.67165 0.07842 0.54393 0.75649
-0.04374 0.02471 -0.08643 -0.01673
-0.05578 0.25026 -0.55168 0.11449
0.91032 0.03283 0.86431 0.96309
