# avg	std	min	max
1.89990 0.01274 1.87635 1.90956
0.69530 0.00141 0.69439 0.69811
-1.50214 0.01268 -1.52027 -1.48810
1.05568 0.47297 0.79003 1.99995
-1.95119 0.00944 -1.96888 -1.94138
-1.50769 0.84246 -2.20253 0.12005
-0.22896 0.02164 -0.25112 -0.19137
-0.63537 0.12963 -0.89312 -0.54817
1.66829 0.06998 1.60976 1.76191
1.44586 0.03308 1.42046 1.51049
-0.00170 0.00317 -0.00772 0.00138
-0.13405 0.00579 -0.14535 -0.12885
-0.22040 0.11648 -0.44182 -0.12563
0.93493 0.01513 0.91514 0.95225
-0.10953 0.12586 -0.35547 -0.01930
1.74850 0.28400 1.44870 2.10319
0.91974 0.03799 0.85011 0.94992
0.21506 0.10415 0.06341 0.35471
-0.24600 0.57366 -0.99640 0.63385
0.70634 0.01258 0.69091 0.72139
