# avg	std	min	max
0.14722 0.00077 0.14637 0.14859
-0.24359 0.05084 -0.27023 -0.14199
0.02588 0.04967 -0.05833 0.08444
-0.87622 0.05197 -0.93470 -0.81300
-0.51048 0.05360 -0.59608 -0.46670
-1.47442 0.03638 -1.51956 -1.42517
-1.13255 0.03228 -1.14926 -1.06800
-1.36684 0.17782 -1.53822 -1.07585
-0.99685 0.00270 -0.99997 -0.99189
-0.08269 0.04784 -0.16821 -0.03568
-0.02725 0.05445 -0.13615 0.00006
-0.38316 0.05928 -0.43337 -0.30246
-0.94743 0.06553 -1.00120 -0.85733
-0.44643 0.04027 -0.51369 -0.40424
-0.57743 0.05101 -0.62354 -0.51272
-0.04875 0.05763 -0.09648 0.03881
-0.61833 0.01835 -0.65016 -0.60134
-0.65247 0.03867 -0.69492 -0.58573
-0.79841 0.13635 -1.01923 -0.64098
-0.52521 0.00526 -0.53540 -0.52119
