# avg	std	min	max
0.84041 0.12945 0.66062 0.98454
1.21106 0.04683 1.11902 1.24905
1.73210 0.12578 1.56821 1.91618
0.48041 0.05423 0.41661 0.55653
1.61911 0.08987 1.50824 1.76700
0.40432 0.09046 0.23814 0.49805
0.47406 0.07451 0.34986 0.55876
0.45398 0.16575 0.21380 0.60045
2.39306 0.11590 2.26221 2.59735
-0.66635 0.01045 -0.68430 -0.65556
-0.00584 0.00756 -0.01965 0.00000
1.29924 0.02003 1.26262 1.32395
0.46202 0.14616 0.23901 0.60870
0.74478 0.13927 0.47639 0.84433
0.87491 0.06273 0.77919 0.97514
0.96911 0.13342 0.70956 1.06594
0.97572 0.10006 0.80026 1.06395
0.76614 0.14971 0.47062 0.85818
0.87998 0.03750 0.82263 0.92150
1.52213 0.35273 1.22033 2.15695
