# avg	std	min	max
4.54271 0.02244 4.50985 4.57439
2.74621 0.01488 2.72816 2.76085
-0.00001 0.00005 -0.00006 0.00005
1.08079 0.88289 0.12118 2.19202
1.87894 0.70647 1.10978 2.70511
2.03993 0.46638 1.18071 2.56677
6.12663 1.44064 3.48431 7.48683
12.73873 1.97565 9.77405 15.82830
6.63394 0.11628 6.55603 6.86254
4.24264 0.00727 4.23281 4.24912
2.76570 0.35982 2.04607 2.94826
1.97051 0.00195 1.96661 1.97154
8.18723 2.75428 3.70412 10.73940
3.18965 0.01734 3.16665 3.20704
5.15958 0.93038 4.02136 6.42968
4.01391 0.00813 4.00624 4.02777
5.33299 0.39855 4.87385 5.91895
5.17778 1.69336 1.99552 6.94818
6.53076 0.92177 5.54555 8.20466
9.02661 2.10997 4.84496 10.48870
