# avg	std	min	max
3.74858 0.00047 3.74788 3.74912
2.47236 0.00070 2.47132 2.47340
-0.00117 0.00105 -0.00235 0.00000
0.00232 0.33921 -0.20835 0.67786
-0.45280 0.01574 -0.46966 -0.43359
-0.86524 0.09204 -1.00781 -0.76374
1.77839 0.05280 1.71712 1.86555
1.76901 0.10324 1.67022 1.95134
3.38061 0.02137 3.35984 3.40681
3.23835 0.00135 3.23599 3.24019
1.80263 0.02903 1.74706 1.82330
1.37341 0.07280 1.30829 1.46311
1.97514 0.07812 1.92087 2.12887
2.48673 0.00603 2.47503 2.49149
1.47348 0.04262 1.41936 1.55001
2.48154 0.12994 2.28123 2.66409
2.30421 0.01315 2.28101 2.31866
1.67526 0.24672 1.40397 2.08463
1.55765 0.50988 0.63801 2.17690
1.90052 0.05934 1.78217 1.93853
