# avg	std	min	max
3.76101 0.02016 3.74221 3.79031
2.53326 0.01786 2.49755 2.54259
-0.00231 0.00494 -0.01190 0.00164
-0.28999 0.12369 -0.46336 -0.09324
-0.48745 0.08158 -0.54396 -0.32805
-0.30506 0.03152 -0.33145 -0.24869
3.82285 1.14458 2.66307 5.87611
5.07003 0.68994 4.18968 6.31870
5.09383 0.12611 4.90153 5.21723
2.57347 0.01219 2.56270 2.59695
1.44702 0.01259 1.43619 1.46755
1.45273 0.00493 1.44881 1.46216
3.27076 0.72202 1.86499 3.85144
2.38579 0.13480 2.26078 2.55274
2.34933 0.13210 2.22416 2.51313
4.48479 0.02213 4.45906 4.51433
3.62488 0.01534 3.60834 3.64658
3.01423 0.41350 2.59253 3.56709
2.18993 0.70405 0.80331 2.75225
4.04688 1.11988 2.78159 5.84213
