# avg	std	min	max
5.42602 0.00044 5.42524 5.42662
3.35937 0.00234 3.35494 3.36154
-0.00277 0.00303 -0.00655 0.00000
0.37685 0.01433 0.36291 0.40410
-0.72826 0.00295 -0.73236 -0.72398
1.55735 0.26716 1.12077 1.94623
4.03062 1.12435 3.02167 6.12505
10.61067 1.93261 7.95680 12.53090
3.64457 0.03272 3.60694 3.69848
4.40676 0.00264 4.40279 4.40889
2.52534 0.03235 2.49760 2.58868
2.60189 0.00299 2.59818 2.60468
6.30750 0.90893 5.11494 7.46698
3.58784 0.00482 3.58061 3.59422
4.61185 0.51345 3.80022 5.25454
4.88169 0.01645 4.85641 4.90080
5.66121 0.26083 5.49642 6.18042
3.91258 0.33505 3.48575 4.44563
7.48956 0.80101 5.94871 8.18320
6.14978 0.59700 4.95621 6.47755
