# avg	std	min	max
5.98799 0.02230 5.95288 6.01074
4.39932 0.03596 4.34929 4.45762
3.04711 0.22107 2.60629 3.18287
1.36038 0.07547 1.23929 1.46221
1.54578 0.36534 1.33705 2.27485
1.02122 0.38682 0.77819 1.78261
0.36749 0.03328 0.31096 0.39986
0.87021 0.79468 -0.71741 1.33384
6.78875 0.04830 6.72873 6.87259
4.83582 0.03961 4.76097 4.87780
3.85993 0.01113 3.84140 3.87444
3.94794 0.02286 3.92785 3.99119
-0.01260 0.01596 -0.04386 -0.00180
4.51587 0.02180 4.48859 4.54536
3.56151 0.04856 3.51414 3.64513
5.23708 0.01524 5.21271 5.26036
4.36394 0.04519 4.28576 4.41707
3.18004 0.09767 3.01972 3.30551
3.08033 0.23326 2.72231 3.34883
3.15070 0.09049 3.02523 3.29395
