# avg	std	min	max
-1.36792 0.00000 -1.36792 -1.36792
0.00000 0.00000 0.00000 0.00000
5.47369 0.00000 5.47369 5.47369
4.91126 0.00000 4.91126 4.91126
9.73690 0.00000 9.73690 9.73690
4.39025 0.00000 4.39025 4.39025
4.76388 0.00000 4.76388 4.76388
6.85254 0.00000 6.85254 6.85254
4.69600 0.00000 4.69600 4.69600
1.99304 0.00000 1.99304 1.99304
3.54416 0.00000 3.54416 3.54416
1.37331 0.00000 1.37331 1.37331
4.50928 0.00000 4.50928 4.50928
3.00543 0.00000 3.00543 3.00543
4.98507 0.00000 4.98507 4.98507
3.98625 0.00000 3.98625 3.98625
4.97843 0.00000 4.97843 4.97843
5.24057 0.00000 5.24057 5.24057
4.89940 0.00000 4.89940 4.89940
4.76400 0.00000 4.76400 4.76400
