# avg	std	min	max
-2.52698 0.00000 -2.52698 -2.52698
0.00000 0.00000 0.00000 0.00000
6.25321 0.00000 6.25321 6.25321
10.06264 0.00000 10.06264 10.06264
8.63666 0.00000 8.63666 8.63666
8.01529 0.00000 8.01529 8.01529
25.73780 0.00000 25.73780 25.73780
33.08278 0.00000 33.08278 33.08278
8.44804 0.00000 8.44804 8.44804
2.64695 0.00000 2.64695 2.64695
7.26549 0.00000 7.26549 7.26549
2.65029 0.00000 2.65029 2.65029
34.28204 0.00000 34.28204 34.28204
6.81862 0.00000 6.81862 6.81862
9.94148 0.00000 9.94148 9.94148
6.39372 0.00000 6.39372 6.39372
9.30811 0.00000 9.30811 9.30811
13.90678 0.00000 13.90678 13.90678
17.80308 0.00000 17.80308 17.80308
18.70722 0.00000 18.70722 18.70722
