# avg	std	min	max
-0.91540 0.00000 -0.91540 -0.91540
-0.00000 0.00000 -0.00000 -0.00000
2.57456 0.00000 2.57456 2.57456
0.06291 0.00000 0.06291 0.06291
2.04379 0.00000 2.04379 2.04379
-0.13528 0.00000 -0.13528 -0.13528
0.13300 0.00000 0.13300 0.13300
0.66890 0.00000 0.66890 0.66890
3.60041 0.00000 3.60041 3.60041
0.04402 0.00000 0.04402 0.04402
2.70299 0.00000 2.70299 2.70299
0.16991 0.00000 0.16991 0.16991
0.36372 0.00000 0.36372 0.36372
0.37824 0.00000 0.37824 0.37824
0.08432 0.00000 0.08432 0.08432
0.36883 0.00000 0.36883 0.36883
0.11516 0.00000 0.11516 0.11516
-0.07471 0.00000 -0.07471 -0.07471
-0.40867 0.00000 -0.40867 -0.40867
0.70587 0.00000 0.70587 0.70587
