# avg	std	min	max
-1.17218 0.00000 -1.17218 -1.17218
-0.00000 0.00000 -0.00000 -0.00000
8.70188 0.00000 8.70188 8.70188
16.02978 0.00000 16.02978 16.02978
13.27342 0.00000 13.27342 13.27342
13.67762 0.00000 13.67762 13.67762
33.80030 0.00000 33.80030 33.80030
48.79274 0.00000 48.79274 48.79274
8.38971 0.00000 8.38971 8.38971
1.38504 0.00000 1.38504 1.38504
7.38377 0.00000 7.38377 7.38377
4.21840 0.00000 4.21840 4.21840
36.61410 0.00000 36.61410 36.61410
12.00846 0.00000 12.00846 12.00846
18.95224 0.00000 18.95224 18.95224
16.49928 0.00000 16.49928 16.49928
20.31166 0.00000 20.31166 20.31166
18.56226 0.00000 18.56226 18.56226
25.61444 0.00000 25.61444 25.61444
31.11148 0.00000 31.11148 31.11148
