# avg	std	min	max
-5.18340 0.00000 -5.18340 -5.18340
0.00000 0.00000 0.00000 0.00000
2.83973 0.00000 2.83973 2.83973
1.65581 0.00000 1.65581 1.65581
6.65204 0.00000 6.65204 6.65204
0.91318 0.00000 0.91318 0.91318
2.29903 0.00000 2.29903 2.29903
2.16669 0.00000 2.16669 2.16669
3.84051 0.00000 3.84051 3.84051
0.95603 0.00000 0.95603 0.95603
1.22793 0.00000 1.22793 1.22793
0.75756 0.00000 0.75756 0.75756
2.63321 0.00000 2.63321 2.63321
1.47543 0.00000 1.47543 1.47543
2.27044 0.00000 2.27044 2.27044
0.99880 0.00000 0.99880 0.99880
1.91670 0.00000 1.91670 1.91670
1.71569 0.00000 1.71569 1.71569
2.59728 0.00000 2.59728 2.59728
2.65845 0.00000 2.65845 2.65845
