# avg	std	min	max
-0.12430 0.00000 -0.12430 -0.12430
0.05474 0.00000 0.05474 0.05474
-0.11300 0.00000 -0.11300 -0.11300
-0.21614 0.00000 -0.21614 -0.21614
0.44305 0.00000 0.44305 0.44305
0.82615 0.00000 0.82615 0.82615
0.37878 0.00000 0.37878 0.37878
0.86039 0.00000 0.86039 0.86039
1.79587 0.00000 1.79587 1.79587
-0.44084 0.00000 -0.44084 -0.44084
-0.68019 0.00000 -0.68019 -0.68019
-0.01987 0.00000 -0.01987 -0.01987
0.40351 0.00000 0.40351 0.40351
-0.02589 0.00000 -0.02589 -0.02589
-0.20745 0.00000 -0.20745 -0.20745
-0.00550 0.00000 -0.00550 -0.00550
0.09954 0.00000 0.09954 0.09954
-0.55529 0.00000 -0.55529 -0.55529
-0.53116 0.00000 -0.53116 -0.53116
0.47791 0.00000 0.47791 0.47791
