# avg	std	min	max
0.23607 0.00000 0.23607 0.23607
0.42492 0.00000 0.42492 0.42492
0.34573 0.00000 0.34573 0.34573
-0.30846 0.00000 -0.30846 -0.30846
-0.40940 0.00000 -0.40940 -0.40940
-0.42630 0.00000 -0.42630 -0.42630
-0.91007 0.00000 -0.91007 -0.91007
-0.10869 0.00000 -0.10869 -0.10869
0.63473 0.00000 0.63473 0.63473
0.62049 0.00000 0.62049 0.62049
0.51189 0.00000 0.51189 0.51189
0.84355 0.00000 0.84355 0.84355
-0.83931 0.00000 -0.83931 -0.83931
0.03493 0.00000 0.03493 0.03493
-0.12443 0.00000 -0.12443 -0.12443
0.21344 0.00000 0.21344 0.21344
-0.01841 0.00000 -0.01841 -0.01841
-0.32075 0.00000 -0.32075 -0.32075
0.53031 0.00000 0.53031 0.53031
-0.05742 0.00000 -0.05742 -0.05742
