# avg	std	min	max
0.04372 0.00000 0.04372 0.04372
-0.34276 0.00000 -0.34276 -0.34276
1.26291 0.00000 1.26291 1.26291
-0.12558 0.00000 -0.12558 -0.12558
1.18422 0.00000 1.18422 1.18422
-0.02492 0.00000 -0.02492 -0.02492
0.34343 0.00000 0.34343 0.34343
0.64174 0.00000 0.64174 0.64174
2.87528 0.00000 2.87528 2.87528
-0.45419 0.00000 -0.45419 -0.45419
-0.03815 0.00000 -0.03815 -0.03815
0.42212 0.00000 0.42212 0.42212
0.41474 0.00000 0.41474 0.41474
-0.26399 0.00000 -0.26399 -0.26399
-0.44388 0.00000 -0.44388 -0.44388
0.59204 0.00000 0.59204 0.59204
-0.01934 0.00000 -0.01934 -0.01934
-0.21635 0.00000 -0.21635 -0.21635
-0.85959 0.00000 -0.85959 -0.85959
0.91667 0.00000 0.91667 0.91667
