# avg	std	min	max
0.08590 0.00000 0.08590 0.08590
-0.28684 0.00000 -0.28684 -0.28684
0.19385 0.00000 0.19385 0.19385
-0.25425 0.00000 -0.25425 -0.25425
0.10134 0.00000 0.10134 0.10134
-0.38182 0.00000 -0.38182 -0.38182
-0.20061 0.00000 -0.20061 -0.20061
0.00302 0.00000 0.00302 0.00302
0.26190 0.00000 0.26190 0.26190
-0.09016 0.00000 -0.09016 -0.09016
0.36319 0.00000 0.36319 0.36319
0.04992 0.00000 0.04992 0.04992
-0.12589 0.00000 -0.12589 -0.12589
-0.20953 0.00000 -0.20953 -0.20953
-0.20424 0.00000 -0.20424 -0.20424
-0.10217 0.00000 -0.10217 -0.10217
-0.00743 0.00000 -0.00743 -0.00743
-0.31928 0.00000 -0.31928 -0.31928
-0.45795 0.00000 -0.45795 -0.45795
-0.08316 0.00000 -0.08316 -0.08316
