# avg	std	min	max
0.00000 0.00000 0.00000 0.00000
-0.11940 0.00000 -0.11940 -0.11940
0.37570 0.00000 0.37570 0.37570
-0.04928 0.00000 -0.04928 -0.04928
0.64052 0.00000 0.64052 0.64052
0.16866 0.00000 0.16866 0.16866
-0.27077 0.00000 -0.27077 -0.27077
-0.15638 0.00000 -0.15638 -0.15638
0.61937 0.00000 0.61937 0.61937
-0.02283 0.00000 -0.02283 -0.02283
0.36535 0.00000 0.36535 0.36535
0.25598 0.00000 0.25598 0.25598
-0.19259 0.00000 -0.19259 -0.19259
-0.18168 0.00000 -0.18168 -0.18168
-0.48817 0.00000 -0.48817 -0.48817
-0.30244 0.00000 -0.30244 -0.30244
-0.39745 0.00000 -0.39745 -0.39745
-0.31460 0.00000 -0.31460 -0.31460
-0.93574 0.00000 -0.93574 -0.93574
-0.60257 0.00000 -0.60257 -0.60257
