# avg	std	min	max
-0.00000 0.00000 -0.00000 -0.00000
11.32836 0.00000 11.32836 11.32836
31.27566 0.00000 31.27566 31.27566
42.15690 0.00000 42.15690 42.15690
39.88360 0.00000 39.88360 39.88360
33.13370 0.00000 33.13370 33.13370
63.54934 0.00000 63.54934 63.54934
68.37846 0.00000 68.37846 68.37846
18.85028 0.00000 18.85028 18.85028
19.10826 0.00000 19.10826 19.10826
27.67046 0.00000 27.67046 27.67046
19.85392 0.00000 19.85392 19.85392
53.99786 0.00000 53.99786 53.99786
31.23900 0.00000 31.23900 31.23900
36.59952 0.00000 36.59952 36.59952
32.00300 0.00000 32.00300 32.00300
35.47960 0.00000 35.47960 35.47960
35.10076 0.00000 35.10076 35.10076
35.10822 0.00000 35.10822 35.10822
54.89014 0.00000 54.89014 54.89014
