# avg	std	min	max
0.00000 0.00000 0.00000 0.00000
9.06778 0.00000 9.06778 9.06778
20.81902 0.00000 20.81902 20.81902
28.44040 0.00000 28.44040 28.44040
30.58504 0.00000 30.58504 30.58504
19.78542 0.00000 19.78542 19.78542
37.81638 0.00000 37.81638 37.81638
39.35828 0.00000 39.35828 39.35828
24.24658 0.00000 24.24658 24.24658
13.87636 0.00000 13.87636 13.87636
22.11754 0.00000 22.11754 22.11754
16.11350 0.00000 16.11350 16.11350
38.60654 0.00000 38.60654 38.60654
28.42182 0.00000 28.42182 28.42182
22.90838 0.00000 22.90838 22.90838
27.58606 0.00000 27.58606 27.58606
26.19594 0.00000 26.19594 26.19594
19.71926 0.00000 19.71926 19.71926
20.40120 0.00000 20.40120 20.40120
51.89160 0.00000 51.89160 51.89160
