# avg	std	min	max
0.00000 0.00000 0.00000 0.00000
3.31770 0.00000 3.31770 3.31770
3.80641 0.00000 3.80641 3.80641
3.52160 0.00000 3.52160 3.52160
3.80882 0.00000 3.80882 3.80882
3.34693 0.00000 3.34693 3.34693
3.31591 0.00000 3.31591 3.31591
3.34509 0.00000 3.34509 3.34509
5.64924 0.00000 5.64924 5.64924
3.48389 0.00000 3.48389 3.48389
3.80318 0.00000 3.80318 3.80318
3.41093 0.00000 3.41093 3.41093
3.35363 0.00000 3.35363 3.35363
3.42245 0.00000 3.42245 3.42245
2.96255 0.00000 2.96255 2.96255
3.44419 0.00000 3.44419 3.44419
3.45193 0.00000 3.45193 3.45193
3.32952 0.00000 3.32952 3.32952
3.09266 0.00000 3.09266 3.09266
3.53085 0.00000 3.53085 3.53085
