# avg	std	min	max
1.41774 0.00000 1.41774 1.41774
0.46816 0.00000 0.46816 0.46816
-0.52421 0.00000 -0.52421 -0.52421
-2.11972 0.00000 -2.11972 -2.11972
0.00000 0.00000 0.00000 0.00000
-2.24082 0.00000 -2.24082 -2.24082
-2.03639 0.00000 -2.03639 -2.03639
0.14472 0.00000 0.14472 0.14472
1.47129 0.00000 1.47129 1.47129
1.79469 0.00000 1.79469 1.79469
1.83227 0.00000 1.83227 1.83227
0.67814 0.00000 0.67814 0.67814
-1.55557 0.00000 -1.55557 -1.55557
-0.35123 0.00000 -0.35123 -0.35123
0.32382 0.00000 0.32382 0.32382
-0.26523 0.00000 -0.26523 -0.26523
-0.04093 0.00000 -0.04093 -0.04093
0.94556 0.00000 0.94556 0.94556
0.92355 0.00000 0.92355 0.92355
-0.29297 0.00000 -0.29297 -0.29297
