# avg	std	min	max
-0.75411 0.00000 -0.75411 -0.75411
0.31822 0.00000 0.31822 0.31822
1.36958 0.00000 1.36958 1.36958
-0.13790 0.00000 -0.13790 -0.13790
1.60070 0.00000 1.60070 1.60070
0.96988 0.00000 0.96988 0.96988
0.24350 0.00000 0.24350 0.24350
1.24449 0.00000 1.24449 1.24449
8.79069 0.00000 8.79069 8.79069
0.65734 0.00000 0.65734 0.65734
1.26992 0.00000 1.26992 1.26992
1.60647 0.00000 1.60647 1.60647
0.27486 0.00000 0.27486 0.27486
0.78985 0.00000 0.78985 0.78985
0.13032 0.00000 0.13032 0.13032
1.62347 0.00000 1.62347 1.62347
1.20262 0.00000 1.20262 1.20262
-0.00454 0.00000 -0.00454 -0.00454
0.11737 0.00000 0.11737 0.11737
0.51577 0.00000 0.51577 0.51577
