# avg	std	min	max
-1.13552 0.00000 -1.13552 -1.13552
-0.22243 0.00000 -0.22243 -0.22243
6.46255 0.00000 6.46255 6.46255
0.89256 0.00000 0.89256 0.89256
8.81089 0.00000 8.81089 8.81089
0.57771 0.00000 0.57771 0.57771
-0.19530 0.00000 -0.19530 -0.19530
1.92720 0.00000 1.92720 1.92720
0.03349 0.00000 0.03349 0.03349
-0.50460 0.00000 -0.50460 -0.50460
5.15452 0.00000 5.15452 5.15452
-0.57265 0.00000 -0.57265 -0.57265
-0.00834 0.00000 -0.00834 -0.00834
-0.20272 0.00000 -0.20272 -0.20272
0.25278 0.00000 0.25278 0.25278
3.61933 0.00000 3.61933 3.61933
3.26270 0.00000 3.26270 3.26270
-0.12178 0.00000 -0.12178 -0.12178
-0.46760 0.00000 -0.46760 -0.46760
-0.23144 0.00000 -0.23144 -0.23144
