# avg	std	min	max
-2.87510 0.00000 -2.87510 -2.87510
-1.79513 0.00000 -1.79513 -1.79513
-1.93920 0.00000 -1.93920 -1.93920
-1.55830 0.00000 -1.55830 -1.55830
-1.26110 0.00000 -1.26110 -1.26110
-1.38368 0.00000 -1.38368 -1.38368
6.00681 0.00000 6.00681 6.00681
4.59168 0.00000 4.59168 4.59168
5.74493 0.00000 5.74493 5.74493
-1.81562 0.00000 -1.81562 -1.81562
-1.05924 0.00000 -1.05924 -1.05924
-1.57512 0.00000 -1.57512 -1.57512
5.29972 0.00000 5.29972 5.29972
-0.43130 0.00000 -0.43130 -0.43130
-0.35296 0.00000 -0.35296 -0.35296
0.33117 0.00000 0.33117 0.33117
-1.27472 0.00000 -1.27472 -1.27472
-0.07667 0.00000 -0.07667 -0.07667
-1.02291 0.00000 -1.02291 -1.02291
4.36352 0.00000 4.36352 4.36352
