# avg	std	min	max
-4.81851 0.00000 -4.81851 -4.81851
-2.07798 0.00000 -2.07798 -2.07798
1.38219 0.00000 1.38219 1.38219
0.00000 0.00000 0.00000 0.00000
4.16263 0.00000 4.16263 4.16263
-0.03007 0.00000 -0.03007 -0.03007
18.65250 0.00000 18.65250 18.65250
30.15236 0.00000 30.15236 30.15236
-0.59197 0.00000 -0.59197 -0.59197
-0.77599 0.00000 -0.77599 -0.77599
0.07394 0.00000 0.07394 0.07394
-2.09521 0.00000 -2.09521 -2.09521
24.37642 0.00000 24.37642 24.37642
1.64751 0.00000 1.64751 1.64751
1.80688 0.00000 1.80688 1.80688
3.85015 0.00000 3.85015 3.85015
3.92559 0.00000 3.92559 3.92559
1.02112 0.00000 1.02112 1.02112
10.41615 0.00000 10.41615 10.41615
9.30496 0.00000 9.30496 9.30496
