# avg	std	min	max
-1.20643 0.00000 -1.20643 -1.20643
0.24785 0.00000 0.24785 0.24785
1.09455 0.00000 1.09455 1.09455
-0.00326 0.00000 -0.00326 -0.00326
0.57906 0.00000 0.57906 0.57906
-0.19625 0.00000 -0.19625 -0.19625
-0.49128 0.00000 -0.49128 -0.49128
-0.16752 0.00000 -0.16752 -0.16752
-1.64679 0.00000 -1.64679 -1.64679
0.78459 0.00000 0.78459 0.78459
1.64635 0.00000 1.64635 1.64635
0.76812 0.00000 0.76812 0.76812
0.17509 0.00000 0.17509 0.17509
1.43064 0.00000 1.43064 1.43064
0.83825 0.00000 0.83825 0.83825
1.16900 0.00000 1.16900 1.16900
0.37828 0.00000 0.37828 0.37828
-0.10779 0.00000 -0.10779 -0.10779
0.48012 0.00000 0.48012 0.48012
0.34337 0.00000 0.34337 0.34337
