# avg	std	min	max
2.62587 0.00000 2.62587 2.62587
1.23036 0.00000 1.23036 1.23036
1.56156 0.00000 1.56156 1.56156
-0.00000 0.00000 -0.00000 -0.00000
1.66216 0.00000 1.66216 1.66216
-0.31831 0.00000 -0.31831 -0.31831
-0.07081 0.00000 -0.07081 -0.07081
0.62569 0.00000 0.62569 0.62569
1.78564 0.00000 1.78564 1.78564
1.25067 0.00000 1.25067 1.25067
1.71521 0.00000 1.71521 1.71521
0.78667 0.00000 0.78667 0.78667
0.39961 0.00000 0.39961 0.39961
1.11216 0.00000 1.11216 1.11216
1.08118 0.00000 1.08118 1.08118
1.84080 0.00000 1.84080 1.84080
1.15096 0.00000 1.15096 1.15096
0.49147 0.00000 0.49147 0.49147
0.72617 0.00000 0.72617 0.72617
0.57353 0.00000 0.57353 0.57353
