# avg	std	min	max
-2.27968 0.00000 -2.27968 -2.27968
-1.48546 0.00000 -1.48546 -1.48546
-0.32997 0.00000 -0.32997 -0.32997
-1.27986 0.00000 -1.27986 -1.27986
0.62383 0.00000 0.62383 0.62383
-1.59395 0.00000 -1.59395 -1.59395
1.81432 0.00000 1.81432 1.81432
5.05825 0.00000 5.05825 5.05825
4.15766 0.00000 4.15766 4.15766
-0.26232 0.00000 -0.26232 -0.26232
0.58709 0.00000 0.58709 0.58709
-0.40881 0.00000 -0.40881 -0.40881
2.23436 0.00000 2.23436 2.23436
-0.08670 0.00000 -0.08670 -0.08670
0.53170 0.00000 0.53170 0.53170
-0.99969 0.00000 -0.99969 -0.99969
-0.01276 0.00000 -0.01276 -0.01276
1.16031 0.00000 1.16031 1.16031
1.34788 0.00000 1.34788 1.34788
3.28905 0.00000 3.28905 3.28905
