# avg	std	min	max
-0.22325 0.00000 -0.22325 -0.22325
-0.19451 0.00000 -0.19451 -0.19451
0.02118 0.00000 0.02118 0.02118
-0.20515 0.00000 -0.20515 -0.20515
-0.07475 0.00000 -0.07475 -0.07475
-0.00426 0.00000 -0.00426 -0.00426
-0.11625 0.00000 -0.11625 -0.11625
0.24512 0.00000 0.24512 0.24512
0.57943 0.00000 0.57943 0.57943
-0.21347 0.00000 -0.21347 -0.21347
0.01829 0.00000 0.01829 0.01829
-0.15054 0.00000 -0.15054 -0.15054
-0.09847 0.00000 -0.09847 -0.09847
-0.00162 0.00000 -0.00162 -0.00162
-0.46060 0.00000 -0.46060 -0.46060
0.17765 0.00000 0.17765 0.17765
0.10284 0.00000 0.10284 0.10284
-0.57581 0.00000 -0.57581 -0.57581
-0.43550 0.00000 -0.43550 -0.43550
-0.02444 0.00000 -0.02444 -0.02444
