# avg	std	min	max
1.52724 0.00000 1.52724 1.52724
1.46123 0.00000 1.46123 1.46123
1.83287 0.00000 1.83287 1.83287
1.28481 0.00000 1.28481 1.28481
1.68697 0.00000 1.68697 1.68697
1.30976 0.00000 1.30976 1.30976
1.67809 0.00000 1.67809 1.67809
1.69573 0.00000 1.69573 1.69573
-0.00158 0.00000 -0.00158 -0.00158
1.40585 0.00000 1.40585 1.40585
1.82732 0.00000 1.82732 1.82732
1.32687 0.00000 1.32687 1.32687
1.62447 0.00000 1.62447 1.62447
1.45145 0.00000 1.45145 1.45145
1.19561 0.00000 1.19561 1.19561
1.74458 0.00000 1.74458 1.74458
1.21595 0.00000 1.21595 1.21595
1.12629 0.00000 1.12629 1.12629
1.31228 0.00000 1.31228 1.31228
1.80126 0.00000 1.80126 1.80126
