# avg	std	min	max
1.34748 0.00000 1.34748 1.34748
1.38902 0.00000 1.38902 1.38902
2.98215 0.00000 2.98215 2.98215
1.76010 0.00000 1.76010 1.76010
2.75951 0.00000 2.75951 2.75951
1.95768 0.00000 1.95768 1.95768
2.46285 0.00000 2.46285 2.46285
2.38997 0.00000 2.38997 2.38997
-0.02310 0.00000 -0.02310 -0.02310
0.94129 0.00000 0.94129 0.94129
2.61102 0.00000 2.61102 2.61102
2.12745 0.00000 2.12745 2.12745
2.52222 0.00000 2.52222 2.52222
1.65932 0.00000 1.65932 1.65932
1.65285 0.00000 1.65285 1.65285
2.39349 0.00000 2.39349 2.39349
1.89848 0.00000 1.89848 1.89848
1.61170 0.00000 1.61170 1.61170
1.17577 0.00000 1.17577 1.17577
1.24670 0.00000 1.24670 1.24670
