# avg	std	min	max
-2.29755 0.00000 -2.29755 -2.29755
-1.95135 0.00000 -1.95135 -1.95135
0.21340 0.00000 0.21340 0.21340
-1.21970 0.00000 -1.21970 -1.21970
1.33746 0.00000 1.33746 1.33746
-1.58722 0.00000 -1.58722 -1.58722
1.68637 0.00000 1.68637 1.68637
3.84572 0.00000 3.84572 3.84572
5.44729 0.00000 5.44729 5.44729
-2.81531 0.00000 -2.81531 -2.81531
-0.41413 0.00000 -0.41413 -0.41413
-1.42281 0.00000 -1.42281 -1.42281
-0.00578 0.00000 -0.00578 -0.00578
0.24464 0.00000 0.24464 0.24464
-0.16743 0.00000 -0.16743 -0.16743
2.52556 0.00000 2.52556 2.52556
0.50906 0.00000 0.50906 0.50906
-1.18165 0.00000 -1.18165 -1.18165
-1.08241 0.00000 -1.08241 -1.08241
3.35191 0.00000 3.35191 3.35191
