# avg	std	min	max
-5.25474 0.00000 -5.25474 -5.25474
-1.22509 0.00000 -1.22509 -1.22509
1.77633 0.00000 1.77633 1.77633
-0.04832 0.00000 -0.04832 -0.04832
1.99718 0.00000 1.99718 1.99718
-0.92105 0.00000 -0.92105 -0.92105
4.18890 0.00000 4.18890 4.18890
5.40090 0.00000 5.40090 5.40090
5.58104 0.00000 5.58104 5.58104
0.09575 0.00000 0.09575 0.09575
2.71365 0.00000 2.71365 2.71365
-0.57933 0.00000 -0.57933 -0.57933
4.47517 0.00000 4.47517 4.47517
2.03670 0.00000 2.03670 2.03670
-0.00711 0.00000 -0.00711 -0.00711
2.49477 0.00000 2.49477 2.49477
-0.19881 0.00000 -0.19881 -0.19881
-0.45499 0.00000 -0.45499 -0.45499
0.10598 0.00000 0.10598 0.10598
2.44013 0.00000 2.44013 2.44013
