# avg	std	min	max
0.52960 0.00000 0.52960 0.52960
0.43428 0.00000 0.43428 0.43428
0.60356 0.00000 0.60356 0.60356
0.15611 0.00000 0.15611 0.15611
0.56181 0.00000 0.56181 0.56181
-0.66723 0.00000 -0.66723 -0.66723
0.28161 0.00000 0.28161 0.28161
0.57482 0.00000 0.57482 0.57482
3.21692 0.00000 3.21692 3.21692
-0.39917 0.00000 -0.39917 -0.39917
0.12222 0.00000 0.12222 0.12222
0.01239 0.00000 0.01239 0.01239
0.31015 0.00000 0.31015 0.31015
-0.03616 0.00000 -0.03616 -0.03616
-0.00326 0.00000 -0.00326 -0.00326
0.32506 0.00000 0.32506 0.32506
-0.08076 0.00000 -0.08076 -0.08076
0.23558 0.00000 0.23558 0.23558
0.47144 0.00000 0.47144 0.47144
0.19082 0.00000 0.19082 0.19082
