# avg	std	min	max
0.25774 0.00000 0.25774 0.25774
-0.07736 0.00000 -0.07736 -0.07736
-0.01500 0.00000 -0.01500 -0.01500
-0.15239 0.00000 -0.15239 -0.15239
-0.26743 0.00000 -0.26743 -0.26743
-0.56780 0.00000 -0.56780 -0.56780
-0.00296 0.00000 -0.00296 -0.00296
0.05746 0.00000 0.05746 0.05746
0.64427 0.00000 0.64427 0.64427
0.13998 0.00000 0.13998 0.13998
0.21619 0.00000 0.21619 0.21619
-0.33413 0.00000 -0.33413 -0.33413
0.06159 0.00000 0.06159 0.06159
0.30411 0.00000 0.30411 0.30411
-0.03630 0.00000 -0.03630 -0.03630
0.38455 0.00000 0.38455 0.38455
0.25023 0.00000 0.25023 0.25023
-0.64891 0.00000 -0.64891 -0.64891
-0.14899 0.00000 -0.14899 -0.14899
0.32041 0.00000 0.32041 0.32041
