# avg	std	min	max
-0.79354 0.00000 -0.79354 -0.79354
-1.45939 0.00000 -1.45939 -1.45939
2.00246 0.00000 2.00246 2.00246
-1.98392 0.00000 -1.98392 -1.98392
3.46928 0.00000 3.46928 3.46928
-1.74053 0.00000 -1.74053 -1.74053
-1.51919 0.00000 -1.51919 -1.51919
-0.72991 0.00000 -0.72991 -0.72991
11.27806 0.00000 11.27806 11.27806
-0.00017 0.00000 -0.00017 -0.00017
1.69887 0.00000 1.69887 1.69887
-1.55595 0.00000 -1.55595 -1.55595
-1.47182 0.00000 -1.47182 -1.47182
-1.63555 0.00000 -1.63555 -1.63555
-1.35679 0.00000 -1.35679 -1.35679
-0.04503 0.00000 -0.04503 -0.04503
-0.63976 0.00000 -0.63976 -0.63976
-1.73662 0.00000 -1.73662 -1.73662
-1.46524 0.00000 -1.46524 -1.46524
-0.61702 0.00000 -0.61702 -0.61702
