# avg	std	min	max
-2.28629 0.00000 -2.28629 -2.28629
-2.69989 0.00000 -2.69989 -2.69989
0.96185 0.00000 0.96185 0.96185
-3.16092 0.00000 -3.16092 -3.16092
0.46291 0.00000 0.46291 0.46291
-2.72691 0.00000 -2.72691 -2.72691
-2.33730 0.00000 -2.33730 -2.33730
-1.80137 0.00000 -1.80137 -1.80137
-1.37818 0.00000 -1.37818 -1.37818
-2.82824 0.00000 -2.82824 -2.82824
-0.04011 0.00000 -0.04011 -0.04011
-1.72683 0.00000 -1.72683 -1.72683
-2.84868 0.00000 -2.84868 -2.84868
-1.87867 0.00000 -1.87867 -1.87867
-1.71498 0.00000 -1.71498 -1.71498
-1.56550 0.00000 -1.56550 -1.56550
-1.39674 0.00000 -1.39674 -1.39674
-2.57676 0.00000 -2.57676 -2.57676
-2.17667 0.00000 -2.17667 -2.17667
0.55969 0.00000 0.55969 0.55969
