# avg	std	min	max
-4.16449 0.00000 -4.16449 -4.16449
-2.53453 0.00000 -2.53453 -2.53453
0.10393 0.00000 0.10393 0.10393
-2.60295 0.00000 -2.60295 -2.60295
0.24101 0.00000 0.24101 0.24101
-2.95669 0.00000 -2.95669 -2.95669
-3.06124 0.00000 -3.06124 -3.06124
-3.07043 0.00000 -3.07043 -3.07043
0.04641 0.00000 0.04641 0.04641
-1.81312 0.00000 -1.81312 -1.81312
0.00200 0.00000 0.00200 0.00200
-2.36047 0.00000 -2.36047 -2.36047
-2.77542 0.00000 -2.77542 -2.77542
-1.96916 0.00000 -1.96916 -1.96916
-2.35938 0.00000 -2.35938 -2.35938
-2.16822 0.00000 -2.16822 -2.16822
-2.70616 0.00000 -2.70616 -2.70616
-2.83244 0.00000 -2.83244 -2.83244
-2.50829 0.00000 -2.50829 -2.50829
-1.92143 0.00000 -1.92143 -1.92143
