# avg	std	min	max
-1.12054 0.00000 -1.12054 -1.12054
-1.01632 0.00000 -1.01632 -1.01632
-0.20481 0.00000 -0.20481 -0.20481
-1.15771 0.00000 -1.15771 -1.15771
-0.32130 0.00000 -0.32130 -0.32130
-0.91143 0.00000 -0.91143 -0.91143
-1.13280 0.00000 -1.13280 -1.13280
-0.89053 0.00000 -0.89053 -0.89053
-2.79358 0.00000 -2.79358 -2.79358
-0.96312 0.00000 -0.96312 -0.96312
-0.00074 0.00000 -0.00074 -0.00074
-0.72766 0.00000 -0.72766 -0.72766
-0.92538 0.00000 -0.92538 -0.92538
-0.68398 0.00000 -0.68398 -0.68398
-1.07695 0.00000 -1.07695 -1.07695
-0.90710 0.00000 -0.90710 -0.90710
-1.07684 0.00000 -1.07684 -1.07684
-1.05972 0.00000 -1.05972 -1.05972
-0.99784 0.00000 -0.99784 -0.99784
-0.68929 0.00000 -0.68929 -0.68929
