# avg	std	min	max
-2.26970 0.00000 -2.26970 -2.26970
-2.13019 0.00000 -2.13019 -2.13019
0.00215 0.00000 0.00215 0.00215
2.29252 0.00000 2.29252 2.29252
3.04848 0.00000 3.04848 3.04848
3.14858 0.00000 3.14858 3.14858
8.02756 0.00000 8.02756 8.02756
33.76902 0.00000 33.76902 33.76902
-1.37079 0.00000 -1.37079 -1.37079
-1.00602 0.00000 -1.00602 -1.00602
-0.22572 0.00000 -0.22572 -0.22572
-0.85106 0.00000 -0.85106 -0.85106
13.53620 0.00000 13.53620 13.53620
2.36140 0.00000 2.36140 2.36140
5.13852 0.00000 5.13852 5.13852
4.30128 0.00000 4.30128 4.30128
6.16796 0.00000 6.16796 6.16796
3.69985 0.00000 3.69985 3.69985
12.29651 0.00000 12.29651 12.29651
8.08914 0.00000 8.08914 8.08914
