# avg	std	min	max
-0.23826 0.00000 -0.23826 -0.23826
-0.37496 0.00000 -0.37496 -0.37496
-0.00005 0.00000 -0.00005 -0.00005
-0.90867 0.00000 -0.90867 -0.90867
-0.93247 0.00000 -0.93247 -0.93247
-1.70657 0.00000 -1.70657 -1.70657
-0.94943 0.00000 -0.94943 -0.94943
-1.34577 0.00000 -1.34577 -1.34577
-1.35716 0.00000 -1.35716 -1.35716
-0.27263 0.00000 -0.27263 -0.27263
0.24983 0.00000 0.24983 0.24983
-0.94041 0.00000 -0.94041 -0.94041
-0.94219 0.00000 -0.94219 -0.94219
-0.28271 0.00000 -0.28271 -0.28271
-0.50469 0.00000 -0.50469 -0.50469
-0.37404 0.00000 -0.37404 -0.37404
-0.81176 0.00000 -0.81176 -0.81176
-0.66553 0.00000 -0.66553 -0.66553
-0.44259 0.00000 -0.44259 -0.44259
-0.10659 0.00000 -0.10659 -0.10659
