# avg	std	min	max
-1.32432 0.00000 -1.32432 -1.32432
-0.34410 0.00000 -0.34410 -0.34410
-0.00002 0.00000 -0.00002 -0.00002
-0.24219 0.00000 -0.24219 -0.24219
0.14651 0.00000 0.14651 0.14651
-0.38398 0.00000 -0.38398 -0.38398
-0.57862 0.00000 -0.57862 -0.57862
-0.40555 0.00000 -0.40555 -0.40555
-1.68815 0.00000 -1.68815 -1.68815
-0.12259 0.00000 -0.12259 -0.12259
0.04731 0.00000 0.04731 0.04731
-0.22436 0.00000 -0.22436 -0.22436
-0.44964 0.00000 -0.44964 -0.44964
-0.00403 0.00000 -0.00403 -0.00403
-0.61173 0.00000 -0.61173 -0.61173
-0.52497 0.00000 -0.52497 -0.52497
-0.84079 0.00000 -0.84079 -0.84079
-0.30432 0.00000 -0.30432 -0.30432
-0.29961 0.00000 -0.29961 -0.29961
-0.27827 0.00000 -0.27827 -0.27827
