# avg	std	min	max
-4.78715 0.00000 -4.78715 -4.78715
-3.60383 0.00000 -3.60383 -3.60383
-0.14670 0.00000 -0.14670 -0.14670
-2.04385 0.00000 -2.04385 -2.04385
-0.33558 0.00000 -0.33558 -0.33558
-2.62968 0.00000 -2.62968 -2.62968
-2.34571 0.00000 -2.34571 -2.34571
-2.50728 0.00000 -2.50728 -2.50728
4.92612 0.00000 4.92612 4.92612
-1.98399 0.00000 -1.98399 -1.98399
-1.51403 0.00000 -1.51403 -1.51403
-2.26232 0.00000 -2.26232 -2.26232
-2.36482 0.00000 -2.36482 -2.36482
-2.04003 0.00000 -2.04003 -2.04003
-2.37726 0.00000 -2.37726 -2.37726
-2.12476 0.00000 -2.12476 -2.12476
-2.42804 0.00000 -2.42804 -2.42804
-2.11165 0.00000 -2.11165 -2.11165
-1.97839 0.00000 -1.97839 -1.97839
-1.83957 0.00000 -1.83957 -1.83957
