# avg	std	min	max
0.15673 0.00000 0.15673 0.15673
-1.23937 0.00000 -1.23937 -1.23937
0.00007 0.00000 0.00007 0.00007
-1.42702 0.00000 -1.42702 -1.42702
0.38118 0.00000 0.38118 0.38118
-0.62236 0.00000 -0.62236 -0.62236
4.40360 0.00000 4.40360 4.40360
5.60420 0.00000 5.60420 5.60420
1.14952 0.00000 1.14952 1.14952
0.44292 0.00000 0.44292 0.44292
2.05667 0.00000 2.05667 2.05667
-0.13292 0.00000 -0.13292 -0.13292
7.31854 0.00000 7.31854 7.31854
1.56057 0.00000 1.56057 1.56057
1.77538 0.00000 1.77538 1.77538
2.16687 0.00000 2.16687 2.16687
3.39670 0.00000 3.39670 3.39670
3.80283 0.00000 3.80283 3.80283
6.90420 0.00000 6.90420 6.90420
4.11934 0.00000 4.11934 4.11934
