# avg	std	min	max
2.14508 0.00000 2.14508 2.14508
1.02527 0.00000 1.02527 1.02527
-0.00003 0.00000 -0.00003 -0.00003
-0.99690 0.00000 -0.99690 -0.99690
-0.66271 0.00000 -0.66271 -0.66271
-1.27510 0.00000 -1.27510 -1.27510
-1.94367 0.00000 -1.94367 -1.94367
-0.39459 0.00000 -0.39459 -0.39459
-0.39086 0.00000 -0.39086 -0.39086
1.85861 0.00000 1.85861 1.85861
1.57550 0.00000 1.57550 1.57550
0.85150 0.00000 0.85150 0.85150
-1.11057 0.00000 -1.11057 -1.11057
1.57630 0.00000 1.57630 1.57630
0.71819 0.00000 0.71819 0.71819
1.92904 0.00000 1.92904 1.92904
0.92150 0.00000 0.92150 0.92150
0.01540 0.00000 0.01540 0.01540
0.59729 0.00000 0.59729 0.59729
0.65195 0.00000 0.65195 0.65195
