# avg	std	min	max
0.32113 0.00000 0.32113 0.32113
0.54752 0.00000 0.54752 0.54752
0.18637 0.00000 0.18637 0.18637
-0.60115 0.00000 -0.60115 -0.60115
-0.00914 0.00000 -0.00914 -0.00914
-0.70756 0.00000 -0.70756 -0.70756
-0.52309 0.00000 -0.52309 -0.52309
0.92755 0.00000 0.92755 0.92755
6.75628 0.00000 6.75628 6.75628
0.82990 0.00000 0.82990 0.82990
0.47298 0.00000 0.47298 0.47298
0.52737 0.00000 0.52737 0.52737
-0.00193 0.00000 -0.00193 -0.00193
0.72653 0.00000 0.72653 0.72653
0.47044 0.00000 0.47044 0.47044
2.21854 0.00000 2.21854 2.21854
0.80835 0.00000 0.80835 0.80835
-0.45260 0.00000 -0.45260 -0.45260
0.29107 0.00000 0.29107 0.29107
0.56228 0.00000 0.56228 0.56228
