# avg	std	min	max
-2.04520 0.00000 -2.04520 -2.04520
0.67496 0.00000 0.67496 0.67496
1.72282 0.00000 1.72282 1.72282
0.53199 0.00000 0.53199 0.53199
1.35160 0.00000 1.35160 1.35160
-0.02193 0.00000 -0.02193 -0.02193
0.10320 0.00000 0.10320 0.10320
-0.14862 0.00000 -0.14862 -0.14862
2.43283 0.00000 2.43283 2.43283
1.01352 0.00000 1.01352 1.01352
1.66668 0.00000 1.66668 1.66668
0.76077 0.00000 0.76077 0.76077
0.01205 0.00000 0.01205 0.01205
1.02301 0.00000 1.02301 1.02301
0.76207 0.00000 0.76207 0.76207
0.93122 0.00000 0.93122 0.93122
0.64456 0.00000 0.64456 0.64456
0.35778 0.00000 0.35778 0.35778
0.58871 0.00000 0.58871 0.58871
0.87981 0.00000 0.87981 0.87981
