# avg	std	min	max
0.79089 0.00008 0.79072 0.79093
0.00000 0.00000 0.00000 0.00000
1.04543 0.17214 0.82030 1.25411
-0.06653 0.08161 -0.19148 0.04635
0.46384 0.08065 0.36873 0.58839
-0.14885 0.05283 -0.22451 -0.08063
-0.05815 0.15510 -0.26725 0.11009
0.34502 0.11321 0.14747 0.49337
0.97678 0.21301 0.73045 1.31496
0.80307 0.00285 0.80165 0.80878
1.45473 0.03447 1.39953 1.49203
0.55567 0.06736 0.47812 0.63293
0.06271 0.22718 -0.34270 0.23749
0.35331 0.17606 0.02803 0.49216
0.10815 0.07955 -0.02180 0.19518
0.93917 0.04560 0.87395 1.00774
0.53516 0.03196 0.48799 0.57917
-0.06866 0.06535 -0.18370 -0.01075
-0.14165 0.15369 -0.33439 0.05109
0.41976 0.11348 0.27572 0.53973
0.96933 0.02019 0.94042 1.00329
1.89917 0.18828 1.66706 2.15522
-0.46739 0.25603 -0.81793 -0.11658
