# avg	std	min	max
2.17873 0.00021 2.17834 2.17899
0.00000 0.00000 0.00000 0.00000
-1.04211 0.23146 -1.18107 -0.58081
1.22759 0.42270 0.88449 2.01352
1.39009 0.24785 1.11711 1.82945
2.58425 0.43067 2.09710 3.22315
17.77336 0.31590 17.51830 18.38250
32.54160 2.81696 27.24880 35.41530
4.92877 0.12426 4.78350 5.10367
1.20147 0.23090 0.80827 1.53338
-0.11844 0.63070 -0.55763 1.10381
0.36700 0.16941 0.02971 0.46941
21.87206 0.29511 21.32350 22.18360
4.77744 0.56695 3.64737 5.11639
5.78179 1.24163 4.62453 7.86512
6.42092 0.81128 5.18236 7.20563
8.19117 1.09627 6.64142 9.59050
6.44686 1.85779 3.05665 8.57231
11.79632 1.01713 10.71940 13.60640
14.03408 0.37395 13.50560 14.60220
13.65636 1.34384 12.04290 15.51190
12.18990 1.16525 10.40730 13.62400
30.56824 0.79438 29.75060 31.57490
