# avg	std	min	max
0.15583 0.00000 0.15583 0.15583
0.00000 0.00000 0.00000 0.00000
0.27393 0.00002 0.27391 0.27395
-0.13020 0.00198 -0.13295 -0.12782
0.17120 0.03308 0.10916 0.20731
0.02473 0.06485 -0.09787 0.07504
0.06249 0.00318 0.05871 0.06614
0.26356 0.00655 0.25598 0.27123
-0.83201 0.00639 -0.83858 -0.81979
0.09880 0.00035 0.09834 0.09909
0.03305 0.00001 0.03304 0.03307
0.37839 0.00012 0.37830 0.37862
0.11663 0.00215 0.11465 0.12064
0.16122 0.08408 0.02397 0.28080
-0.47948 0.21458 -0.75623 -0.21482
0.13482 0.11582 0.03923 0.33579
0.07843 0.00505 0.07027 0.08360
-0.24572 0.00658 -0.25437 -0.23435
-0.15972 0.02919 -0.19966 -0.12968
0.34674 0.00460 0.33904 0.35351
0.40166 0.04888 0.30394 0.42761
0.48977 0.00474 0.48549 0.49849
0.11387 0.04985 0.03049 0.16754
