# avg	std	min	max
0.01820 0.01685 0.00101 0.04883
1.50036 0.01429 1.48521 1.52230
0.47990 0.40184 0.07396 1.21051
0.24196 0.06859 0.18048 0.34085
0.64064 0.32444 0.10239 0.97455
-0.58082 0.12936 -0.83206 -0.48320
0.38822 0.14097 0.11705 0.51133
1.66758 0.26987 1.26241 2.08267
3.58618 0.18880 3.41929 3.93921
0.40741 0.02442 0.37774 0.45189
0.90492 0.01683 0.87677 0.91971
0.14548 0.01505 0.12805 0.16215
0.48087 0.07276 0.34208 0.54523
0.16698 0.02147 0.14303 0.20515
0.47142 0.20081 0.18917 0.73397
-0.07680 0.01942 -0.11452 -0.06114
0.25438 0.02268 0.22296 0.28532
0.57923 0.18261 0.35479 0.82004
0.69654 0.15464 0.50190 0.94220
0.66310 0.02837 0.62282 0.69722
0.76526 0.02662 0.73346 0.80475
0.93534 0.03380 0.90187 0.98750
0.20057 0.38536 -0.37374 0.55653
