# avg	std	min	max
1.97451 0.03470 1.92153 2.02956
1.11424 0.01783 1.09601 1.13866
0.80343 0.15586 0.49271 0.89745
-0.00083 0.07017 -0.07155 0.10361
0.03947 0.02316 0.00266 0.07554
0.02437 0.12548 -0.11061 0.25138
-0.14767 0.06288 -0.27136 -0.10720
-0.39038 0.02825 -0.41807 -0.34671
-0.94946 0.02300 -0.98999 -0.92781
1.63772 0.02458 1.62127 1.68637
1.10117 0.07745 1.05794 1.25600
1.12028 0.00565 1.11274 1.12564
0.11179 0.16640 -0.09538 0.39267
0.75691 0.00407 0.75226 0.76353
0.56661 0.02002 0.53521 0.59330
-0.00298 0.00339 -0.00768 0.00000
0.93954 0.01576 0.91875 0.95972
0.34177 0.14224 0.18494 0.59631
0.54728 0.07738 0.40244 0.62973
0.95764 0.05107 0.87668 1.01412
0.82217 0.00459 0.81439 0.82673
0.81307 0.08758 0.64065 0.88369
-0.04365 0.13513 -0.21860 0.19695
