# avg	std	min	max
1.11807 0.07077 1.04938 1.23863
-0.11128 0.19749 -0.40434 0.21193
1.99083 0.25564 1.63056 2.34813
-1.07778 0.35184 -1.64195 -0.69023
3.00308 0.13460 2.80924 3.17618
-0.41187 0.03669 -0.46143 -0.34728
-1.06437 0.01816 -1.09014 -1.03576
1.46695 0.03029 1.42427 1.51248
-0.41592 0.19455 -0.71843 -0.10633
-0.19966 0.24329 -0.43564 0.25244
0.32853 0.18477 0.00187 0.56639
0.05246 0.03751 -0.01176 0.09732
-1.13185 0.04486 -1.19163 -1.07030
0.10802 0.14293 -0.10891 0.30441
0.59283 0.34372 0.07658 1.12339
1.42688 0.08613 1.29460 1.52676
0.00000 0.00000 0.00000 0.00000
0.26966 0.42223 -0.25009 0.77366
0.74414 0.71608 -0.35190 1.35315
0.69694 0.01298 0.68631 0.71575
4.51745 0.61094 3.66493 5.57801
7.04800 1.39400 5.38009 9.55046
0.02067 0.01772 0.00348 0.04209
