# avg	std	min	max
0.46015 0.01691 0.43240 0.47865
0.06722 0.00520 0.06132 0.07596
0.12927 0.02528 0.08299 0.15518
-0.39715 0.08361 -0.51544 -0.29494
-0.15313 0.02024 -0.17814 -0.11698
-0.37504 0.06607 -0.46724 -0.26722
-0.27389 0.03130 -0.32605 -0.23124
-0.47976 0.03817 -0.53298 -0.43575
-0.19656 0.04372 -0.28144 -0.15667
0.26703 0.03046 0.22817 0.31967
0.47469 0.02553 0.43803 0.50369
0.21263 0.01264 0.19105 0.22969
-0.36710 0.14837 -0.48985 -0.07535
0.25023 0.00646 0.24064 0.25750
-0.05064 0.02045 -0.08117 -0.02004
0.28448 0.02324 0.25637 0.32116
-0.00989 0.02240 -0.03455 0.02880
-0.59624 0.04879 -0.67674 -0.53661
-0.55609 0.01225 -0.57305 -0.53544
0.25838 0.02074 0.22171 0.28322
0.40969 0.01517 0.38859 0.43411
0.55414 0.04098 0.49705 0.60239
-0.22596 0.06385 -0.32936 -0.12921
