# avg	std	min	max
1.73000 0.06442 1.66762 1.81457
0.51268 0.15221 0.21421 0.64530
-1.68336 0.05473 -1.73689 -1.57810
-1.79781 0.09780 -1.94136 -1.66866
-2.48041 0.13639 -2.55860 -2.20844
-1.47325 0.07925 -1.54310 -1.31811
1.07862 0.30603 0.60398 1.35637
1.73241 1.18456 0.80072 3.95346
2.90444 0.05310 2.81454 2.97725
1.39854 0.15918 1.11711 1.55811
0.32287 0.01579 0.29535 0.34148
0.05330 0.12938 -0.13676 0.16538
1.51848 0.36796 1.09887 2.01187
-0.43602 0.12897 -0.59291 -0.22934
-0.19655 0.15474 -0.32922 0.07337
0.47185 0.03121 0.43808 0.51957
-0.02462 0.03114 -0.07794 0.01363
-0.98340 0.15002 -1.16156 -0.81764
-0.92353 0.32347 -1.12161 -0.27948
1.46755 0.53812 0.98439 2.51093
1.12307 0.10384 0.99939 1.24924
0.78151 0.68839 0.09031 1.69516
0.82834 0.34610 0.33831 1.25457
