# avg	std	min	max
1.31574 0.01055 1.29593 1.32528
0.34028 0.03286 0.29597 0.37857
0.19330 0.00024 0.19282 0.19350
-0.59034 0.03811 -0.65439 -0.54807
-0.11717 0.00475 -0.12538 -0.11345
-0.61952 0.04431 -0.70809 -0.59588
-0.23087 0.03517 -0.28236 -0.18256
0.13684 0.01004 0.12378 0.15087
-0.39695 0.03700 -0.44088 -0.33462
0.71308 0.01620 0.68765 0.73478
0.19302 0.00533 0.18236 0.19578
0.19334 0.00009 0.19323 0.19347
-0.35593 0.10459 -0.55692 -0.25877
0.36329 0.03251 0.32655 0.41966
-0.07832 0.00771 -0.09302 -0.07216
0.53962 0.04292 0.49039 0.60958
-0.00000 0.00000 -0.00000 -0.00000
-0.43448 0.01542 -0.45395 -0.41473
-0.51046 0.03588 -0.56713 -0.46972
0.73563 0.15670 0.47934 0.90994
0.66939 0.04378 0.61955 0.72222
0.22566 0.01055 0.21121 0.24036
-0.27669 0.12451 -0.43831 -0.11263
