# avg	std	min	max
0.46377 0.12878 0.29009 0.60444
0.29618 0.08148 0.15142 0.38601
0.97104 0.11157 0.84259 1.10035
-0.17862 0.06255 -0.24781 -0.10077
0.82479 0.10243 0.70333 0.96106
-0.15157 0.09846 -0.31310 -0.05148
-0.40393 0.10147 -0.55503 -0.27329
-0.22831 0.08214 -0.33133 -0.11793
1.01906 0.48492 0.46648 1.71173
0.08188 0.05182 0.02849 0.16761
0.27249 0.09270 0.18246 0.45148
0.21787 0.08439 0.13296 0.37043
-0.35183 0.08099 -0.46606 -0.21477
0.17955 0.12251 0.00582 0.31894
0.10190 0.08115 -0.01544 0.23339
0.16688 0.10924 0.01283 0.29498
-0.17355 0.03480 -0.23181 -0.12760
0.00830 0.09481 -0.13802 0.12333
0.03503 0.09188 -0.12581 0.11927
0.22299 0.06186 0.12276 0.31253
-1.52732 0.14801 -1.74376 -1.28757
0.26848 0.25207 -0.08884 0.64027
-0.63513 0.10209 -0.75363 -0.49508
