# avg	std	min	max
5.76222 0.01174 5.74547 5.77757
3.96887 0.02859 3.94321 4.02443
2.36543 0.09654 2.31086 2.55821
1.22486 0.01594 1.19860 1.24175
2.17983 0.00766 2.16908 2.19291
0.90537 0.04590 0.85913 0.98368
-0.00351 0.00787 -0.01784 0.00604
1.36078 0.01654 1.33148 1.37655
7.75617 0.06615 7.68720 7.88114
3.97982 0.00572 3.97230 3.98621
2.64136 0.00981 2.62772 2.65499
3.70509 0.02167 3.68160 3.73992
0.84422 0.03563 0.79628 0.89207
4.28971 0.00903 4.27238 4.29832
4.12867 0.03426 4.07098 4.17683
5.84556 0.01174 5.82401 5.85630
4.90490 0.24026 4.52469 5.12605
4.04408 0.09088 3.87602 4.13916
4.53934 0.10817 4.41263 4.72950
2.82806 0.00543 2.81944 2.83390
7.81723 0.42600 7.54993 8.66369
12.24370 0.23028 11.83530 12.51790
1.05240 0.25156 0.66094 1.43732
