# avg	std	min	max
5.11717 0.03797 5.07145 5.17619
4.48781 0.06951 4.41381 4.61852
3.60371 0.03499 3.53711 3.63223
2.33863 0.07709 2.21252 2.44020
2.69683 0.02558 2.64888 2.71829
1.14390 0.03878 1.10416 1.19928
-0.03349 0.02458 -0.07280 -0.00370
4.60267 0.12058 4.41275 4.78723
7.15517 0.06087 7.09236 7.25118
4.71373 0.09116 4.60605 4.82846
3.97760 0.13136 3.84789 4.21063
3.87524 0.06075 3.78692 3.93158
2.41469 0.03865 2.38334 2.48461
4.95275 0.03968 4.87958 4.99450
4.00661 0.31903 3.38161 4.21989
4.78997 0.12421 4.60219 4.96116
4.48490 0.06778 4.38754 4.57099
3.95196 0.11043 3.75098 4.07277
4.22476 0.06702 4.09975 4.28988
3.85146 0.03856 3.80032 3.90513
4.74277 0.06702 4.66874 4.85240
4.38355 0.19764 4.00194 4.56318
4.14237 0.02936 4.09688 4.18884
