# avg	std	min	max
0.00000 0.00000 -0.00000 0.00000
2.68484 0.00000 2.68483 2.68484
3.41137 0.00288 3.40858 3.41624
1.06137 0.02039 1.04667 1.10178
3.43636 0.00481 3.42954 3.44282
0.98416 0.06102 0.90603 1.03766
1.66778 0.09894 1.54060 1.81497
1.73659 0.01214 1.71967 1.75758
4.93495 0.08861 4.76010 4.99942
2.69135 0.00003 2.69130 2.69139
3.36996 0.00327 3.36349 3.37252
2.14409 0.01362 2.11708 2.15415
1.56210 0.11718 1.38469 1.66510
1.33554 0.02764 1.31559 1.38823
1.92240 0.30109 1.60363 2.43924
2.50613 0.00195 2.50240 2.50794
2.44613 0.03776 2.38290 2.48099
1.58883 0.07288 1.45340 1.67038
1.12769 0.44499 0.77765 1.96769
2.46493 0.01411 2.45224 2.49227
2.80690 0.01094 2.79735 2.82788
3.72377 0.03259 3.69699 3.78649
1.81086 0.11862 1.64581 1.95326
