# avg	std	min	max
0.00000 0.00000 0.00000 0.00000
2.39775 0.00000 2.39775 2.39775
3.87729 0.00192 3.87471 3.88061
2.23141 0.00917 2.22402 2.24929
3.57749 0.01978 3.55092 3.60902
2.09566 0.14976 1.90020 2.27334
1.96868 0.01013 1.95737 1.98722
2.17354 0.08737 2.07114 2.32471
4.87581 0.02604 4.82985 4.90402
2.49597 0.00006 2.49589 2.49604
3.59738 0.02039 3.57319 3.62409
2.36113 0.00008 2.36104 2.36122
2.13547 0.00769 2.12612 2.14574
2.34895 0.00553 2.34414 2.35607
2.14279 0.02193 2.11465 2.16888
2.54647 0.00546 2.53600 2.55193
2.40942 0.00988 2.39961 2.42764
2.08481 0.02020 2.05784 2.12044
1.99266 0.03584 1.94833 2.04689
2.42165 0.01482 2.40544 2.43982
2.67891 0.00412 2.67097 2.68244
4.79039 0.09912 4.64083 4.88400
1.82851 0.20800 1.44063 1.99977
