# avg	std	min	max
0.00000 0.00000 0.00000 0.00000
2.74432 0.00000 2.74432 2.74432
5.95836 0.00205 5.95433 5.96003
2.38152 0.02632 2.35454 2.41667
5.60318 0.04652 5.54277 5.67855
2.07929 0.02687 2.03470 2.10710
3.74273 0.00988 3.73514 3.76225
3.69785 0.02661 3.66845 3.73107
6.26741 0.01229 6.25454 6.29039
2.93622 0.01595 2.92327 2.95845
4.34996 0.40767 4.01103 4.85191
2.82221 0.03027 2.80319 2.88177
3.75579 0.02161 3.71518 3.77835
2.37435 0.00232 2.36971 2.37555
2.47058 0.08410 2.39142 2.62909
2.84509 0.01322 2.82082 2.85705
2.53375 0.00546 2.52727 2.54186
2.48757 0.03288 2.42560 2.51382
2.15755 0.03175 2.09828 2.18814
2.37348 0.02265 2.35678 2.41815
2.92837 0.01011 2.91491 2.94224
5.09762 0.27568 4.57497 5.39470
3.37686 0.03408 3.31835 3.41979
