# avg	std	min	max
0.52324 0.04633 0.45255 0.58456
0.15951 0.14586 -0.04830 0.34027
0.28386 0.09056 0.12821 0.41155
-0.44802 0.15723 -0.67459 -0.29163
-0.07803 0.01928 -0.10250 -0.05405
-0.01638 0.03715 -0.06042 0.04174
-0.33002 0.22018 -0.49637 0.10084
-0.00889 0.43002 -0.72833 0.45826
0.96825 0.19467 0.60456 1.13712
0.22203 0.12417 0.01708 0.37872
0.79330 0.11183 0.57174 0.87112
0.35034 0.08175 0.27933 0.49923
-0.35810 0.27346 -0.90075 -0.17311
-0.22696 0.07610 -0.30930 -0.10056
-0.44443 0.03753 -0.48762 -0.37477
0.30962 0.03180 0.26373 0.34730
0.35214 0.08529 0.24368 0.45732
-0.82017 0.21744 -1.15764 -0.63330
-0.89594 0.13970 -1.05670 -0.69772
0.00168 0.04079 -0.06443 0.04331
0.74320 0.14201 0.56627 0.99651
1.74844 0.14131 1.51238 1.92749
-0.73029 0.14337 -0.87974 -0.53478
