# avg	std	min	max
2.46581 0.11827 2.22975 2.53448
1.68282 0.02138 1.65450 1.71008
1.19336 0.28120 0.82752 1.61963
-0.86211 0.20291 -1.26184 -0.71380
1.65772 0.57696 0.84586 2.21759
-0.57286 0.13601 -0.81294 -0.41181
-0.06862 0.11005 -0.24195 0.09953
-0.00805 0.23276 -0.39996 0.31851
4.10718 0.50405 3.79145 5.11052
1.14108 0.04822 1.07335 1.21897
0.01505 0.17997 -0.30379 0.16933
0.93161 0.27199 0.59301 1.32990
0.01738 0.12456 -0.11664 0.23658
0.87018 0.24880 0.44667 1.08570
1.21722 0.20397 0.89690 1.47905
4.02254 0.33517 3.62413 4.62825
3.96498 0.22185 3.52204 4.10061
-0.12403 0.22306 -0.34406 0.19044
0.16873 0.40399 -0.47826 0.61576
-0.00549 0.02243 -0.03900 0.02386
6.33438 0.79958 5.63454 7.40722
7.24074 0.66774 6.32891 8.07237
1.50622 0.40761 1.10392 2.24544
