# avg	std	min	max
0.47740 0.02335 0.44191 0.50673
0.45445 0.02539 0.41729 0.49423
0.33248 0.05400 0.26302 0.40554
-0.14041 0.14693 -0.42924 -0.01920
0.00431 0.09463 -0.08565 0.18675
-0.21442 0.02539 -0.25007 -0.17301
-0.54921 0.07696 -0.62523 -0.40668
-0.35867 0.08543 -0.45776 -0.19969
0.84122 0.03568 0.80838 0.90946
0.07251 0.40601 -0.73486 0.34253
-0.07445 0.55100 -0.74985 0.39286
0.15907 0.05768 0.10677 0.24975
-0.46613 0.08245 -0.58346 -0.35764
-0.27183 0.20702 -0.45024 -0.00997
-0.22664 0.03836 -0.27085 -0.17072
0.40747 0.07379 0.27490 0.47182
0.49915 0.03402 0.44164 0.53309
-0.01757 0.02501 -0.05063 0.02323
-0.46527 0.04156 -0.54408 -0.43168
-0.00057 0.00395 -0.00551 0.00662
0.66777 0.04379 0.60725 0.72533
0.56822 0.02812 0.53147 0.59843
-0.26330 0.10495 -0.34903 -0.10204
