# avg	std	min	max
1.75717 0.03171 1.71812 1.79573
1.14400 0.01455 1.13120 1.16487
0.45145 0.00207 0.44841 0.45426
0.31750 0.01655 0.28446 0.32719
0.00093 0.00187 -0.00005 0.00466
0.07221 0.01499 0.06271 0.10187
0.28811 0.00642 0.27903 0.29850
0.98796 0.00960 0.97472 1.00195
5.33327 0.15416 5.03583 5.48598
1.41868 0.02467 1.38501 1.44413
0.94998 0.00130 0.94864 0.95180
0.92692 0.00612 0.91852 0.93683
0.44858 0.05051 0.39260 0.53185
1.28618 0.03764 1.23865 1.33074
0.52980 0.22790 0.25613 0.83584
1.63172 0.04494 1.55347 1.67856
1.27627 0.01945 1.25824 1.31174
0.41863 0.17181 0.16100 0.66102
0.79355 0.11972 0.60814 0.96071
1.06028 0.22225 0.85769 1.38230
1.89147 0.06390 1.81139 2.00273
1.72047 0.29421 1.13629 1.92800
0.11279 0.06989 0.05465 0.24939
