# avg	std	min	max
0.93095 0.06387 0.82618 1.02219
0.63351 0.02555 0.60862 0.67096
0.34924 0.16237 0.19291 0.55921
-0.19684 0.08622 -0.32746 -0.07347
0.17927 0.13417 -0.05602 0.32995
-0.50227 0.28868 -0.86075 -0.22574
-0.03585 0.12036 -0.24735 0.09553
0.39218 0.12056 0.17199 0.52854
3.04433 0.06747 2.98073 3.15894
0.80510 0.05794 0.70130 0.85475
0.58069 0.18621 0.37914 0.83459
0.50737 0.08619 0.37916 0.62066
0.09316 0.13379 -0.16379 0.21097
0.82911 0.09995 0.64250 0.91092
0.05679 0.04954 -0.03188 0.12099
0.85137 0.19337 0.66014 1.10171
0.47526 0.03799 0.41303 0.52858
-0.01769 0.03523 -0.06616 0.04106
-0.03054 0.06862 -0.10215 0.08184
0.81855 0.08556 0.69100 0.92610
0.76817 0.04501 0.72344 0.83205
0.67536 0.05849 0.58966 0.74618
-0.05802 0.18992 -0.40523 0.10722
