# avg	std	min	max
5.83882 0.00895 5.82703 5.85311
4.42634 0.01120 4.41177 4.43673
4.21015 0.16176 4.07013 4.52328
-0.00673 0.00556 -0.01389 -0.00049
2.97539 0.03521 2.94808 3.04390
0.20890 0.10506 0.05237 0.37549
4.28574 0.24008 4.04000 4.66176
10.54647 1.07298 8.78274 12.13550
6.51753 0.60595 6.00633 7.26416
4.65975 0.01786 4.63822 4.68943
3.92663 0.00946 3.91511 3.93959
3.86142 0.00769 3.85051 3.87275
9.31253 1.03129 7.58763 10.53750
4.78848 0.01973 4.76672 4.81659
4.15634 0.05526 4.05814 4.20702
6.18508 0.02064 6.16431 6.22232
5.59646 0.06390 5.50832 5.66182
2.85730 0.13177 2.60696 2.96361
5.15817 0.63029 4.04199 5.81561
7.19618 1.55400 5.22410 9.04159
9.25233 0.04617 9.19192 9.30835
9.91938 0.41511 9.65436 10.74430
9.63574 1.21968 7.33672 10.63420
