# avg	std	min	max
1.53976 0.00249 1.53698 1.54436
0.71720 0.02016 0.69092 0.74357
0.81153 0.02979 0.76577 0.84953
0.00824 0.00530 -0.00000 0.01331
-0.13801 0.03113 -0.19067 -0.10318
0.19159 0.00658 0.18337 0.20042
0.32033 0.00728 0.30994 0.32807
0.81267 0.00787 0.80219 0.82246
1.91463 0.39586 1.46491 2.48568
0.42128 0.03054 0.37133 0.45322
0.60731 0.00281 0.60394 0.61155
1.24238 0.00147 1.24074 1.24499
0.46456 0.00239 0.46084 0.46828
0.58686 0.02478 0.55578 0.61199
0.51081 0.02516 0.46354 0.53883
0.81412 0.04663 0.72740 0.85177
0.67432 0.03438 0.64986 0.74183
-0.23071 0.03638 -0.26082 -0.16245
-0.12164 0.17254 -0.38622 0.07310
0.17655 0.00831 0.16517 0.19003
1.10306 0.09832 0.92022 1.18052
3.10029 0.55185 2.18220 3.68668
0.42772 0.01145 0.40556 0.43712
