# avg	std	min	max
3.84952 0.04722 3.77663 3.92559
3.01608 0.01986 2.98602 3.04196
1.61741 0.03717 1.57999 1.68375
-0.03059 0.03547 -0.08484 0.01209
0.58828 0.01724 0.56436 0.61596
0.21173 0.03521 0.15157 0.25419
0.62020 0.01428 0.60829 0.64687
0.83449 0.02118 0.80503 0.86068
4.40403 0.01928 4.38053 4.42698
3.58520 0.00448 3.57631 3.58816
2.48393 0.01954 2.45935 2.51682
2.35568 0.08372 2.28635 2.51728
1.28993 0.01296 1.27805 1.31469
3.06708 0.01259 3.04900 3.08440
2.44892 0.01364 2.42927 2.46331
3.57695 0.25076 3.43428 4.07759
2.99141 0.03318 2.93964 3.03549
1.14965 0.06654 1.04748 1.23367
1.53500 0.35047 1.01223 1.93264
2.57560 0.01934 2.55562 2.61210
3.98790 0.07846 3.90373 4.11147
3.75687 0.10614 3.64835 3.88778
2.27903 0.23845 1.82322 2.46746
