# avg	std	min	max
0.70777 0.06557 0.62254 0.78324
0.78314 0.06362 0.71776 0.87021
0.16474 0.03603 0.10394 0.21332
0.89725 0.16107 0.62845 1.06543
0.07837 0.07133 -0.04086 0.16098
0.33051 0.44057 0.03430 1.20339
1.00167 0.11351 0.78938 1.09994
1.38656 0.04690 1.29654 1.43407
-0.53888 0.10660 -0.63388 -0.34900
-0.11547 0.06485 -0.19606 -0.02113
0.83331 0.16871 0.55253 1.05165
0.53561 0.19207 0.17526 0.68196
1.05529 0.12158 0.88772 1.21228
-0.07177 0.09207 -0.24287 0.02286
-0.09304 0.06853 -0.18964 0.01291
0.39178 0.06277 0.30166 0.46411
0.20465 0.15652 0.07183 0.49867
0.38071 0.19190 0.23135 0.74381
-0.39471 0.14050 -0.60245 -0.16326
0.69300 0.10728 0.50905 0.82969
0.59355 0.16490 0.47450 0.91573
1.00994 0.11334 0.85952 1.15705
0.31081 0.13844 0.17681 0.57359
