# avg	std	min	max
1.59649 0.00000 1.59649 1.59649
1.43414 0.00000 1.43414 1.43414
2.02882 0.23565 1.74050 2.24370
1.42322 0.00297 1.41930 1.42852
1.69560 0.02083 1.65707 1.71529
1.53235 0.00684 1.52633 1.54571
1.40069 0.00960 1.39199 1.41281
1.39032 0.00450 1.38459 1.39566
-0.00144 0.00133 -0.00211 0.00123
1.61438 0.00008 1.61425 1.61447
1.91534 0.34877 1.48603 2.20069
1.48711 0.00025 1.48687 1.48753
1.53407 0.00126 1.53261 1.53556
1.44816 0.13138 1.24704 1.56095
1.04947 0.01435 1.02792 1.06327
1.47689 0.00202 1.47551 1.48090
1.62366 0.00267 1.62058 1.62749
1.29931 0.04783 1.25837 1.39018
0.97622 0.29347 0.39619 1.17438
1.45978 0.06052 1.41032 1.57849
2.00158 0.00596 1.99313 2.01177
2.76637 0.24631 2.51695 3.12663
1.18267 0.14771 1.01296 1.40683
