# avg	std	min	max
2.58318 0.03439 2.52255 2.62160
2.20143 0.00218 2.19855 2.20449
1.75756 0.02217 1.72294 1.79003
1.75812 0.03322 1.71219 1.80013
1.25402 0.03736 1.18678 1.28991
1.42044 0.12942 1.17386 1.52953
1.30205 0.04735 1.23264 1.37022
1.71796 0.12220 1.48328 1.83714
-0.00390 0.00272 -0.00909 -0.00177
2.52827 0.00267 2.52494 2.53224
2.01292 0.00263 2.01033 2.01655
2.22171 0.00920 2.20562 2.23102
1.21743 0.02081 1.19338 1.25049
2.95537 0.03032 2.89817 2.98407
1.92498 0.06953 1.86345 2.05941
2.68322 0.45740 2.24995 3.24612
2.41199 0.04025 2.34222 2.45427
1.80213 0.02372 1.76495 1.82917
1.83108 0.09385 1.64842 1.89455
1.94470 0.02569 1.90566 1.97759
2.12909 0.19411 1.95312 2.48972
2.44655 0.10135 2.31770 2.55314
0.81064 0.07681 0.70901 0.91158
