# avg	std	min	max
0.43795 0.11960 0.37359 0.67693
0.36637 0.11887 0.30694 0.60411
0.79175 0.00373 0.78977 0.79920
0.01955 0.02934 -0.02892 0.05122
0.62215 0.02994 0.59256 0.67741
-0.56807 0.16437 -0.80126 -0.38228
-0.12748 0.10147 -0.28443 -0.03056
0.00850 0.04788 -0.07160 0.07819
-1.31301 0.26887 -1.60176 -0.88920
0.45376 0.00390 0.44943 0.46106
0.50900 0.01781 0.48317 0.52966
0.10438 0.01630 0.09019 0.13296
-0.04997 0.06968 -0.14707 0.03612
-0.21837 0.03207 -0.25430 -0.16520
-0.03013 0.03047 -0.09106 -0.01490
0.86466 0.01242 0.84085 0.87530
-0.29726 0.11546 -0.41782 -0.12934
-0.36591 0.10053 -0.55637 -0.29582
-0.23242 0.15148 -0.41777 -0.08040
-0.14988 0.07188 -0.25149 -0.06618
0.44224 0.19440 0.25687 0.79049
0.38152 0.31658 -0.09230 0.75951
0.11601 0.08417 -0.04413 0.19133
