# avg	std	min	max
2.10767 0.10794 1.93882 2.24841
1.19514 0.13389 0.93291 1.29275
-0.23463 0.05024 -0.26526 -0.13476
-0.27648 0.05161 -0.33117 -0.18475
-0.85835 0.01635 -0.87180 -0.82754
-0.22890 0.12444 -0.40172 -0.04865
2.17367 0.43570 1.82389 3.01240
4.43940 0.73428 3.01678 5.00783
4.31723 0.02616 4.28895 4.35971
1.22163 0.07438 1.14132 1.35454
0.71522 0.00553 0.70530 0.72213
0.99596 0.06989 0.89449 1.05687
2.79349 0.95169 2.20826 4.68324
1.85418 0.27883 1.35622 2.06730
0.73605 0.03309 0.68240 0.77114
3.01410 0.03850 2.97773 3.07167
1.48842 0.07261 1.34795 1.54771
0.05237 0.05338 -0.00655 0.14398
-0.00862 0.00000 -0.00862 -0.00862
0.46157 0.13869 0.30544 0.63304
2.02737 0.03286 1.98950 2.08182
2.31631 0.18830 2.11347 2.61777
3.94961 0.86460 3.13722 5.53406
