# avg	std	min	max
1.76146 0.07522 1.62954 1.85886
1.57473 0.15105 1.28066 1.70553
0.81821 0.11619 0.63101 0.96242
0.98323 0.23058 0.69241 1.38699
0.63616 0.13336 0.53707 0.89509
0.38010 0.09502 0.27357 0.54093
1.32607 0.22185 0.93333 1.58217
1.44442 0.27618 1.11627 1.92138
5.85011 0.22967 5.58659 6.26008
1.23610 0.18942 1.09156 1.59174
0.91433 0.13386 0.79029 1.16680
0.67107 0.08316 0.57208 0.81667
1.25907 0.21856 0.83360 1.46018
1.42958 0.08763 1.33375 1.56330
0.44649 0.16006 0.25390 0.67244
1.82369 0.23386 1.61385 2.26612
1.50194 0.19665 1.22473 1.82064
0.11221 0.20535 -0.10914 0.49208
-0.01795 0.13612 -0.17172 0.19034
1.24917 0.12708 1.01581 1.37019
2.03575 0.13300 1.86619 2.21090
1.48963 0.14596 1.32880 1.74535
1.43248 0.35419 1.06997 1.85829
