# avg	std	min	max
2.07970 0.02811 2.04858 2.11696
0.66109 0.03188 0.62431 0.69945
-0.50186 0.01720 -0.53448 -0.48774
-0.87399 0.12779 -1.12330 -0.75762
-1.31350 0.02078 -1.33600 -1.27726
-0.80629 0.10081 -0.99007 -0.70937
-0.62036 0.03653 -0.65372 -0.55500
-0.24850 0.08671 -0.36129 -0.11592
7.56253 0.30868 6.94852 7.77088
1.25604 0.01406 1.23783 1.27228
0.44650 0.00375 0.44313 0.45110
0.51755 0.03015 0.48568 0.56664
-0.52596 0.02508 -0.56034 -0.49476
0.85862 0.12314 0.61624 0.95852
0.21163 0.02890 0.16053 0.24003
1.14294 0.01353 1.12997 1.16189
0.40408 0.01285 0.39406 0.42685
-0.27514 0.02607 -0.30718 -0.23850
-0.01734 0.01709 -0.03072 0.01461
0.22173 0.05926 0.17187 0.33161
0.97953 0.07457 0.86784 1.08786
0.52074 0.08043 0.42063 0.65565
-0.54749 0.11233 -0.70946 -0.37389
