# avg	std	min	max
1.79497 0.00913 1.78386 1.80660
0.81016 0.00912 0.79554 0.82346
0.27430 0.00317 0.27133 0.28012
-0.66163 0.17190 -0.96895 -0.48823
-0.38881 0.03911 -0.43185 -0.32220
-1.19676 0.03864 -1.23304 -1.12327
0.28322 0.11321 0.21688 0.50873
-0.18766 0.15813 -0.32180 0.11482
3.03836 0.01688 3.01280 3.06394
1.22191 0.02782 1.18104 1.26252
1.55376 0.00973 1.53441 1.56062
0.94410 0.00853 0.93216 0.95177
0.27471 0.01629 0.26302 0.30684
1.47079 0.01967 1.44958 1.49984
0.59399 0.00969 0.58220 0.60615
1.63537 0.02406 1.61423 1.66596
0.83389 0.02837 0.79837 0.87947
-0.04132 0.04402 -0.09966 0.01924
-0.00079 0.00000 -0.00079 -0.00079
1.38776 0.04086 1.34841 1.45232
1.54917 0.02038 1.51530 1.57208
2.20210 0.13406 2.00435 2.33628
0.30633 0.36560 -0.24628 0.85575
