# avg	std	min	max
1.69322 0.16824 1.35724 1.79386
0.86508 0.04217 0.82547 0.91818
0.09320 0.02500 0.05538 0.11662
-0.88166 0.03786 -0.95040 -0.84105
-0.50711 0.03304 -0.56517 -0.46981
-0.77637 0.11633 -0.90941 -0.57137
-0.88123 0.04826 -0.94477 -0.79668
-0.60088 0.33304 -0.95919 -0.10175
5.73350 0.02112 5.70636 5.76597
0.99387 0.22446 0.64785 1.23114
0.58325 0.03419 0.53970 0.63287
0.64206 0.02986 0.58592 0.67315
-0.80273 0.02354 -0.84425 -0.78149
0.57335 0.11144 0.47521 0.78765
0.44090 0.18240 0.12215 0.64405
2.46474 0.10563 2.40330 2.67481
1.42160 0.10222 1.30831 1.60026
-0.37234 0.05436 -0.47316 -0.31854
-0.01100 0.01740 -0.04577 -0.00190
0.03245 0.07067 -0.01584 0.17170
0.99179 0.05527 0.93321 1.07987
0.38503 0.10216 0.22842 0.49528
-0.72590 0.08692 -0.86686 -0.60972
