# avg	std	min	max
0.51714 0.00000 0.51714 0.51714
0.32946 0.00000 0.32946 0.32946
0.04824 0.00054 0.04782 0.04926
-0.61374 0.04699 -0.68743 -0.54720
0.01506 0.01007 0.00012 0.02417
-0.78911 0.10347 -0.95408 -0.65285
-0.57114 0.03227 -0.62144 -0.54407
-0.84449 0.03815 -0.88254 -0.79180
4.32045 0.02758 4.30492 4.37556
0.00056 0.00040 0.00000 0.00109
0.01917 0.00065 0.01810 0.02007
-0.24251 0.00116 -0.24401 -0.24062
-0.30504 0.00160 -0.30822 -0.30408
0.14763 0.00138 0.14569 0.14953
-0.49465 0.00936 -0.50662 -0.48445
0.82700 0.00344 0.82384 0.83133
0.22769 0.00957 0.21464 0.24113
-0.55158 0.13011 -0.79622 -0.43844
-0.82041 0.07031 -0.96005 -0.77008
-0.02728 0.00425 -0.03045 -0.01887
0.42431 0.01080 0.40452 0.43334
0.05500 0.01615 0.04603 0.08724
-0.68185 0.02358 -0.71342 -0.64746
