# avg	std	min	max
0.37062 0.00024 0.37033 0.37094
-0.74644 0.00007 -0.74647 -0.74629
-1.64318 0.00043 -1.64389 -1.64270
-1.90959 0.16749 -2.07998 -1.58851
-2.36268 0.00031 -2.36306 -2.36218
-2.35890 0.18353 -2.66401 -2.13231
-1.91022 0.04025 -1.94555 -1.83383
-2.14453 0.27869 -2.50528 -1.71211
0.53307 0.01852 0.51161 0.56600
-0.00001 0.00015 -0.00025 0.00024
-1.07828 0.04149 -1.10049 -0.99533
-0.60431 0.01959 -0.61440 -0.56514
-1.62545 0.02738 -1.64870 -1.58749
-0.60596 0.04490 -0.64634 -0.51965
-1.13627 0.02787 -1.16876 -1.09905
-0.11423 0.01064 -0.12237 -0.09389
-0.70366 0.04537 -0.77089 -0.64511
-1.31212 0.07913 -1.42252 -1.21621
-1.18316 0.05153 -1.26098 -1.12176
-0.96017 0.05598 -1.01623 -0.88391
0.53227 0.05415 0.45629 0.61212
0.45005 0.01920 0.42471 0.47556
-1.72888 0.03128 -1.76045 -1.68869
