# avg	std	min	max
0.66432 0.12530 0.56454 0.91151
-0.02996 0.00005 -0.02998 -0.02987
1.08551 0.05519 0.99372 1.15997
-0.36826 0.09282 -0.42147 -0.18339
0.29183 0.06016 0.21533 0.38252
-0.59764 0.04018 -0.65327 -0.55216
-0.60190 0.11090 -0.82280 -0.53331
-0.23160 0.13757 -0.37132 0.00583
1.05383 0.02899 1.01802 1.09906
0.00091 0.00159 0.00008 0.00408
0.24176 0.00105 0.24066 0.24366
0.18960 0.05541 0.11403 0.26311
-0.88953 0.06179 -1.01307 -0.85620
0.15196 0.22082 -0.11855 0.48605
0.17466 0.13806 -0.02383 0.33469
0.44751 0.07199 0.40385 0.59096
0.14500 0.06618 0.09606 0.27568
-0.11716 0.10916 -0.25569 0.02217
-0.40134 0.36252 -0.89985 0.06197
0.33051 0.13042 0.21255 0.56796
0.45506 0.00833 0.44561 0.47004
1.77956 0.07758 1.68189 1.87022
-1.00572 0.78147 -2.56072 -0.50853
