# avg	std	min	max
0.14905 0.00005 0.14900 0.14912
-0.12281 0.00004 -0.12284 -0.12274
-0.30244 0.00010 -0.30252 -0.30225
-0.73897 0.03399 -0.77077 -0.69726
-0.62373 0.04623 -0.67368 -0.55440
-1.01332 0.04297 -1.05389 -0.93211
-0.69107 0.01977 -0.71650 -0.66880
-0.53290 0.00665 -0.53759 -0.51978
2.61131 0.00270 2.60947 2.61662
-0.00003 0.00006 -0.00016 0.00000
-0.25001 0.00023 -0.25018 -0.24957
-0.19933 0.03368 -0.21753 -0.13200
-0.50493 0.00518 -0.50985 -0.49798
0.21067 0.00367 0.20585 0.21574
-0.36228 0.14872 -0.55088 -0.13817
0.23515 0.00300 0.23268 0.23919
-0.11065 0.00447 -0.11451 -0.10445
-0.55885 0.01223 -0.57901 -0.54279
-0.47318 0.12677 -0.67219 -0.34178
0.06426 0.00134 0.06251 0.06582
-0.00996 0.00405 -0.01678 -0.00487
-0.31430 0.02081 -0.32807 -0.27302
-0.91977 0.06693 -0.99943 -0.83630
