# avg	std	min	max
2.61855 0.00353 2.61230 2.62224
1.73031 0.00500 1.72263 1.73510
0.36139 0.00324 0.35686 0.36521
0.32947 0.03896 0.29480 0.40479
0.10525 0.02634 0.06762 0.13021
0.52364 0.02401 0.48583 0.54652
-0.05123 0.03732 -0.12124 -0.01114
0.89752 0.21341 0.56162 1.10685
1.94972 0.02121 1.91814 1.98175
1.09748 0.00848 1.08596 1.10936
-0.00003 0.00007 -0.00013 0.00008
1.23784 0.02321 1.20277 1.27405
0.27926 0.04348 0.23083 0.35722
0.79192 0.01054 0.77900 0.80353
0.88720 0.03658 0.83609 0.93992
0.35358 0.01710 0.33991 0.38401
1.08842 0.04781 1.03766 1.16074
0.53584 0.11915 0.32361 0.69366
0.16985 0.40011 -0.59149 0.59294
0.55019 0.01137 0.53358 0.56485
1.19206 0.04698 1.13813 1.26804
0.63309 0.03154 0.57772 0.67574
0.25105 0.20255 0.02519 0.49278
