# avg	std	min	max
1.31697 0.00103 1.31613 1.31824
0.54931 0.00078 0.54882 0.55083
-1.09971 0.00084 -1.10072 -1.09873
-1.27900 0.05056 -1.31488 -1.18363
-1.67365 0.02762 -1.71408 -1.63113
-0.86724 0.09626 -0.99377 -0.74177
-0.53134 0.23171 -0.92316 -0.29543
0.14245 0.17345 -0.00331 0.48119
3.02780 0.01053 3.01870 3.04705
1.15976 0.00080 1.15873 1.16087
-0.00018 0.00068 -0.00147 0.00055
0.20968 0.00325 0.20532 0.21277
-0.24453 0.08638 -0.35957 -0.14137
-0.45619 0.03180 -0.48978 -0.39769
0.24095 0.14506 0.05705 0.41934
-0.85076 0.02196 -0.89261 -0.82778
-0.63768 0.23021 -0.82754 -0.22542
-0.25190 0.03126 -0.29098 -0.21636
-0.00414 0.04398 -0.03640 0.08213
0.04763 0.00569 0.03795 0.05237
0.30748 0.29473 -0.06648 0.65432
0.00958 0.00928 0.00099 0.02625
-0.52917 0.14662 -0.80010 -0.35960
