# avg	std	min	max
4.55246 0.03299 4.49494 4.58766
2.35151 0.02247 2.31267 2.37810
0.00050 0.00047 -0.00023 0.00124
1.58528 0.19150 1.26534 1.81768
1.29963 0.00595 1.29219 1.30991
-0.38470 0.41025 -0.72631 0.40854
6.59075 2.06762 3.40899 9.28621
11.34326 4.08490 6.70792 18.28740
5.49450 0.04378 5.44911 5.55555
3.61844 0.01233 3.59907 3.63497
2.15006 0.00149 2.14821 2.15149
1.89823 0.11163 1.79279 2.09327
7.47271 2.99089 5.04122 12.91660
2.83715 0.07653 2.71262 2.92590
3.55858 0.26561 3.25565 3.97221
3.49737 0.02531 3.45772 3.53144
2.91241 0.57386 2.23337 3.61592
4.54321 0.63813 3.94534 5.75521
8.40805 3.53716 4.34444 13.06710
8.61522 1.14799 6.71232 9.89030
8.02822 0.57915 7.51465 8.93245
9.35245 0.97059 8.32902 11.19430
10.49002 2.87894 6.20651 14.02420
