# avg	std	min	max
3.68946 0.00506 3.67943 3.69265
2.43725 0.00553 2.43079 2.44374
-0.00024 0.00029 -0.00065 0.00000
-0.13601 0.07006 -0.21529 -0.02413
-0.51306 0.00723 -0.52007 -0.50146
-0.82435 0.03125 -0.87514 -0.78748
1.82735 0.04032 1.78226 1.89113
1.70882 0.06274 1.61455 1.78199
3.45233 0.05308 3.39216 3.53545
3.25755 0.00479 3.25440 3.26707
1.81607 0.02282 1.77210 1.83231
1.39596 0.07129 1.32880 1.48421
2.02312 0.06597 1.96007 2.14798
2.52890 0.01842 2.50172 2.55976
1.47590 0.05316 1.39689 1.54551
2.54817 0.16811 2.30120 2.73025
2.29897 0.03514 2.24689 2.35708
1.92946 0.14676 1.74301 2.19347
1.45493 0.52263 0.55566 2.16581
2.01096 0.00537 2.00044 2.01503
4.65695 0.55706 4.11783 5.73296
2.81120 0.16844 2.57117 3.06757
2.08607 0.09270 1.96118 2.21336
