# avg	std	min	max
2.31881 0.04822 2.23911 2.38371
1.45320 0.01828 1.42121 1.46741
0.00001 0.00003 -0.00003 0.00006
0.09079 0.01832 0.06131 0.11483
-0.16943 0.00559 -0.17577 -0.16248
0.01501 0.00571 0.00981 0.02256
0.40075 0.09284 0.29235 0.54275
0.85656 0.01530 0.82707 0.86870
6.57811 0.05819 6.48650 6.64920
1.96303 0.03626 1.92931 2.02967
0.85992 0.05322 0.75349 0.88696
1.15617 0.01138 1.13341 1.16223
0.34387 0.14494 0.15419 0.58821
1.73897 0.22646 1.28908 1.88063
1.11321 0.09284 1.01388 1.24716
2.16572 0.03668 2.09708 2.19349
1.13140 0.07740 1.04086 1.23082
0.45332 0.05376 0.38535 0.54978
1.00239 0.11906 0.78461 1.12434
1.46398 0.10368 1.28376 1.54530
1.93325 0.04257 1.86267 1.98391
0.82324 0.00569 0.81249 0.82805
0.48714 0.53858 -0.56115 0.89265
