# avg	std	min	max
5.43500 0.05421 5.38971 5.50161
3.39683 0.05407 3.35215 3.46308
0.04340 0.05316 -0.00002 0.10854
0.56089 0.08549 0.41857 0.64738
-0.61666 0.06162 -0.68916 -0.53596
1.64917 0.29568 1.20105 2.02427
5.31266 0.99533 4.11314 6.64396
10.79834 1.79984 8.47074 12.69330
3.69356 0.06038 3.62495 3.77403
4.47889 0.08786 4.38765 4.62597
2.50867 0.05321 2.46512 2.57386
2.64209 0.05405 2.57439 2.68633
6.44979 0.99242 5.37643 7.80876
3.62484 0.04507 3.53744 3.66142
5.10203 0.38378 4.42319 5.43837
5.00114 0.05107 4.93726 5.04629
6.09447 0.16865 5.76135 6.22302
4.66583 0.57289 3.86512 5.62315
7.23831 0.88072 6.08060 8.51061
6.02292 0.55644 5.10103 6.53137
10.86258 0.12555 10.72790 11.01710
9.73740 2.15493 6.96760 13.50730
12.15470 3.12070 7.88768 16.74070
