# avg	std	min	max
-0.26791 0.00000 -0.26791 -0.26791
-0.16136 0.00005 -0.16138 -0.16125
0.00001 0.00008 -0.00008 0.00016
-0.04167 0.00074 -0.04291 -0.04057
0.03171 0.00258 0.02854 0.03560
-0.14626 0.00044 -0.14671 -0.14571
-0.11615 0.00683 -0.12330 -0.10635
-0.25088 0.03030 -0.30567 -0.21252
-0.33238 0.00055 -0.33316 -0.33155
-0.04321 0.00061 -0.04404 -0.04271
-0.09664 0.00003 -0.09666 -0.09658
-0.16529 0.00002 -0.16532 -0.16527
-0.14101 0.01530 -0.15440 -0.11557
-0.38207 0.03473 -0.39996 -0.31261
-0.56262 0.02809 -0.61429 -0.54015
-0.13511 0.00151 -0.13773 -0.13311
-0.15485 0.00594 -0.16528 -0.14858
-0.44909 0.03779 -0.49188 -0.39602
-0.67340 0.10456 -0.87926 -0.58922
-0.59049 0.00486 -0.59643 -0.58296
0.06539 0.01737 0.04680 0.08970
0.08403 0.00324 0.08002 0.08824
-0.20522 0.01160 -0.21268 -0.18215
