# avg	std	min	max
8.06206 0.01667 8.04085 8.08654
6.41417 0.05945 6.33198 6.50724
3.80823 0.04163 3.76216 3.87250
4.06283 0.04885 3.99162 4.12830
3.12434 0.03528 3.06657 3.17397
2.98179 0.22103 2.72402 3.22737
1.95652 0.04818 1.88763 2.02120
-0.01999 0.07137 -0.15441 0.05260
8.97617 0.15491 8.83842 9.27336
7.46471 0.02785 7.43406 7.49769
5.80353 0.05880 5.75031 5.91431
6.15357 0.06407 6.07618 6.24229
2.66875 0.10384 2.51437 2.77173
6.60676 0.03815 6.54112 6.65842
5.87736 0.05215 5.84450 5.98138
7.48819 0.03806 7.42696 7.53923
6.87982 0.01823 6.85505 6.89564
5.37337 0.16735 5.19513 5.57922
5.77487 0.27718 5.26209 6.07358
5.57021 0.06022 5.51239 5.67969
9.52266 0.08383 9.39886 9.64487
9.45143 0.09015 9.32940 9.56069
4.10446 0.42289 3.61092 4.79197
