# avg	std	min	max
5.98452 0.04352 5.90235 6.02198
4.41517 0.04878 4.34692 4.49575
3.31435 0.12514 3.14964 3.45133
1.42926 0.03446 1.36190 1.45917
1.94014 0.03569 1.88338 1.98411
1.45796 0.22211 1.21123 1.80823
0.42385 0.05247 0.34940 0.51370
1.13288 0.07224 1.05088 1.21840
6.83675 0.02723 6.79355 6.87766
4.85706 0.01944 4.83346 4.89260
3.78720 0.04354 3.71640 3.83447
3.90685 0.03217 3.85678 3.95076
-0.02425 0.02842 -0.06815 0.00542
4.51299 0.02640 4.46739 4.54570
3.70524 0.14016 3.54680 3.90342
5.20647 0.01746 5.18978 5.23439
4.35050 0.01296 4.32934 4.37008
3.23152 0.08461 3.14955 3.34166
2.94546 0.13601 2.79788 3.15958
3.13763 0.02011 3.10306 3.15857
6.78041 0.66319 5.47094 7.30326
7.93350 0.52848 6.88011 8.26776
3.59872 1.22106 1.93010 5.01728
