# avg	std	min	max
1.59249 0.00000 1.59249 1.59249
1.09344 0.00000 1.09344 1.09344
0.91366 0.00000 0.91366 0.91366
0.40842 0.00000 0.40842 0.40842
0.21510 0.00000 0.21510 0.21510
0.46101 0.00000 0.46101 0.46101
0.55334 0.00000 0.55334 0.55334
0.47944 0.00000 0.47944 0.47944
1.97718 0.00000 1.97718 1.97718
1.78340 0.00000 1.78340 1.78340
1.67546 0.00000 1.67546 1.67546
1.09856 0.00000 1.09856 1.09856
0.43066 0.00000 0.43066 0.43066
0.88343 0.00000 0.88343 0.88343
0.75404 0.00000 0.75404 0.75404
-0.01420 0.00000 -0.01420 -0.01420
0.57892 0.00000 0.57892 0.57892
0.14252 0.00000 0.14252 0.14252
0.70558 0.00000 0.70558 0.70558
1.49314 0.00000 1.49314 1.49314
