# avg	std	min	max
0.78064 0.00000 0.78064 0.78064
0.58110 0.00000 0.58110 0.58110
0.52783 0.00000 0.52783 0.52783
0.02921 0.00000 0.02921 0.02921
0.49978 0.00000 0.49978 0.49978
0.19874 0.00000 0.19874 0.19874
-0.94046 0.00000 -0.94046 -0.94046
1.03374 0.00000 1.03374 1.03374
1.36011 0.00000 1.36011 1.36011
0.69293 0.00000 0.69293 0.69293
0.99906 0.00000 0.99906 0.99906
0.61166 0.00000 0.61166 0.61166
-0.68571 0.00000 -0.68571 -0.68571
0.33473 0.00000 0.33473 0.33473
0.54162 0.00000 0.54162 0.54162
0.00000 0.00000 0.00000 0.00000
0.37366 0.00000 0.37366 0.37366
0.29207 0.00000 0.29207 0.29207
0.55228 0.00000 0.55228 0.55228
0.98538 0.00000 0.98538 0.98538
