# avg	std	min	max
0.29612 0.00000 0.29612 0.29612
-0.27436 0.00000 -0.27436 -0.27436
0.34664 0.00000 0.34664 0.34664
-0.06587 0.00000 -0.06587 -0.06587
0.27423 0.00000 0.27423 0.27423
0.00938 0.00000 0.00938 0.00938
0.26835 0.00000 0.26835 0.26835
0.40571 0.00000 0.40571 0.40571
0.05464 0.00000 0.05464 0.05464
0.15760 0.00000 0.15760 0.15760
0.29712 0.00000 0.29712 0.29712
0.44142 0.00000 0.44142 0.44142
0.26807 0.00000 0.26807 0.26807
-0.28755 0.00000 -0.28755 -0.28755
-0.52766 0.00000 -0.52766 -0.52766
0.18406 0.00000 0.18406 0.18406
-0.00140 0.00000 -0.00140 -0.00140
-0.21348 0.00000 -0.21348 -0.21348
-0.31216 0.00000 -0.31216 -0.31216
0.21041 0.00000 0.21041 0.21041
