# avg	std	min	max
4.83165 0.00000 4.83165 4.83165
4.57851 0.00000 4.57851 4.57851
3.71033 0.00000 3.71033 3.71033
2.22995 0.00000 2.22995 2.22995
2.85440 0.00000 2.85440 2.85440
1.23034 0.00000 1.23034 1.23034
-0.01362 0.00000 -0.01362 -0.01362
4.66848 0.00000 4.66848 4.66848
7.39447 0.00000 7.39447 7.39447
4.75294 0.00000 4.75294 4.75294
3.92956 0.00000 3.92956 3.92956
3.87047 0.00000 3.87047 3.87047
2.34722 0.00000 2.34722 2.34722
4.95720 0.00000 4.95720 4.95720
3.98216 0.00000 3.98216 3.98216
4.57655 0.00000 4.57655 4.57655
4.44372 0.00000 4.44372 4.44372
3.90755 0.00000 3.90755 3.90755
4.14273 0.00000 4.14273 4.14273
3.96747 0.00000 3.96747 3.96747
