# avg	std	min	max
7.18635 0.00000 7.18635 7.18635
5.50388 0.00000 5.50388 5.50388
1.65774 0.00000 1.65774 1.65774
1.25732 0.00000 1.25732 1.25732
-0.01129 0.00000 -0.01129 -0.01129
0.88099 0.00000 0.88099 0.88099
5.76989 0.00000 5.76989 5.76989
12.39210 0.00000 12.39210 12.39210
6.44375 0.00000 6.44375 6.44375
6.29064 0.00000 6.29064 6.29064
4.05202 0.00000 4.05202 4.05202
4.45367 0.00000 4.45367 4.45367
5.83572 0.00000 5.83572 5.83572
4.80901 0.00000 4.80901 4.80901
4.45539 0.00000 4.45539 4.45539
6.00912 0.00000 6.00912 6.00912
4.88303 0.00000 4.88303 4.88303
5.40973 0.00000 5.40973 5.40973
8.86550 0.00000 8.86550 8.86550
5.47073 0.00000 5.47073 5.47073
