# avg	std	min	max
0.38437 0.00000 0.38437 0.38437
0.25589 0.00000 0.25589 0.25589
0.31818 0.00000 0.31818 0.31818
0.12410 0.00000 0.12410 0.12410
0.14839 0.00000 0.14839 0.14839
-0.01531 0.00000 -0.01531 -0.01531
-0.11624 0.00000 -0.11624 -0.11624
-0.39665 0.00000 -0.39665 -0.39665
-0.95317 0.00000 -0.95317 -0.95317
-0.13171 0.00000 -0.13171 -0.13171
0.19345 0.00000 0.19345 0.19345
0.10853 0.00000 0.10853 0.10853
-0.07281 0.00000 -0.07281 -0.07281
-0.33129 0.00000 -0.33129 -0.33129
-0.06980 0.00000 -0.06980 -0.06980
0.33633 0.00000 0.33633 0.33633
-0.32673 0.00000 -0.32673 -0.32673
-0.00165 0.00000 -0.00165 -0.00165
-0.53905 0.00000 -0.53905 -0.53905
-0.15411 0.00000 -0.15411 -0.15411
