# avg	std	min	max
1.19565 0.00000 1.19565 1.19565
0.90614 0.00000 0.90614 0.90614
1.02799 0.00000 1.02799 1.02799
1.06081 0.00000 1.06081 1.06081
1.21239 0.00000 1.21239 1.21239
0.96546 0.00000 0.96546 0.96546
1.00547 0.00000 1.00547 1.00547
0.99691 0.00000 0.99691 0.99691
-0.00021 0.00000 -0.00021 -0.00021
1.06533 0.00000 1.06533 1.06533
1.00572 0.00000 1.00572 1.00572
1.14777 0.00000 1.14777 1.14777
0.99945 0.00000 0.99945 0.99945
1.19319 0.00000 1.19319 1.19319
1.14346 0.00000 1.14346 1.14346
1.04607 0.00000 1.04607 1.04607
0.55390 0.00000 0.55390 0.55390
1.02761 0.00000 1.02761 1.02761
1.02585 0.00000 1.02585 1.02585
1.08149 0.00000 1.08149 1.08149
