# avg	std	min	max
1.56842 0.00000 1.56842 1.56842
1.39426 0.00000 1.39426 1.39426
1.97436 0.00000 1.97436 1.97436
1.32397 0.00000 1.32397 1.32397
1.61347 0.00000 1.61347 1.61347
1.44426 0.00000 1.44426 1.44426
1.29407 0.00000 1.29407 1.29407
1.35847 0.00000 1.35847 1.35847
-0.00092 0.00000 -0.00092 -0.00092
1.57280 0.00000 1.57280 1.57280
1.86309 0.00000 1.86309 1.86309
1.44261 0.00000 1.44261 1.44261
1.45091 0.00000 1.45091 1.45091
1.44786 0.00000 1.44786 1.44786
0.98211 0.00000 0.98211 0.98211
1.44175 0.00000 1.44175 1.44175
1.59106 0.00000 1.59106 1.59106
1.29034 0.00000 1.29034 1.29034
0.93862 0.00000 0.93862 0.93862
1.45251 0.00000 1.45251 1.45251
