# avg	std	min	max
1.89561 0.00000 1.89561 1.89561
0.80089 0.00000 0.80089 0.80089
-0.20225 0.00000 -0.20225 -0.20225
0.06806 0.00000 0.06806 0.06806
-0.45961 0.00000 -0.45961 -0.45961
0.04186 0.00000 0.04186 0.04186
2.16964 0.00000 2.16964 2.16964
3.22255 0.00000 3.22255 3.22255
4.35866 0.00000 4.35866 4.35866
1.25182 0.00000 1.25182 1.25182
0.60234 0.00000 0.60234 0.60234
1.29694 0.00000 1.29694 1.29694
2.95799 0.00000 2.95799 2.95799
1.84495 0.00000 1.84495 1.84495
1.14757 0.00000 1.14757 1.14757
3.05507 0.00000 3.05507 3.05507
1.55392 0.00000 1.55392 1.55392
0.23684 0.00000 0.23684 0.23684
-0.02208 0.00000 -0.02208 -0.02208
1.48190 0.00000 1.48190 1.48190
