# avg	std	min	max
1.89990 0.00000 1.89990 1.89990
0.69530 0.00000 0.69530 0.69530
-1.50214 0.00000 -1.50214 -1.50214
1.05568 0.00000 1.05568 1.05568
-1.95119 0.00000 -1.95119 -1.95119
-1.50769 0.00000 -1.50769 -1.50769
-0.22896 0.00000 -0.22896 -0.22896
-0.63537 0.00000 -0.63537 -0.63537
1.66829 0.00000 1.66829 1.66829
1.44586 0.00000 1.44586 1.44586
-0.00170 0.00000 -0.00170 -0.00170
-0.13405 0.00000 -0.13405 -0.13405
-0.22040 0.00000 -0.22040 -0.22040
0.93493 0.00000 0.93493 0.93493
-0.10953 0.00000 -0.10953 -0.10953
1.74850 0.00000 1.74850 1.74850
0.91974 0.00000 0.91974 0.91974
0.21506 0.00000 0.21506 0.21506
-0.24600 0.00000 -0.24600 -0.24600
0.70634 0.00000 0.70634 0.70634
