# avg	std	min	max
5.87956 0.00000 5.87956 5.87956
3.72709 0.00000 3.72709 3.72709
0.00268 0.00000 0.00268 0.00268
-0.36096 0.00000 -0.36096 -0.36096
0.08495 0.00000 0.08495 0.08495
1.53214 0.00000 1.53214 1.53214
5.23025 0.00000 5.23025 5.23025
8.51698 0.00000 8.51698 8.51698
2.91030 0.00000 2.91030 2.91030
4.66982 0.00000 4.66982 4.66982
2.68513 0.00000 2.68513 2.68513
2.51894 0.00000 2.51894 2.51894
9.03086 0.00000 9.03086 9.03086
3.32375 0.00000 3.32375 3.32375
5.39596 0.00000 5.39596 5.39596
4.46413 0.00000 4.46413 4.46413
5.70217 0.00000 5.70217 5.70217
5.59051 0.00000 5.59051 5.59051
6.94216 0.00000 6.94216 6.94216
5.42623 0.00000 5.42623 5.42623
