# avg	std	min	max
2.16224 0.00000 2.16224 2.16224
0.84735 0.00000 0.84735 0.84735
1.26690 0.00000 1.26690 1.26690
-0.00997 0.00000 -0.00997 -0.00997
0.69667 0.00000 0.69667 0.69667
0.46880 0.00000 0.46880 0.46880
-0.18700 0.00000 -0.18700 -0.18700
0.00055 0.00000 0.00055 0.00055
2.82337 0.00000 2.82337 2.82337
1.55054 0.00000 1.55054 1.55054
1.31518 0.00000 1.31518 1.31518
0.95336 0.00000 0.95336 0.95336
-0.00112 0.00000 -0.00112 -0.00112
1.45806 0.00000 1.45806 1.45806
0.88240 0.00000 0.88240 0.88240
1.92456 0.00000 1.92456 1.92456
1.16307 0.00000 1.16307 1.16307
0.39480 0.00000 0.39480 0.39480
0.59371 0.00000 0.59371 0.59371
0.90443 0.00000 0.90443 0.90443
