# avg	std	min	max
0.76825 0.00000 0.76825 0.76825
-0.00000 0.00000 -0.00000 -0.00000
0.90371 0.00000 0.90371 0.90371
-0.08460 0.00000 -0.08460 -0.08460
0.31870 0.00000 0.31870 0.31870
-0.10472 0.00000 -0.10472 -0.10472
0.00217 0.00000 0.00217 0.00217
0.32305 0.00000 0.32305 0.32305
0.38989 0.00000 0.38989 0.38989
0.81300 0.00000 0.81300 0.81300
1.29567 0.00000 1.29567 1.29567
0.49818 0.00000 0.49818 0.49818
0.08052 0.00000 0.08052 0.08052
0.29919 0.00000 0.29919 0.29919
0.35132 0.00000 0.35132 0.35132
0.87992 0.00000 0.87992 0.87992
0.52876 0.00000 0.52876 0.52876
-0.05981 0.00000 -0.05981 -0.05981
-0.14812 0.00000 -0.14812 -0.14812
0.47730 0.00000 0.47730 0.47730
