# avg	std	min	max
0.19943 0.00000 0.19943 0.19943
0.00000 0.00000 0.00000 0.00000
0.33210 0.00000 0.33210 0.33210
0.09433 0.00000 0.09433 0.09433
0.26354 0.00000 0.26354 0.26354
0.06850 0.00000 0.06850 0.06850
0.03998 0.00000 0.03998 0.03998
0.01587 0.00000 0.01587 0.01587
-0.73011 0.00000 -0.73011 -0.73011
0.29645 0.00000 0.29645 0.29645
0.26055 0.00000 0.26055 0.26055
0.43622 0.00000 0.43622 0.43622
0.16869 0.00000 0.16869 0.16869
0.11484 0.00000 0.11484 0.11484
-0.56079 0.00000 -0.56079 -0.56079
0.38539 0.00000 0.38539 0.38539
0.26743 0.00000 0.26743 0.26743
-0.19585 0.00000 -0.19585 -0.19585
-0.15494 0.00000 -0.15494 -0.15494
0.42987 0.00000 0.42987 0.42987
