# avg	std	min	max
0.28921 0.00000 0.28921 0.28921
0.28119 0.00000 0.28119 0.28119
1.67739 0.00000 1.67739 1.67739
0.35081 0.00000 0.35081 0.35081
3.07705 0.00000 3.07705 3.07705
0.33696 0.00000 0.33696 0.33696
-0.01642 0.00000 -0.01642 -0.01642
0.24526 0.00000 0.24526 0.24526
4.48113 0.00000 4.48113 4.48113
0.69406 0.00000 0.69406 0.69406
1.01783 0.00000 1.01783 1.01783
0.21995 0.00000 0.21995 0.21995
-0.03805 0.00000 -0.03805 -0.03805
0.18106 0.00000 0.18106 0.18106
0.10550 0.00000 0.10550 0.10550
0.15813 0.00000 0.15813 0.15813
-0.00276 0.00000 -0.00276 -0.00276
0.02588 0.00000 0.02588 0.02588
0.29415 0.00000 0.29415 0.29415
0.16876 0.00000 0.16876 0.16876
