# avg	std	min	max
1.51260 0.00000 1.51260 1.51260
0.34896 0.00000 0.34896 0.34896
2.25533 0.00000 2.25533 2.25533
-1.58184 0.00000 -1.58184 -1.58184
2.48974 0.00000 2.48974 2.48974
-0.89083 0.00000 -0.89083 -0.89083
-1.27495 0.00000 -1.27495 -1.27495
0.79237 0.00000 0.79237 0.79237
-0.31761 0.00000 -0.31761 -0.31761
0.31951 0.00000 0.31951 0.31951
0.68019 0.00000 0.68019 0.68019
-0.35240 0.00000 -0.35240 -0.35240
-0.86501 0.00000 -0.86501 -0.86501
-0.08877 0.00000 -0.08877 -0.08877
-0.42651 0.00000 -0.42651 -0.42651
1.87720 0.00000 1.87720 1.87720
-0.01468 0.00000 -0.01468 -0.01468
-0.39732 0.00000 -0.39732 -0.39732
-0.64812 0.00000 -0.64812 -0.64812
0.26117 0.00000 0.26117 0.26117
