# avg	std	min	max
1.94525 0.00000 1.94525 1.94525
0.65920 0.00000 0.65920 0.65920
-1.48867 0.00000 -1.48867 -1.48867
-1.69931 0.00000 -1.69931 -1.69931
-2.29085 0.00000 -2.29085 -2.29085
-1.70970 0.00000 -1.70970 -1.70970
1.20287 0.00000 1.20287 1.20287
1.90840 0.00000 1.90840 1.90840
3.39826 0.00000 3.39826 3.39826
1.45122 0.00000 1.45122 1.45122
-0.18326 0.00000 -0.18326 -0.18326
0.33404 0.00000 0.33404 0.33404
2.06542 0.00000 2.06542 2.06542
-0.36989 0.00000 -0.36989 -0.36989
-0.20874 0.00000 -0.20874 -0.20874
1.03303 0.00000 1.03303 1.03303
-0.02213 0.00000 -0.02213 -0.02213
-0.63692 0.00000 -0.63692 -0.63692
-0.89254 0.00000 -0.89254 -0.89254
2.19070 0.00000 2.19070 2.19070
