# avg	std	min	max
0.24163 0.00000 0.24163 0.24163
0.37520 0.00000 0.37520 0.37520
0.29195 0.00000 0.29195 0.29195
-0.35402 0.00000 -0.35402 -0.35402
0.07420 0.00000 0.07420 0.07420
0.05628 0.00000 0.05628 0.05628
-0.67763 0.00000 -0.67763 -0.67763
-0.28292 0.00000 -0.28292 -0.28292
0.34359 0.00000 0.34359 0.34359
0.13901 0.00000 0.13901 0.13901
0.19680 0.00000 0.19680 0.19680
0.01504 0.00000 0.01504 0.01504
-0.57301 0.00000 -0.57301 -0.57301
-0.42727 0.00000 -0.42727 -0.42727
-0.45089 0.00000 -0.45089 -0.45089
-0.18428 0.00000 -0.18428 -0.18428
-0.04691 0.00000 -0.04691 -0.04691
-0.25761 0.00000 -0.25761 -0.25761
-0.52495 0.00000 -0.52495 -0.52495
0.03209 0.00000 0.03209 0.03209
