# avg	std	min	max
-0.00000 0.00000 -0.00000 -0.00000
3.42702 0.00000 3.42702 3.42702
7.76315 0.00000 7.76315 7.76315
4.88472 0.00000 4.88472 4.88472
11.13674 0.00000 11.13674 11.13674
4.15139 0.00000 4.15139 4.15139
3.87746 0.00000 3.87746 3.87746
3.64980 0.00000 3.64980 3.64980
6.59788 0.00000 6.59788 6.59788
3.78416 0.00000 3.78416 3.78416
7.98426 0.00000 7.98426 7.98426
5.06511 0.00000 5.06511 5.06511
4.41732 0.00000 4.41732 4.41732
3.68036 0.00000 3.68036 3.68036
3.45761 0.00000 3.45761 3.45761
4.13834 0.00000 4.13834 4.13834
5.76212 0.00000 5.76212 5.76212
3.58753 0.00000 3.58753 3.58753
3.13871 0.00000 3.13871 3.13871
4.70265 0.00000 4.70265 4.70265
