# avg	std	min	max
0.61127 0.00000 0.61127 0.61127
0.33310 0.00000 0.33310 0.33310
-0.05711 0.00000 -0.05711 -0.05711
-0.48566 0.00000 -0.48566 -0.48566
-0.20298 0.00000 -0.20298 -0.20298
-0.90133 0.00000 -0.90133 -0.90133
-0.92370 0.00000 -0.92370 -0.92370
0.36124 0.00000 0.36124 0.36124
2.87175 0.00000 2.87175 2.87175
0.25232 0.00000 0.25232 0.25232
-0.22358 0.00000 -0.22358 -0.22358
-0.00739 0.00000 -0.00739 -0.00739
-1.39094 0.00000 -1.39094 -1.39094
0.44826 0.00000 0.44826 0.44826
0.04400 0.00000 0.04400 0.04400
0.57175 0.00000 0.57175 0.57175
0.42322 0.00000 0.42322 0.42322
0.00010 0.00000 0.00010 0.00010
0.12136 0.00000 0.12136 0.12136
0.26327 0.00000 0.26327 0.26327
