# avg	std	min	max
1.51116 0.00000 1.51116 1.51116
0.69100 0.00000 0.69100 0.69100
0.82527 0.00000 0.82527 0.82527
0.00013 0.00000 0.00013 0.00013
0.03708 0.00000 0.03708 0.03708
0.13173 0.00000 0.13173 0.13173
0.34484 0.00000 0.34484 0.34484
0.83493 0.00000 0.83493 0.83493
1.90192 0.00000 1.90192 1.90192
0.42020 0.00000 0.42020 0.42020
0.67819 0.00000 0.67819 0.67819
1.22549 0.00000 1.22549 1.22549
0.46173 0.00000 0.46173 0.46173
0.56476 0.00000 0.56476 0.56476
0.48937 0.00000 0.48937 0.48937
0.78891 0.00000 0.78891 0.78891
0.73507 0.00000 0.73507 0.73507
-0.28447 0.00000 -0.28447 -0.28447
-0.14924 0.00000 -0.14924 -0.14924
0.14941 0.00000 0.14941 0.14941
