# avg	std	min	max
6.40817 0.00000 6.40817 6.40817
4.44304 0.00000 4.44304 4.44304
3.29531 0.00000 3.29531 3.29531
-0.00572 0.00000 -0.00572 -0.00572
2.68556 0.00000 2.68556 2.68556
-0.01250 0.00000 -0.01250 -0.01250
2.38612 0.00000 2.38612 2.38612
1.29141 0.00000 1.29141 1.29141
9.21564 0.00000 9.21564 9.21564
5.65487 0.00000 5.65487 5.65487
4.18031 0.00000 4.18031 4.18031
3.50611 0.00000 3.50611 3.50611
1.34869 0.00000 1.34869 1.34869
4.16666 0.00000 4.16666 4.16666
3.48349 0.00000 3.48349 3.48349
5.39313 0.00000 5.39313 5.39313
4.81080 0.00000 4.81080 4.81080
2.77847 0.00000 2.77847 2.77847
2.70472 0.00000 2.70472 2.70472
3.57464 0.00000 3.57464 3.57464
