# avg	std	min	max
4.09455 0.00000 4.09455 4.09455
3.28134 0.00000 3.28134 3.28134
1.61726 0.00000 1.61726 1.61726
-0.01294 0.00000 -0.01294 -0.01294
0.59155 0.00000 0.59155 0.59155
0.13161 0.00000 0.13161 0.13161
1.92017 0.00000 1.92017 1.92017
1.10525 0.00000 1.10525 1.10525
4.63405 0.00000 4.63405 4.63405
3.54038 0.00000 3.54038 3.54038
2.44782 0.00000 2.44782 2.44782
2.28909 0.00000 2.28909 2.28909
2.18188 0.00000 2.18188 2.18188
3.02872 0.00000 3.02872 3.02872
2.38303 0.00000 2.38303 2.38303
3.45565 0.00000 3.45565 3.45565
2.92799 0.00000 2.92799 2.92799
1.18842 0.00000 1.18842 1.18842
1.44708 0.00000 1.44708 1.44708
2.57189 0.00000 2.57189 2.57189
