# avg	std	min	max
3.11787 0.00000 3.11787 3.11787
2.51453 0.00000 2.51453 2.51453
1.91860 0.00000 1.91860 1.91860
-0.03672 0.00000 -0.03672 -0.03672
0.37455 0.00000 0.37455 0.37455
0.04279 0.00000 0.04279 0.04279
1.13351 0.00000 1.13351 1.13351
2.70699 0.00000 2.70699 2.70699
7.75177 0.00000 7.75177 7.75177
3.35354 0.00000 3.35354 3.35354
2.63571 0.00000 2.63571 2.63571
2.32503 0.00000 2.32503 2.32503
1.44483 0.00000 1.44483 1.44483
3.08248 0.00000 3.08248 3.08248
2.67516 0.00000 2.67516 2.67516
3.71224 0.00000 3.71224 3.71224
2.91814 0.00000 2.91814 2.91814
1.85254 0.00000 1.85254 1.85254
1.44281 0.00000 1.44281 1.44281
2.45862 0.00000 2.45862 2.45862
