# avg	std	min	max
1.50491 0.00000 1.50491 1.50491
0.82767 0.00000 0.82767 0.82767
0.44082 0.00000 0.44082 0.44082
-0.64755 0.00000 -0.64755 -0.64755
-0.00483 0.00000 -0.00483 -0.00483
-0.83347 0.00000 -0.83347 -0.83347
-0.91207 0.00000 -0.91207 -0.91207
-0.45798 0.00000 -0.45798 -0.45798
5.09650 0.00000 5.09650 5.09650
1.23999 0.00000 1.23999 1.23999
0.88190 0.00000 0.88190 0.88190
0.71987 0.00000 0.71987 0.71987
-1.04238 0.00000 -1.04238 -1.04238
0.72529 0.00000 0.72529 0.72529
0.56398 0.00000 0.56398 0.56398
2.62160 0.00000 2.62160 2.62160
1.37974 0.00000 1.37974 1.37974
-0.48783 0.00000 -0.48783 -0.48783
-0.00000 0.00000 -0.00000 -0.00000
0.10434 0.00000 0.10434 0.10434
