# avg	std	min	max
0.51451 0.00000 0.51451 0.51451
0.34375 0.00000 0.34375 0.34375
0.01729 0.00000 0.01729 0.01729
-0.89316 0.00000 -0.89316 -0.89316
-0.18591 0.00000 -0.18591 -0.18591
-0.91852 0.00000 -0.91852 -0.91852
-0.53644 0.00000 -0.53644 -0.53644
-0.84776 0.00000 -0.84776 -0.84776
4.28084 0.00000 4.28084 4.28084
0.00028 0.00000 0.00028 0.00028
0.00650 0.00000 0.00650 0.00650
-0.10078 0.00000 -0.10078 -0.10078
-0.25088 0.00000 -0.25088 -0.25088
0.12981 0.00000 0.12981 0.12981
-0.48579 0.00000 -0.48579 -0.48579
0.88650 0.00000 0.88650 0.88650
0.30136 0.00000 0.30136 0.30136
-0.64008 0.00000 -0.64008 -0.64008
-0.86387 0.00000 -0.86387 -0.86387
-0.03070 0.00000 -0.03070 -0.03070
