# avg	std	min	max
1.42789 0.00000 1.42789 1.42789
0.76257 0.00000 0.76257 0.76257
-0.70614 0.00000 -0.70614 -0.70614
-0.89255 0.00000 -0.89255 -0.89255
-1.32150 0.00000 -1.32150 -1.32150
-0.92783 0.00000 -0.92783 -0.92783
-0.01545 0.00000 -0.01545 -0.01545
0.48396 0.00000 0.48396 0.48396
2.77898 0.00000 2.77898 2.77898
1.28484 0.00000 1.28484 1.28484
0.00244 0.00000 0.00244 0.00244
0.44986 0.00000 0.44986 0.44986
-0.00791 0.00000 -0.00791 -0.00791
-0.18673 0.00000 -0.18673 -0.18673
0.38207 0.00000 0.38207 0.38207
0.22037 0.00000 0.22037 0.22037
0.51121 0.00000 0.51121 0.51121
-0.05597 0.00000 -0.05597 -0.05597
0.13723 0.00000 0.13723 0.13723
0.62140 0.00000 0.62140 0.62140
