# avg	std	min	max
4.54271 0.00000 4.54271 4.54271
2.74621 0.00000 2.74621 2.74621
-0.00001 0.00000 -0.00001 -0.00001
1.08079 0.00000 1.08079 1.08079
1.87894 0.00000 1.87894 1.87894
2.03993 0.00000 2.03993 2.03993
6.12663 0.00000 6.12663 6.12663
12.73873 0.00000 12.73873 12.73873
6.63394 0.00000 6.63394 6.63394
4.24264 0.00000 4.24264 4.24264
2.76570 0.00000 2.76570 2.76570
1.97051 0.00000 1.97051 1.97051
8.18723 0.00000 8.18723 8.18723
3.18965 0.00000 3.18965 3.18965
5.15958 0.00000 5.15958 5.15958
4.01391 0.00000 4.01391 4.01391
5.33299 0.00000 5.33299 5.33299
5.17778 0.00000 5.17778 5.17778
6.53076 0.00000 6.53076 6.53076
9.02661 0.00000 9.02661 9.02661
