# avg	std	min	max
4.78885 0.00000 4.78885 4.78885
2.59696 0.00000 2.59696 2.59696
-0.00097 0.00000 -0.00097 -0.00097
2.28580 0.00000 2.28580 2.28580
1.54120 0.00000 1.54120 1.54120
-0.20395 0.00000 -0.20395 -0.20395
5.04892 0.00000 5.04892 5.04892
11.88216 0.00000 11.88216 11.88216
5.89122 0.00000 5.89122 5.89122
3.94518 0.00000 3.94518 3.94518
2.50851 0.00000 2.50851 2.50851
2.14596 0.00000 2.14596 2.14596
8.41078 0.00000 8.41078 8.41078
2.31712 0.00000 2.31712 2.31712
3.71507 0.00000 3.71507 3.71507
3.77911 0.00000 3.77911 3.77911
2.58577 0.00000 2.58577 2.58577
5.94958 0.00000 5.94958 5.94958
8.24105 0.00000 8.24105 8.24105
8.17607 0.00000 8.17607 8.17607
