# avg	std	min	max
3.76101 0.00000 3.76101 3.76101
2.53326 0.00000 2.53326 2.53326
-0.00231 0.00000 -0.00231 -0.00231
-0.28999 0.00000 -0.28999 -0.28999
-0.48745 0.00000 -0.48745 -0.48745
-0.30506 0.00000 -0.30506 -0.30506
3.82285 0.00000 3.82285 3.82285
5.07003 0.00000 5.07003 5.07003
5.09383 0.00000 5.09383 5.09383
2.57347 0.00000 2.57347 2.57347
1.44702 0.00000 1.44702 1.44702
1.45273 0.00000 1.45273 1.45273
3.27076 0.00000 3.27076 3.27076
2.38579 0.00000 2.38579 2.38579
2.34933 0.00000 2.34933 2.34933
4.48479 0.00000 4.48479 4.48479
3.62488 0.00000 3.62488 3.62488
3.01423 0.00000 3.01423 3.01423
2.18993 0.00000 2.18993 2.18993
4.04688 0.00000 4.04688 4.04688
