# avg	std	min	max
5.42602 0.00000 5.42602 5.42602
3.35937 0.00000 3.35937 3.35937
-0.00277 0.00000 -0.00277 -0.00277
0.37685 0.00000 0.37685 0.37685
-0.72826 0.00000 -0.72826 -0.72826
1.55735 0.00000 1.55735 1.55735
4.03062 0.00000 4.03062 4.03062
10.61067 0.00000 10.61067 10.61067
3.64457 0.00000 3.64457 3.64457
4.40676 0.00000 4.40676 4.40676
2.52534 0.00000 2.52534 2.52534
2.60189 0.00000 2.60189 2.60189
6.30750 0.00000 6.30750 6.30750
3.58784 0.00000 3.58784 3.58784
4.61185 0.00000 4.61185 4.61185
4.88169 0.00000 4.88169 4.88169
5.66121 0.00000 5.66121 5.66121
3.91258 0.00000 3.91258 3.91258
7.48956 0.00000 7.48956 7.48956
6.14978 0.00000 6.14978 6.14978
