# avg	std	min	max
0.24586 0.00000 0.24586 0.24586
-0.02483 0.00000 -0.02483 -0.02483
0.00214 0.00000 0.00214 0.00214
-0.05251 0.00000 -0.05251 -0.05251
0.05514 0.00000 0.05514 0.05514
0.00765 0.00000 0.00765 0.00765
-0.01359 0.00000 -0.01359 -0.01359
-0.03679 0.00000 -0.03679 -0.03679
0.20399 0.00000 0.20399 0.20399
0.09146 0.00000 0.09146 0.09146
-0.02865 0.00000 -0.02865 -0.02865
0.09512 0.00000 0.09512 0.09512
0.03571 0.00000 0.03571 0.03571
0.13510 0.00000 0.13510 0.13510
-0.42024 0.00000 -0.42024 -0.42024
-0.05128 0.00000 -0.05128 -0.05128
0.04056 0.00000 0.04056 0.04056
-0.58544 0.00000 -0.58544 -0.58544
-0.68277 0.00000 -0.68277 -0.68277
0.10836 0.00000 0.10836 0.10836
