# avg	std	min	max
5.98799 0.00000 5.98799 5.98799
4.39932 0.00000 4.39932 4.39932
3.04711 0.00000 3.04711 3.04711
1.36038 0.00000 1.36038 1.36038
1.54578 0.00000 1.54578 1.54578
1.02122 0.00000 1.02122 1.02122
0.36749 0.00000 0.36749 0.36749
0.87021 0.00000 0.87021 0.87021
6.78875 0.00000 6.78875 6.78875
4.83582 0.00000 4.83582 4.83582
3.85993 0.00000 3.85993 3.85993
3.94794 0.00000 3.94794 3.94794
-0.01260 0.00000 -0.01260 -0.01260
4.51587 0.00000 4.51587 4.51587
3.56151 0.00000 3.56151 3.56151
5.23708 0.00000 5.23708 5.23708
4.36394 0.00000 4.36394 4.36394
3.18004 0.00000 3.18004 3.18004
3.08033 0.00000 3.08033 3.08033
3.15070 0.00000 3.15070 3.15070
